Selection	View	Channel	Begin Time (s)	End Time (s)	Low Freq (Hz)	High Freq (Hz)	Begin File	Delta Time (s)	File Offset (s)	call variant	level	call cutoff @ end	calls overlap	Notes	false positive
1	Spectrogram 1	1	1.596264288	1.699666023	32.328	213.362	3001.DSG_RAWD_HMS_21_55_ 0__DMY_16_ 8_15.wav	0.1034	1.5963	3	1	2	2		2
4	Spectrogram 1	1	2.255450350	3.386406829	43.103	146.552	3001.DSG_RAWD_HMS_21_55_ 0__DMY_16_ 8_15.wav	1.1310	2.2555	1	2	2	2		2
5	Spectrogram 1	1	4.549681781	6.288123455	25.862	165.948	3001.DSG_RAWD_HMS_21_55_ 0__DMY_16_ 8_15.wav	1.7384	4.5497	1	2	2	2		2
6	Spectrogram 1	1	6.837445173	10.630996335	24.784	220.905	3001.DSG_RAWD_HMS_21_55_ 0__DMY_16_ 8_15.wav	3.7936	6.8374	1	2	1	2		2
7	Spectrogram 1	1	14.198293441	17.797966350	25.862	216.595	3002.DSG_RAWD_HMS_22_ 0_ 0__DMY_16_ 8_15.wav	3.5997	3.5487	1	2	2	1		1
8	Spectrogram 1	1	15.380950788	15.497277740	26.940	215.517	3002.DSG_RAWD_HMS_22_ 0_ 0__DMY_16_ 8_15.wav	0.1163	4.7314	3	2	2	1		2
9	Spectrogram 1	1	17.862534754	21.294179843	25.862	191.810	3002.DSG_RAWD_HMS_22_ 0_ 0__DMY_16_ 8_15.wav	3.4316	7.2129	1	2	1	2		2
10	Spectrogram 1	1	21.326471965	24.234645769	34.483	221.983	3003.DSG_RAWD_HMS_22_ 5_ 0__DMY_16_ 8_15.wav	2.9082	0.0273	1	1	1	2		2
11	Spectrogram 1	1	24.422061059	24.738728873	46.336	109.914	3003.DSG_RAWD_HMS_22_ 5_ 0__DMY_16_ 8_15.wav	0.3167	3.1229	1	2	2	2		2
12	Spectrogram 1	1	25.527167104	28.079897443	25.862	206.897	3003.DSG_RAWD_HMS_22_ 5_ 0__DMY_16_ 8_15.wav	2.5527	4.2280	1	1	2	2		2
13	Spectrogram 1	1	30.600314740	31.938074690	35.560	151.940	3003.DSG_RAWD_HMS_22_ 5_ 0__DMY_16_ 8_15.wav	1.3378	9.3011	1	2	1	2		2
14	Spectrogram 1	1	31.970392529	33.624820293	38.793	184.267	3004.DSG_RAWD_HMS_22_10_ 0__DMY_16_ 8_15.wav	1.6544	0.0216	1	2	1	2		2
15	Spectrogram 1	1	33.967338541	34.885028941	35.560	148.707	3004.DSG_RAWD_HMS_22_10_ 0__DMY_16_ 8_15.wav	0.9177	2.0185	1	2	2	2		2
16	Spectrogram 1	1	34.949653224	39.227900020	23.707	202.586	3004.DSG_RAWD_HMS_22_10_ 0__DMY_16_ 8_15.wav	4.2782	3.0009	1	2	2	2		2
17	Spectrogram 1	1	39.324834376	42.575526428	32.328	190.733	3004.DSG_RAWD_HMS_22_10_ 0__DMY_16_ 8_15.wav	3.2507	7.3760	1	2	1	2		2
18	Spectrogram 1	1	42.627207056	50.640841538	32.328	200.431	3005.DSG_RAWD_HMS_22_15_ 0__DMY_16_ 8_15.wav	8.0136	0.0288	1	2	1	2		2
19	Spectrogram 1	1	50.802407284	53.225885454	35.560	171.336	3005.DSG_RAWD_HMS_22_15_ 0__DMY_16_ 8_15.wav	2.4235	8.2040	1	2	1	2		2
20	Spectrogram 1	1	53.276290384	63.841562237	28.017	290.948	3006.DSG_RAWD_HMS_22_20_ 0__DMY_16_ 8_15.wav	10.5653	0.0283	6	1	1	1		2
21	Spectrogram 1	1	63.951214387	74.479928205	40.948	206.897	3007.DSG_RAWD_HMS_22_25_ 0__DMY_16_ 8_15.wav	10.5287	0.0536	6	2	1	1		2
22	Spectrogram 1	1	74.562123090	85.182231993	33.405	258.621	3008.DSG_RAWD_HMS_22_30_ 0__DMY_16_ 8_15.wav	10.6201	0.0149	6	1	1	1		2
23	Spectrogram 1	1	85.254359424	95.819631276	39.871	191.810	3009.DSG_RAWD_HMS_22_35_ 0__DMY_16_ 8_15.wav	10.5653	0.0576	6	2	1	1		2
24	Spectrogram 1	1	95.874440063	106.467130440	37.716	206.897	3010.DSG_RAWD_HMS_22_40_ 0__DMY_16_ 8_15.wav	10.5927	0.0280	6	2	1	1		2
25	Spectrogram 1	1	106.549362377	117.123773737	30.172	223.060	3011.DSG_RAWD_HMS_22_45_ 0__DMY_16_ 8_15.wav	10.5744	0.0534	6	2	1	1		2
26	Spectrogram 1	1	117.178585882	127.752997243	34.483	232.759	3012.DSG_RAWD_HMS_22_50_ 0__DMY_16_ 8_15.wav	10.5744	0.0330	6	2	1	1		2
27	Spectrogram 1	1	127.844367421	138.400499765	33.405	237.069	3013.DSG_RAWD_HMS_22_55_ 0__DMY_16_ 8_15.wav	10.5561	0.0492	6	2	1	1		2
28	Spectrogram 1	1	138.473562260	149.075392146	31.250	200.431	3014.DSG_RAWD_HMS_23_ 0_ 0__DMY_16_ 8_15.wav	10.6018	0.0288	6	2	1	1		2
29	Spectrogram 1	1	149.130178100	159.695449952	35.560	205.819	3015.DSG_RAWD_HMS_23_ 5_ 0__DMY_16_ 8_15.wav	10.5653	0.0358	6	2	1	1		2
30	Spectrogram 1	1	159.777663142	170.352074502	34.483	197.198	3016.DSG_RAWD_HMS_23_10_ 0__DMY_16_ 8_15.wav	10.5744	0.0337	6	2	1	1		2
31	Spectrogram 1	1	170.397733880	180.990424257	31.250	195.043	3017.DSG_RAWD_HMS_23_15_ 0__DMY_16_ 8_15.wav	10.5927	0.0041	6	2	1	1		2
32	Spectrogram 1	1	183.777947339	186.017126928	30.172	227.371	3018.DSG_RAWD_HMS_23_20_ 0__DMY_16_ 8_15.wav	2.2392	2.7347	1	2	2	2		2
33	Spectrogram 1	1	186.081103487	191.665343194	37.716	221.983	3018.DSG_RAWD_HMS_23_20_ 0__DMY_16_ 8_15.wav	5.5842	5.0379	1	2	1	2		2
34	Spectrogram 1	1	191.756716328	193.337851303	40.948	181.034	3019.DSG_RAWD_HMS_23_25_ 0__DMY_16_ 8_15.wav	1.5811	0.0639	1	2	1	2		1
37	Spectrogram 1	1	193.628361401	198.992326417	32.328	200.431	3019.DSG_RAWD_HMS_23_25_ 0__DMY_16_ 8_15.wav	5.3640	1.9356	2	2	2	2		2
38	Spectrogram 1	1	201.810151871	201.956384007	22.629	212.284	3019.DSG_RAWD_HMS_23_25_ 0__DMY_16_ 8_15.wav	0.1462	10.1174	3	2	2	2		2
39	Spectrogram 1	1	209.457371040	212.969488400	34.483	192.888	3020.DSG_RAWD_HMS_23_30_ 0__DMY_16_ 8_15.wav	3.5121	7.1150	2	2	1	2		2
40	Spectrogram 1	1	216.131733442	216.780638547	45.259	151.940	3021.DSG_RAWD_HMS_23_35_ 0__DMY_16_ 8_15.wav	0.6489	3.1397	1	3	2	2		1
41	Spectrogram 1	1	218.910144033	219.001539118	26.940	158.405	3021.DSG_RAWD_HMS_23_35_ 0__DMY_16_ 8_15.wav	0.0914	5.9181	3	1	2	2		2
42	Spectrogram 1	1	223.137158477	223.607851414	34.483	175.647	3021.DSG_RAWD_HMS_23_35_ 0__DMY_16_ 8_15.wav	0.4707	10.1452	1	2	1	2		2
43	Spectrogram 1	1	223.644383697	226.258283134	39.871	168.103	3022.DSG_RAWD_HMS_23_40_ 0__DMY_16_ 8_15.wav	2.6139	0.0028	1	2	1	2		1
44	Spectrogram 1	1	230.508144888	231.001678348	34.483	153.017	3022.DSG_RAWD_HMS_23_40_ 0__DMY_16_ 8_15.wav	0.4935	6.8665	1	2	2	2		1
45	Spectrogram 1	1	234.355862779	236.896646148	45.259	185.345	3023.DSG_RAWD_HMS_23_45_ 0__DMY_16_ 8_15.wav	2.5408	0.0647	1	3	1	2		2
46	Spectrogram 1	1	240.451915385	244.930274561	53.879	182.112	3023.DSG_RAWD_HMS_23_45_ 0__DMY_16_ 8_15.wav	4.4784	6.1607	1	3	1	2		2
47	Spectrogram 1	1	266.782758080	266.919850708	37.716	150.862	3026.DSG_RAWD_HMS_ 0_ 0_ 0__DMY_17_ 8_15.wav	0.1371	0.5428	3	2	2	2		2
48	Spectrogram 1	1	274.432513666	276.589437677	32.328	183.190	3026.DSG_RAWD_HMS_ 0_ 0_ 0__DMY_17_ 8_15.wav	2.1569	8.1925	1	2	2	2		2
50	Spectrogram 1	1	290.490577986	290.636675601	24.784	126.078	3028.DSG_RAWD_HMS_ 0_10_ 0__DMY_17_ 8_15.wav	0.1461	2.9514	3	2	2	2		2
51	Spectrogram 1	1	293.387802188	293.506615798	29.095	181.034	3028.DSG_RAWD_HMS_ 0_10_ 0__DMY_17_ 8_15.wav	0.1188	5.8486	3	2	2	2		2
52	Spectrogram 1	1	307.380339693	307.490013795	21.552	214.440	3029.DSG_RAWD_HMS_ 0_15_ 0__DMY_17_ 8_15.wav	0.1097	9.1915	3	2	2	2		2
53	Spectrogram 1	1	311.374283887	311.502237006	23.707	153.017	3030.DSG_RAWD_HMS_ 0_20_ 0__DMY_17_ 8_15.wav	0.1280	2.5359	3	2	2	2		2
54	Spectrogram 1	1	329.196299429	329.909181094	49.569	148.707	3031.DSG_RAWD_HMS_ 0_25_ 0__DMY_17_ 8_15.wav	0.7129	9.7083	1	3	2	2		1
55	Spectrogram 1	1	354.096521247	355.993247867	60.345	157.328	3034.DSG_RAWD_HMS_ 0_40_ 0__DMY_17_ 8_15.wav	1.8967	2.6597	1	3	2	2		1
56	Spectrogram 1	1	362.116697892	365.982709997	40.948	139.009	3035.DSG_RAWD_HMS_ 0_45_ 0__DMY_17_ 8_15.wav	3.8660	0.0303	1	3	1	2		1
57	Spectrogram 1	1	366.942349527	367.080667309	30.172	146.552	3035.DSG_RAWD_HMS_ 0_45_ 0__DMY_17_ 8_15.wav	0.1383	4.8559	3	3	2	2		2
58	Spectrogram 1	1	385.897644611	386.025597731	24.784	128.233	3037.DSG_RAWD_HMS_ 0_55_ 0__DMY_17_ 8_15.wav	0.1280	2.5120	3	2	2	2		2
59	Spectrogram 1	1	392.295284958	392.432377586	36.638	127.155	3037.DSG_RAWD_HMS_ 0_55_ 0__DMY_17_ 8_15.wav	0.1371	8.9097	3	2	2	2		1
60	Spectrogram 1	1	392.542051688	392.642586282	44.181	129.310	3037.DSG_RAWD_HMS_ 0_55_ 0__DMY_17_ 8_15.wav	0.1005	9.1565	3	3	2	2		1
61	Spectrogram 1	1	405.510985998	405.593241574	51.724	146.552	3039.DSG_RAWD_HMS_ 1_ 5_ 0__DMY_17_ 8_15.wav	0.0823	0.8262	3	2	2	2		2
62	Spectrogram 1	1	406.406657833	407.978653299	40.948	154.095	3039.DSG_RAWD_HMS_ 1_ 5_ 0__DMY_17_ 8_15.wav	1.5720	1.7219	1	3	2	2		1
63	Spectrogram 1	1	416.528622414	416.610877991	39.871	173.491	3040.DSG_RAWD_HMS_ 1_10_ 0__DMY_17_ 8_15.wav	0.0823	1.1942	3	2	2	2		2
64	Spectrogram 1	1	422.780046243	422.862301820	32.328	157.328	3040.DSG_RAWD_HMS_ 1_10_ 0__DMY_17_ 8_15.wav	0.0823	7.4456	3	2	2	2		2
65	Spectrogram 1	1	436.662911987	437.713955467	44.181	129.310	3042.DSG_RAWD_HMS_ 1_20_ 0__DMY_17_ 8_15.wav	1.0510	0.0293	1	3	1	2		1
66	Spectrogram 1	1	441.717049224	441.808444309	45.259	130.388	3042.DSG_RAWD_HMS_ 1_20_ 0__DMY_17_ 8_15.wav	0.0914	5.0834	3	3	2	2		2
67	Spectrogram 1	1	450.746863381	450.874816501	20.474	142.241	3043.DSG_RAWD_HMS_ 1_25_ 0__DMY_17_ 8_15.wav	0.1280	3.4637	3	2	2	2		2
68	Spectrogram 1	1	453.516134464	453.662366600	28.017	119.612	3043.DSG_RAWD_HMS_ 1_25_ 0__DMY_17_ 8_15.wav	0.1462	6.2329	3	2	2	2		2
69	Spectrogram 1	1	465.205532514	465.342625142	30.172	297.414	3044.DSG_RAWD_HMS_ 1_30_ 0__DMY_17_ 8_15.wav	0.1371	7.2727	3	2	2	2		2
71	Spectrogram 1	1	497.605034504	497.723848115	40.948	134.698	3047.DSG_RAWD_HMS_ 1_45_ 0__DMY_17_ 8_15.wav	0.1188	7.7234	3	2	2	2		2
72	Spectrogram 1	1	512.529813506	512.709332972	39.871	142.241	3049.DSG_RAWD_HMS_ 1_55_ 0__DMY_17_ 8_15.wav	0.1795	0.9394	3	3	2	2		2
73	Spectrogram 1	1	523.954154086	524.094897901	42.026	147.629	3050.DSG_RAWD_HMS_ 2_ 0_ 0__DMY_17_ 8_15.wav	0.1407	1.7142	3	3	2	2		1
74	Spectrogram 1	1	543.823387569	546.519542583	35.560	127.155	3052.DSG_RAWD_HMS_ 2_10_ 0__DMY_17_ 8_15.wav	2.6962	0.2842	1	3	1	2		1
75	Spectrogram 1	1	551.783870058	551.893544160	26.940	173.491	3052.DSG_RAWD_HMS_ 2_10_ 0__DMY_17_ 8_15.wav	0.1097	8.2447	3	2	2	2		2
76	Spectrogram 1	1	552.898890097	554.169281782	40.948	135.776	3052.DSG_RAWD_HMS_ 2_10_ 0__DMY_17_ 8_15.wav	1.2704	9.3597	1	3	1	2		1
77	Spectrogram 1	1	564.478610381	564.807632688	52.802	125.000	3053.DSG_RAWD_HMS_ 2_15_ 0__DMY_17_ 8_15.wav	0.3290	10.2898	1	3	1	2		1
78	Spectrogram 1	1	573.078861402	573.188535504	36.638	139.009	3054.DSG_RAWD_HMS_ 2_20_ 0__DMY_17_ 8_15.wav	0.1097	8.2405	3	2	2	2		2
79	Spectrogram 1	1	580.929686194	581.039360296	26.940	197.198	3055.DSG_RAWD_HMS_ 2_25_ 0__DMY_17_ 8_15.wav	0.1097	5.4417	3	1	2	2		2
80	Spectrogram 1	1	588.032126574	588.123521659	32.328	135.776	3056.DSG_RAWD_HMS_ 2_30_ 0__DMY_17_ 8_15.wav	0.0914	1.8945	3	2	2	2		2
81	Spectrogram 1	1	590.792258147	590.901932250	32.328	128.233	3056.DSG_RAWD_HMS_ 2_30_ 0__DMY_17_ 8_15.wav	0.1097	4.6547	3	2	2	2		2
82	Spectrogram 1	1	591.541697846	591.715348508	31.250	137.931	3056.DSG_RAWD_HMS_ 2_30_ 0__DMY_17_ 8_15.wav	0.1737	5.4041	3	2	2	2		2
83	Spectrogram 1	1	610.643207376	610.780300004	33.405	158.405	3058.DSG_RAWD_HMS_ 2_40_ 0__DMY_17_ 8_15.wav	0.1371	3.2064	3	3	2	2		2
84	Spectrogram 1	1	625.074461898	625.156717475	30.172	117.457	3059.DSG_RAWD_HMS_ 2_45_ 0__DMY_17_ 8_15.wav	0.0823	6.9881	3	2	2	2		2
85	Spectrogram 1	1	645.208717585	645.757088096	47.414	118.534	3061.DSG_RAWD_HMS_ 2_55_ 0__DMY_17_ 8_15.wav	0.5484	5.8231	1	3	2	2		1
86	Spectrogram 1	1	669.208990884	669.355223020	39.871	125.000	3063.DSG_RAWD_HMS_ 3_ 5_ 0__DMY_17_ 8_15.wav	0.1462	8.5242	3	2	2	2		2
87	Spectrogram 1	1	675.131378514	675.250192125	44.181	140.086	3064.DSG_RAWD_HMS_ 3_10_ 0__DMY_17_ 8_15.wav	0.1188	3.7970	3	3	2	2		1
88	Spectrogram 1	1	701.288593650	701.398267752	37.716	136.853	3066.DSG_RAWD_HMS_ 3_20_ 0__DMY_17_ 8_15.wav	0.1097	8.6550	3	2	2	2		2
89	Spectrogram 1	1	705.465335536	705.529312096	86.207	196.121	3067.DSG_RAWD_HMS_ 3_25_ 0__DMY_17_ 8_15.wav	0.0640	2.1821	3	2	2	1		1
90	Spectrogram 1	1	705.584149147	705.657265215	84.052	199.353	3067.DSG_RAWD_HMS_ 3_25_ 0__DMY_17_ 8_15.wav	0.0731	2.3009	3	2	2	1		1
91	Spectrogram 1	1	727.765684829	727.893637949	37.716	179.957	3069.DSG_RAWD_HMS_ 3_35_ 0__DMY_17_ 8_15.wav	0.1280	3.1833	3	2	2	2		2
92	Spectrogram 1	1	765.456947900	765.575761511	39.871	184.267	3072.DSG_RAWD_HMS_ 3_50_ 0__DMY_17_ 8_15.wav	0.1188	8.9257	3	1	2	2		2
93	Spectrogram 1	1	800.333216173	800.452029784	43.103	150.862	3076.DSG_RAWD_HMS_ 4_10_ 0__DMY_17_ 8_15.wav	0.1188	1.2036	3	2	2	2		2
94	Spectrogram 1	1	804.052996142	808.156635469	39.871	129.310	3076.DSG_RAWD_HMS_ 4_10_ 0__DMY_17_ 8_15.wav	4.1036	4.9234	1	3	2	2		1
95	Spectrogram 1	1	808.704992471	808.842085099	43.103	121.767	3076.DSG_RAWD_HMS_ 4_10_ 0__DMY_17_ 8_15.wav	0.1371	9.5754	3	3	2	2		1
96	Spectrogram 1	1	815.056937808	815.194030436	44.181	142.241	3077.DSG_RAWD_HMS_ 4_15_ 0__DMY_17_ 8_15.wav	0.1371	5.2777	3	2	2	2		2
97	Spectrogram 1	1	820.330434225	820.403550294	24.784	171.336	3077.DSG_RAWD_HMS_ 4_15_ 0__DMY_17_ 8_15.wav	0.0731	10.5512	3	2	1	2		2
98	Spectrogram 1	1	848.342942152	849.421404157	37.716	121.767	3080.DSG_RAWD_HMS_ 4_30_ 0__DMY_17_ 8_15.wav	1.0785	6.6149	1	3	2	2		1
99	Spectrogram 1	1	858.560886929	860.662973889	51.724	172.414	3081.DSG_RAWD_HMS_ 4_35_ 0__DMY_17_ 8_15.wav	2.1021	6.1833	1	3	2	2		1
100	Spectrogram 1	1	883.731044009	883.822439094	46.336	146.552	3083.DSG_RAWD_HMS_ 4_45_ 0__DMY_17_ 8_15.wav	0.0914	10.0542	3	3	2	2		2
101	Spectrogram 1	1	904.669601467	904.751857044	24.784	135.776	3085.DSG_RAWD_HMS_ 4_55_ 0__DMY_17_ 8_15.wav	0.0823	9.6936	3	3	2	2		2
102	Spectrogram 1	1	906.323852509	906.451805629	40.948	158.405	3086.DSG_RAWD_HMS_ 5_ 0_ 0__DMY_17_ 8_15.wav	0.1280	0.6983	3	2	2	2		2
103	Spectrogram 1	1	947.433266861	947.871963270	49.569	140.086	3089.DSG_RAWD_HMS_ 5_15_ 0__DMY_17_ 8_15.wav	0.4387	9.8589	1	3	2	2		1
104	Spectrogram 1	1	968.298711628	969.477708227	52.802	226.293	3091.DSG_RAWD_HMS_ 5_25_ 0__DMY_17_ 8_15.wav	1.1790	9.4251	1	3	1	2		1
105	Spectrogram 1	1	983.835842345	983.908958413	29.095	134.698	3093.DSG_RAWD_HMS_ 5_35_ 0__DMY_17_ 8_15.wav	0.0731	3.6630	3	2	2	2		2
106	Spectrogram 1	1	984.832048774	984.923443859	32.328	145.474	3093.DSG_RAWD_HMS_ 5_35_ 0__DMY_17_ 8_15.wav	0.0914	4.6592	3	3	2	2		2
107	Spectrogram 1	1	985.078815504	985.225047640	32.328	151.940	3093.DSG_RAWD_HMS_ 5_35_ 0__DMY_17_ 8_15.wav	0.1462	4.9060	3	2	2	2		2
108	Spectrogram 1	1	989.164175813	989.292128933	33.405	159.483	3093.DSG_RAWD_HMS_ 5_35_ 0__DMY_17_ 8_15.wav	0.1280	8.9914	3	2	2	2		2
109	Spectrogram 1	1	996.256407832	996.384360951	30.172	200.431	3094.DSG_RAWD_HMS_ 5_40_ 0__DMY_17_ 8_15.wav	0.1280	5.4340	3	2	2	2		2
110	Spectrogram 1	1	1002.224490011	1002.361582639	36.638	121.767	3095.DSG_RAWD_HMS_ 5_45_ 0__DMY_17_ 8_15.wav	0.1371	0.7525	3	3	2	2		2
111	Spectrogram 1	1	1035.309431979	1035.437385099	47.414	128.233	3098.DSG_RAWD_HMS_ 6_ 0_ 0__DMY_17_ 8_15.wav	0.1280	1.8886	3	3	2	2		2
112	Spectrogram 1	1	1071.501774686	1074.874253331	44.181	126.078	3101.DSG_RAWD_HMS_ 6_15_ 0__DMY_17_ 8_15.wav	3.3725	6.1322	1	3	2	2		2
113	Spectrogram 1	1	1076.912363732	1077.049456359	25.862	154.095	3102.DSG_RAWD_HMS_ 6_20_ 0__DMY_17_ 8_15.wav	0.1371	0.8932	3	2	2	2		2
114	Spectrogram 1	1	1093.719852611	1093.820387205	34.483	134.698	3103.DSG_RAWD_HMS_ 6_25_ 0__DMY_17_ 8_15.wav	0.1005	7.0511	3	2	2	2		2
115	Spectrogram 1	1	1095.447219722	1095.520335790	35.560	129.310	3103.DSG_RAWD_HMS_ 6_25_ 0__DMY_17_ 8_15.wav	0.0731	8.7784	3	3	2	2		1
116	Spectrogram 1	1	1111.742912108	1111.861725719	46.336	159.483	3105.DSG_RAWD_HMS_ 6_35_ 0__DMY_17_ 8_15.wav	0.1188	3.7749	3	3	2	2		1
117	Spectrogram 1	1	1117.774987733	1117.838964293	47.414	153.017	3105.DSG_RAWD_HMS_ 6_35_ 0__DMY_17_ 8_15.wav	0.0640	9.8070	3	3	2	2		1
118	Spectrogram 1	1	1118.634074210	1120.068977048	46.336	120.690	3106.DSG_RAWD_HMS_ 6_40_ 0__DMY_17_ 8_15.wav	1.4349	0.0165	1	3	1	2		1
119	Spectrogram 1	1	1121.732367600	1124.209174409	37.716	202.586	3106.DSG_RAWD_HMS_ 6_40_ 0__DMY_17_ 8_15.wav	2.4768	3.1148	1	2	2	2		1
120	Spectrogram 1	1	1141.117198746	1141.208593831	36.638	139.009	3108.DSG_RAWD_HMS_ 6_50_ 0__DMY_17_ 8_15.wav	0.0914	1.2004	3	3	2	2		2
121	Spectrogram 1	1	1171.908108303	1175.216610388	35.560	134.698	3111.DSG_RAWD_HMS_ 7_ 5_ 0__DMY_17_ 8_15.wav	3.3085	0.0425	1	3	1	2		1
122	Spectrogram 1	1	1195.826132722	1195.963225350	42.026	170.259	3113.DSG_RAWD_HMS_ 7_15_ 0__DMY_17_ 8_15.wav	0.1371	2.6613	3	2	2	2		2
123	Spectrogram 1	1	1196.612130455	1196.703525540	37.716	144.397	3113.DSG_RAWD_HMS_ 7_15_ 0__DMY_17_ 8_15.wav	0.0914	3.4473	3	2	2	2		2
124	Spectrogram 1	1	1196.849757676	1196.950292270	34.483	135.776	3113.DSG_RAWD_HMS_ 7_15_ 0__DMY_17_ 8_15.wav	0.1005	3.6850	3	2	2	2		2
125	Spectrogram 1	1	1198.458311176	1198.549706262	29.095	131.466	3113.DSG_RAWD_HMS_ 7_15_ 0__DMY_17_ 8_15.wav	0.0914	5.2935	3	2	2	2		2
126	Spectrogram 1	1	1200.779746341	1200.889420443	39.871	162.716	3113.DSG_RAWD_HMS_ 7_15_ 0__DMY_17_ 8_15.wav	0.1097	7.6149	3	2	2	2		2
127	Spectrogram 1	1	1201.931324415	1202.031859009	33.405	135.776	3113.DSG_RAWD_HMS_ 7_15_ 0__DMY_17_ 8_15.wav	0.1005	8.7665	3	2	2	2		2
128	Spectrogram 1	1	1214.488947723	1215.750199899	43.103	128.233	3115.DSG_RAWD_HMS_ 7_25_ 0__DMY_17_ 8_15.wav	1.2613	0.0249	1	3	1	2		1
129	Spectrogram 1	1	1222.138691968	1223.939175147	37.716	128.233	3115.DSG_RAWD_HMS_ 7_25_ 0__DMY_17_ 8_15.wav	1.8005	7.6747	1	3	2	2		1
130	Spectrogram 1	1	1226.032112505	1226.114368082	35.560	119.612	3116.DSG_RAWD_HMS_ 7_30_ 0__DMY_17_ 8_15.wav	0.0823	0.9185	3	2	2	2		2
131	Spectrogram 1	1	1241.496113818	1241.605787921	36.638	153.017	3117.DSG_RAWD_HMS_ 7_35_ 0__DMY_17_ 8_15.wav	0.1097	5.7329	3	2	2	2		2
132	Spectrogram 1	1	1262.626598634	1262.727133227	36.638	201.509	3119.DSG_RAWD_HMS_ 7_45_ 0__DMY_17_ 8_15.wav	0.1005	5.5642	3	2	2	2		2
133	Spectrogram 1	1	1291.562190090	1291.662724684	50.647	137.931	3122.DSG_RAWD_HMS_ 8_ 0_ 0__DMY_17_ 8_15.wav	0.1005	2.1414	3	3	2	2		1
134	Spectrogram 1	1	1298.297985172	1298.389380257	57.112	126.078	3122.DSG_RAWD_HMS_ 8_ 0_ 0__DMY_17_ 8_15.wav	0.0914	8.8772	3	3	2	2		1
135	Spectrogram 1	1	1307.492303824	1307.611117435	33.405	147.629	3123.DSG_RAWD_HMS_ 8_ 5_ 0__DMY_17_ 8_15.wav	0.1188	7.4219	3	2	2	2		2
136	Spectrogram 1	1	1310.791656730	1312.299673526	42.026	120.690	3124.DSG_RAWD_HMS_ 8_10_ 0__DMY_17_ 8_15.wav	1.5080	0.0717	1	3	1	2		1
137	Spectrogram 1	1	1337.908490270	1338.018164372	37.716	122.845	3126.DSG_RAWD_HMS_ 8_20_ 0__DMY_17_ 8_15.wav	0.1097	5.8893	3	2	2	2		1
138	Spectrogram 1	1	1360.656649115	1360.793741743	35.560	228.448	3128.DSG_RAWD_HMS_ 8_30_ 0__DMY_17_ 8_15.wav	0.1371	7.3382	3	2	2	2		2
139	Spectrogram 1	1	1373.214298365	1373.323972467	39.871	173.491	3129.DSG_RAWD_HMS_ 8_35_ 0__DMY_17_ 8_15.wav	0.1097	9.2463	3	2	2	2		2
140	Spectrogram 1	1	1377.509867371	1377.637820490	31.250	209.052	3130.DSG_RAWD_HMS_ 8_40_ 0__DMY_17_ 8_15.wav	0.1280	2.8923	3	2	2	2		2
141	Spectrogram 1	1	1381.266186377	1381.348441954	33.405	112.069	3130.DSG_RAWD_HMS_ 8_40_ 0__DMY_17_ 8_15.wav	0.0823	6.6486	3	2	2	2		1
142	Spectrogram 1	1	1403.849860857	1403.959534959	53.879	127.155	3132.DSG_RAWD_HMS_ 8_50_ 0__DMY_17_ 8_15.wav	0.1097	7.9331	3	2	2	2		1
143	Spectrogram 1	1	1404.023511519	1404.178883163	34.483	214.440	3132.DSG_RAWD_HMS_ 8_50_ 0__DMY_17_ 8_15.wav	0.1554	8.1067	3	2	2	2		2
144	Spectrogram 1	1	1457.050818811	1457.699723916	38.793	135.776	3137.DSG_RAWD_HMS_ 9_15_ 0__DMY_17_ 8_15.wav	0.6489	7.8860	1	2	2	2		1
145	Spectrogram 1	1	1459.856647927	1460.852854356	43.103	144.397	3138.DSG_RAWD_HMS_ 9_20_ 0__DMY_17_ 8_15.wav	0.9962	0.0422	1	3	1	2		1
146	Spectrogram 1	1	1467.826290072	1467.963382700	48.491	155.172	3138.DSG_RAWD_HMS_ 9_20_ 0__DMY_17_ 8_15.wav	0.1371	8.0119	3	2	2	2		2
147	Spectrogram 1	1	1511.302814757	1512.893089240	38.793	128.233	3142.DSG_RAWD_HMS_ 9_40_ 0__DMY_17_ 8_15.wav	1.5903	8.8900	1	2	2	2		2
148	Spectrogram 1	1	1524.445396774	1529.371591867	39.871	185.345	3144.DSG_RAWD_HMS_ 9_50_ 0__DMY_17_ 8_15.wav	4.9262	0.7334	1	2	2	2		2
149	Spectrogram 1	1	1534.946668848	1535.102040493	44.181	131.466	3145.DSG_RAWD_HMS_ 9_55_ 0__DMY_17_ 8_15.wav	0.1554	0.5851	3	2	2	2		1
150	Spectrogram 1	1	1538.227752408	1538.337426510	34.483	154.095	3145.DSG_RAWD_HMS_ 9_55_ 0__DMY_17_ 8_15.wav	0.1097	3.8662	3	2	2	2		2
151	Spectrogram 1	1	1552.631576047	1554.815918584	35.560	170.259	3146.DSG_RAWD_HMS_10_ 0_ 0__DMY_17_ 8_15.wav	2.1843	7.6204	1	2	2	2		2
152	Spectrogram 1	1	1562.685011360	1563.726915331	49.569	126.078	3147.DSG_RAWD_HMS_10_ 5_ 0__DMY_17_ 8_15.wav	1.0419	7.0242	1	3	2	2		2
153	Spectrogram 1	1	1570.170252376	1570.307345004	45.259	176.724	3148.DSG_RAWD_HMS_10_10_ 0__DMY_17_ 8_15.wav	0.1371	3.8599	3	2	2	2		2
154	Spectrogram 1	1	1577.765166650	1577.847422227	39.871	163.793	3149.DSG_RAWD_HMS_10_15_ 0__DMY_17_ 8_15.wav	0.0823	0.8052	3	2	2	2		2
155	Spectrogram 1	1	1578.386653230	1578.459769298	42.026	133.621	3149.DSG_RAWD_HMS_10_15_ 0__DMY_17_ 8_15.wav	0.0731	1.4267	3	3	2	2		1
156	Spectrogram 1	1	1580.781204463	1583.212313730	34.483	214.440	3149.DSG_RAWD_HMS_10_15_ 0__DMY_17_ 8_15.wav	2.4311	3.8212	1	2	2	2		1
157	Spectrogram 1	1	1588.147624692	1588.275577811	37.716	129.310	3150.DSG_RAWD_HMS_10_20_ 0__DMY_17_ 8_15.wav	0.1280	0.5380	1	1	2	2		2
158	Spectrogram 1	1	1589.655643598	1590.980872334	48.491	130.388	3150.DSG_RAWD_HMS_10_20_ 0__DMY_17_ 8_15.wav	1.3252	2.0460	1	3	2	2		1
159	Spectrogram 1	1	1608.409868228	1608.537821347	26.940	141.164	3151.DSG_RAWD_HMS_10_25_ 0__DMY_17_ 8_15.wav	0.1280	9.7411	3	2	2	2		2
160	Spectrogram 1	1	1610.466257646	1610.575931748	31.250	109.914	3152.DSG_RAWD_HMS_10_30_ 0__DMY_17_ 8_15.wav	0.1097	1.1479	3	2	2	2		1
161	Spectrogram 1	1	1626.917329505	1627.017864099	31.250	239.224	3153.DSG_RAWD_HMS_10_35_ 0__DMY_17_ 8_15.wav	0.1005	6.9493	3	2	2	2		2
162	Spectrogram 1	1	1638.862640549	1638.944896126	42.026	135.776	3154.DSG_RAWD_HMS_10_40_ 0__DMY_17_ 8_15.wav	0.0823	8.2450	3	3	2	2		1
163	Spectrogram 1	1	1643.642593375	1643.715709443	47.414	140.086	3155.DSG_RAWD_HMS_10_45_ 0__DMY_17_ 8_15.wav	0.0731	2.3754	3	3	2	2		1
164	Spectrogram 1	1	1647.828488278	1647.919883363	25.862	220.905	3155.DSG_RAWD_HMS_10_45_ 0__DMY_17_ 8_15.wav	0.0914	6.5613	3	2	2	2		2
165	Spectrogram 1	1	1651.210088279	1651.312293518	29.095	181.034	3155.DSG_RAWD_HMS_10_45_ 0__DMY_17_ 8_15.wav	0.1022	9.9429	3	2	2	2		2
166	Spectrogram 1	1	1652.864339322	1652.964873916	44.181	252.155	3156.DSG_RAWD_HMS_10_50_ 0__DMY_17_ 8_15.wav	0.1005	0.9475	3	2	2	2		2
167	Spectrogram 1	1	1654.116445235	1654.180421795	45.259	140.086	3156.DSG_RAWD_HMS_10_50_ 0__DMY_17_ 8_15.wav	0.0640	2.1996	3	2	2	2		1
168	Spectrogram 1	1	1655.624464141	1655.724998735	32.328	117.457	3156.DSG_RAWD_HMS_10_50_ 0__DMY_17_ 8_15.wav	0.1005	3.7077	3	2	2	1		2
169	Spectrogram 1	1	1678.317809768	1678.911877822	48.491	150.862	3158.DSG_RAWD_HMS_11_ 0_ 0__DMY_17_ 8_15.wav	0.5941	5.1018	1	3	2	2		1
170	Spectrogram 1	1	1679.414550791	1682.613378774	42.026	182.112	3158.DSG_RAWD_HMS_11_ 0_ 0__DMY_17_ 8_15.wav	3.1988	6.1986	1	3	2	2		2
171	Spectrogram 1	1	1695.545742385	1695.655416487	37.716	234.914	3160.DSG_RAWD_HMS_11_10_ 0__DMY_17_ 8_15.wav	0.1097	1.0305	3	2	2	2		2
172	Spectrogram 1	1	1701.422446365	1701.568678502	30.172	170.259	3160.DSG_RAWD_HMS_11_10_ 0__DMY_17_ 8_15.wav	0.1462	6.9072	3	2	2	2		2
173	Spectrogram 1	1	1711.329638566	1711.421033651	36.638	155.172	3161.DSG_RAWD_HMS_11_15_ 0__DMY_17_ 8_15.wav	0.0914	6.1648	3	3	2	2		2
174	Spectrogram 1	1	1711.603823821	1711.704358415	52.802	150.862	3161.DSG_RAWD_HMS_11_15_ 0__DMY_17_ 8_15.wav	0.1005	6.4390	3	3	2	2		1
175	Spectrogram 1	1	1719.308409243	1719.427222854	39.871	139.009	3162.DSG_RAWD_HMS_11_20_ 0__DMY_17_ 8_15.wav	0.1188	3.4940	3	3	2	2		2
176	Spectrogram 1	1	1723.805047436	1723.896442521	21.552	221.983	3162.DSG_RAWD_HMS_11_20_ 0__DMY_17_ 8_15.wav	0.0914	7.9906	3	2	2	2		2
177	Spectrogram 1	1	1726.345830805	1726.437225890	29.095	229.526	3162.DSG_RAWD_HMS_11_20_ 0__DMY_17_ 8_15.wav	0.0914	10.5314	3	2	1	2		2
178	Spectrogram 1	1	1733.684823221	1733.803636832	42.026	250.000	3163.DSG_RAWD_HMS_11_25_ 0__DMY_17_ 8_15.wav	0.1188	7.2208	3	2	2	2		2
179	Spectrogram 1	1	1783.810327829	1784.925347868	46.336	160.560	3168.DSG_RAWD_HMS_11_50_ 0__DMY_17_ 8_15.wav	1.1150	4.0983	1	3	2	2		2
180	Spectrogram 1	1	1797.236232499	1797.345906601	38.793	241.379	3169.DSG_RAWD_HMS_11_55_ 0__DMY_17_ 8_15.wav	0.1097	6.8746	3	2	2	1		2
181	Spectrogram 1	1	1797.227092990	1798.890483541	45.259	174.569	3169.DSG_RAWD_HMS_11_55_ 0__DMY_17_ 8_15.wav	1.6634	6.8655	1	2	2	1		2
182	Spectrogram 1	1	1800.590432127	1800.992570502	52.802	156.250	3169.DSG_RAWD_HMS_11_55_ 0__DMY_17_ 8_15.wav	0.4021	10.2288	1	3	1	2		1
183	Spectrogram 1	1	1805.708537480	1805.836490600	21.552	137.931	3170.DSG_RAWD_HMS_12_ 0_ 0__DMY_17_ 8_15.wav	0.1280	4.6973	3	2	2	2		2
184	Spectrogram 1	1	1807.033766216	1807.152579827	20.474	116.379	3170.DSG_RAWD_HMS_12_ 0_ 0__DMY_17_ 8_15.wav	0.1188	6.0226	3	1	2	2		2
185	Spectrogram 1	1	1808.560064140	1808.660598733	33.405	184.267	3170.DSG_RAWD_HMS_12_ 0_ 0__DMY_17_ 8_15.wav	0.1005	7.5489	3	2	2	2		2
186	Spectrogram 1	1	1811.685762968	1811.859413630	46.336	134.698	3171.DSG_RAWD_HMS_12_ 5_ 0__DMY_17_ 8_15.wav	0.1737	0.0250	1	2	1	2		1
187	Spectrogram 1	1	1831.911468733	1832.925954179	42.026	139.009	3172.DSG_RAWD_HMS_12_10_ 0__DMY_17_ 8_15.wav	1.0145	9.6011	1	3	1	2		1
188	Spectrogram 1	1	1844.770708678	1844.898661797	36.638	214.440	3174.DSG_RAWD_HMS_12_20_ 0__DMY_17_ 8_15.wav	0.1280	1.1611	3	3	2	2		2
189	Spectrogram 1	1	1850.857605734	1850.949000819	30.172	133.621	3174.DSG_RAWD_HMS_12_20_ 0__DMY_17_ 8_15.wav	0.0914	7.2480	3	2	2	2		2
190	Spectrogram 1	1	1864.968973966	1866.056575480	36.638	157.328	3176.DSG_RAWD_HMS_12_30_ 0__DMY_17_ 8_15.wav	1.0876	0.0602	1	2	1	1		1
191	Spectrogram 1	1	1865.745832190	1865.882924818	38.793	175.647	3176.DSG_RAWD_HMS_12_30_ 0__DMY_17_ 8_15.wav	0.1371	0.8370	3	2	2	1		2
192	Spectrogram 1	1	1867.555454878	1867.646849963	30.172	122.845	3176.DSG_RAWD_HMS_12_30_ 0__DMY_17_ 8_15.wav	0.0914	2.6467	3	2	2	2		2
193	Spectrogram 1	1	1868.917241647	1869.026915750	40.948	153.017	3176.DSG_RAWD_HMS_12_30_ 0__DMY_17_ 8_15.wav	0.1097	4.0084	3	2	2	2		2
194	Spectrogram 1	1	1888.027900356	1888.887014157	42.026	109.914	3178.DSG_RAWD_HMS_12_40_ 0__DMY_17_ 8_15.wav	0.8591	1.8199	1	3	2	1		1
195	Spectrogram 1	1	1889.289152532	1890.340196012	39.871	107.759	3178.DSG_RAWD_HMS_12_40_ 0__DMY_17_ 8_15.wav	1.0510	3.0812	1	3	2	1		1
196	Spectrogram 1	1	1928.835711770	1930.654473966	46.336	144.397	3182.DSG_RAWD_HMS_13_ 0_ 0__DMY_17_ 8_15.wav	1.8188	0.0293	1	2	1	1		2
197	Spectrogram 1	1	1929.566872452	1929.713104589	36.638	295.259	3182.DSG_RAWD_HMS_13_ 0_ 0__DMY_17_ 8_15.wav	0.1462	0.7605	3	2	2	1		2
198	Spectrogram 1	1	1947.736171914	1947.909822576	37.716	185.345	3183.DSG_RAWD_HMS_13_ 5_ 0__DMY_17_ 8_15.wav	0.1737	8.2802	3	3	2	2		2
199	Spectrogram 1	1	1948.586146207	1948.677541292	47.414	133.621	3183.DSG_RAWD_HMS_13_ 5_ 0__DMY_17_ 8_15.wav	0.0914	9.1301	3	3	2	2		1
200	Spectrogram 1	1	1950.249536758	1950.688233167	49.569	145.474	3184.DSG_RAWD_HMS_13_10_ 0__DMY_17_ 8_15.wav	0.4387	0.1439	1	3	1	2		1
201	Spectrogram 1	1	1952.333334570	1952.415590146	34.483	130.388	3184.DSG_RAWD_HMS_13_10_ 0__DMY_17_ 8_15.wav	0.0823	2.2277	3	2	2	2		2
202	Spectrogram 1	1	1954.992931550	1955.066047618	24.784	132.543	3184.DSG_RAWD_HMS_13_10_ 0__DMY_17_ 8_15.wav	0.0731	4.8873	3	2	2	2		1
203	Spectrogram 1	1	1965.210890680	1965.366262325	29.095	181.034	3185.DSG_RAWD_HMS_13_15_ 0__DMY_17_ 8_15.wav	0.1554	4.4557	3	2	2	2		2
204	Spectrogram 1	1	1978.792173327	1978.947544972	20.474	186.422	3186.DSG_RAWD_HMS_13_20_ 0__DMY_17_ 8_15.wav	0.1554	7.3874	3	1	2	2		2
205	Spectrogram 1	1	1979.340518510	1979.413634578	39.871	135.776	3186.DSG_RAWD_HMS_13_20_ 0__DMY_17_ 8_15.wav	0.0731	7.9357	3	2	2	2		2
206	Spectrogram 1	1	1992.135824953	1992.254638564	32.328	145.474	3187.DSG_RAWD_HMS_13_25_ 0__DMY_17_ 8_15.wav	0.1188	10.0814	3	2	2	1		2
207	Spectrogram 1	1	1996.285131006	1996.422223634	26.940	322.198	3188.DSG_RAWD_HMS_13_30_ 0__DMY_17_ 8_15.wav	0.1371	3.5811	3	1	2	2		2
208	Spectrogram 1	1	2010.743814492	2013.979200509	39.871	144.397	3189.DSG_RAWD_HMS_13_35_ 0__DMY_17_ 8_15.wav	3.2354	7.3902	1	3	1	2		2
209	Spectrogram 1	1	2023.328873825	2024.105732049	43.103	113.147	3190.DSG_RAWD_HMS_13_40_ 0__DMY_17_ 8_15.wav	0.7769	9.3257	1	3	2	2		2
210	Spectrogram 1	1	2027.569599869	2027.697552988	31.250	205.819	3191.DSG_RAWD_HMS_13_45_ 0__DMY_17_ 8_15.wav	0.1280	2.9168	3	2	2	2		2
211	Spectrogram 1	1	2033.738748703	2033.830143788	50.647	195.043	3191.DSG_RAWD_HMS_13_45_ 0__DMY_17_ 8_15.wav	0.0914	9.0859	3	2	2	2		2
212	Spectrogram 1	1	2035.347282422	2036.361767868	44.181	161.638	3192.DSG_RAWD_HMS_13_50_ 0__DMY_17_ 8_15.wav	1.0145	0.0449	1	2	1	2		1
213	Spectrogram 1	1	2037.056370516	2037.175184127	63.578	146.552	3192.DSG_RAWD_HMS_13_50_ 0__DMY_17_ 8_15.wav	0.1188	1.7540	3	2	2	2		1
214	Spectrogram 1	1	2037.519833931	2037.668473926	31.250	171.336	3192.DSG_RAWD_HMS_13_50_ 0__DMY_17_ 8_15.wav	0.1486	2.2174	3	2	2	2		2
215	Spectrogram 1	1	2038.180524154	2039.615426992	48.491	147.629	3192.DSG_RAWD_HMS_13_50_ 0__DMY_17_ 8_15.wav	1.4349	2.8781	1	3	2	1		1
216	Spectrogram 1	1	2038.217082188	2038.326756291	60.345	146.552	3192.DSG_RAWD_HMS_13_50_ 0__DMY_17_ 8_15.wav	0.1097	2.9147	3	2	2	1		1
217	Spectrogram 1	1	2039.871333231	2039.962728316	53.879	145.474	3192.DSG_RAWD_HMS_13_50_ 0__DMY_17_ 8_15.wav	0.0914	4.5689	3	2	2	1		1
218	Spectrogram 1	1	2040.072402419	2040.172937012	25.862	136.853	3192.DSG_RAWD_HMS_13_50_ 0__DMY_17_ 8_15.wav	0.1005	4.7700	3	2	2	1		2
219	Spectrogram 1	1	2039.825635688	2041.041190322	39.871	139.009	3192.DSG_RAWD_HMS_13_50_ 0__DMY_17_ 8_15.wav	1.2156	4.5232	1	3	2	1		1
220	Spectrogram 1	1	2041.415903839	2044.870638061	48.491	177.802	3192.DSG_RAWD_HMS_13_50_ 0__DMY_17_ 8_15.wav	3.4547	6.1135	1	2	2	1		2
221	Spectrogram 1	1	2041.863739757	2041.973413859	26.940	162.716	3192.DSG_RAWD_HMS_13_50_ 0__DMY_17_ 8_15.wav	0.1097	6.5613	3	2	2	1		2
222	Spectrogram 1	1	2043.545409325	2043.673362444	21.552	233.836	3192.DSG_RAWD_HMS_13_50_ 0__DMY_17_ 8_15.wav	0.1280	8.2430	3	1	2	1		2
223	Spectrogram 1	1	2045.172223086	2045.565221952	49.569	147.629	3192.DSG_RAWD_HMS_13_50_ 0__DMY_17_ 8_15.wav	0.3930	9.8698	1	3	2	2		1
224	Spectrogram 1	1	2045.729733105	2045.930802293	52.802	158.405	3192.DSG_RAWD_HMS_13_50_ 0__DMY_17_ 8_15.wav	0.2011	10.4273	1	3	1	2		1
225	Spectrogram 1	1	2054.421380017	2054.503635594	25.862	177.802	3193.DSG_RAWD_HMS_13_55_ 0__DMY_17_ 8_15.wav	0.0823	8.4694	3	2	2	2		2
226	Spectrogram 1	1	2055.792306296	2055.901980398	30.172	253.233	3193.DSG_RAWD_HMS_13_55_ 0__DMY_17_ 8_15.wav	0.1097	9.8403	3	1	2	2		2
227	Spectrogram 1	1	2083.850513722	2083.951048316	33.405	221.983	3196.DSG_RAWD_HMS_14_10_ 0__DMY_17_ 8_15.wav	0.1005	5.9497	3	2	2	2		2
228	Spectrogram 1	1	2098.958074222	2099.086027341	21.552	231.681	3197.DSG_RAWD_HMS_14_15_ 0__DMY_17_ 8_15.wav	0.1280	10.4077	3	1	2	2		2
229	Spectrogram 1	1	2114.312401836	2114.412936430	34.483	123.922	3199.DSG_RAWD_HMS_14_25_ 0__DMY_17_ 8_15.wav	0.1005	4.4628	3	2	2	2		2
230	Spectrogram 1	1	2125.197526188	2125.288921273	17.241	174.569	3200.DSG_RAWD_HMS_14_30_ 0__DMY_17_ 8_15.wav	0.0914	4.6983	3	1	2	2		2
231	Spectrogram 1	1	2136.585313876	2136.649290436	39.871	104.526	3201.DSG_RAWD_HMS_14_35_ 0__DMY_17_ 8_15.wav	0.0640	5.4365	3	2	2	2		1
232	Spectrogram 1	1	2158.638887383	2158.739421977	32.328	209.052	3203.DSG_RAWD_HMS_14_45_ 0__DMY_17_ 8_15.wav	0.1005	6.1909	3	2	2	2		2
233	Spectrogram 1	1	2177.703849163	2177.804383757	30.172	179.957	3205.DSG_RAWD_HMS_14_55_ 0__DMY_17_ 8_15.wav	0.1005	3.9566	3	2	2	2		2
234	Spectrogram 1	1	2179.824215140	2179.888191700	36.638	147.629	3205.DSG_RAWD_HMS_14_55_ 0__DMY_17_ 8_15.wav	0.0640	6.0770	3	3	2	2		1
235	Spectrogram 1	1	2185.783140197	2185.901953807	40.948	203.664	3206.DSG_RAWD_HMS_15_ 0_ 0__DMY_17_ 8_15.wav	0.1188	1.3863	3	2	2	2		2
236	Spectrogram 1	1	2221.344861440	2221.433120342	26.940	220.905	3209.DSG_RAWD_HMS_15_15_ 0__DMY_17_ 8_15.wav	0.0883	4.9993	3	2	2	2		2
237	Spectrogram 1	1	2222.871159363	2222.935135923	65.733	141.164	3209.DSG_RAWD_HMS_15_15_ 0__DMY_17_ 8_15.wav	0.0640	6.5256	3	2	2	2		1
238	Spectrogram 1	1	2224.516270897	2224.616805491	37.716	139.009	3209.DSG_RAWD_HMS_15_15_ 0__DMY_17_ 8_15.wav	0.1005	8.1707	3	2	2	2		2
239	Spectrogram 1	1	2226.819427045	2226.910822130	45.259	112.069	3209.DSG_RAWD_HMS_15_15_ 0__DMY_17_ 8_15.wav	0.0914	10.4738	3	2	2	2		1
240	Spectrogram 1	1	2244.668820338	2244.769354931	16.055	134.174	3211.DSG_RAWD_HMS_15_25_ 0__DMY_17_ 8_15.wav	0.1005	7.0240	3	2	2	2		2
241	Spectrogram 1	1	2254.055059843	2254.109896894	64.655	146.552	3212.DSG_RAWD_HMS_15_30_ 0__DMY_17_ 8_15.wav	0.0548	5.7607	3	3	2	2		1
242	Spectrogram 1	1	2262.033833993	2262.161787113	17.241	222.477	3213.DSG_RAWD_HMS_15_35_ 0__DMY_17_ 8_15.wav	0.1280	3.0898	3	1	2	2		2
243	Spectrogram 1	1	2272.096379503	2272.215193114	35.560	212.156	3214.DSG_RAWD_HMS_15_40_ 0__DMY_17_ 8_15.wav	0.1188	2.5028	3	2	2	2		2
244	Spectrogram 1	1	2288.264125102	2288.373799204	35.560	133.621	3215.DSG_RAWD_HMS_15_45_ 0__DMY_17_ 8_15.wav	0.1097	8.0209	3	2	2	2		2
245	Spectrogram 1	1	2292.230671801	2292.331206395	46.336	122.845	3216.DSG_RAWD_HMS_15_50_ 0__DMY_17_ 8_15.wav	0.1005	1.3379	3	3	2	2		1
246	Spectrogram 1	1	2310.153175674	2310.281128793	18.319	375.000	3217.DSG_RAWD_HMS_15_55_ 0__DMY_17_ 8_15.wav	0.1280	8.6108	3	1	2	2		2
248	Spectrogram 1	1	2324.620978118	2324.739791729	43.103	221.330	3219.DSG_RAWD_HMS_16_ 5_ 0__DMY_17_ 8_15.wav	0.1188	1.7794	3	2	2	2		2
249	Spectrogram 1	1	2328.084851848	2328.176246933	43.103	166.284	3219.DSG_RAWD_HMS_16_ 5_ 0__DMY_17_ 8_15.wav	0.0914	5.2433	3	2	2	2		2
250	Spectrogram 1	1	2329.574591737	2329.665986823	43.103	205.275	3219.DSG_RAWD_HMS_16_ 5_ 0__DMY_17_ 8_15.wav	0.0914	6.7330	3	2	2	2		2
251	Spectrogram 1	1	2338.924257666	2339.052210785	26.940	161.697	3220.DSG_RAWD_HMS_16_10_ 0__DMY_17_ 8_15.wav	0.1280	5.4331	3	2	2	2		2
252	Spectrogram 1	1	2346.117029843	2346.244982962	45.259	375.000	3221.DSG_RAWD_HMS_16_15_ 0__DMY_17_ 8_15.wav	0.1280	1.9762	3	1	2	2		2
253	Spectrogram 1	1	2346.537447235	2346.656260846	23.707	303.899	3221.DSG_RAWD_HMS_16_15_ 0__DMY_17_ 8_15.wav	0.1188	2.3966	3	1	2	2		2
254	Spectrogram 1	1	2351.052353911	2351.226004572	29.095	287.844	3221.DSG_RAWD_HMS_16_15_ 0__DMY_17_ 8_15.wav	0.1737	6.9116	3	1	2	2		2
255	Spectrogram 1	1	2353.757648433	2353.922159587	17.202	294.725	3221.DSG_RAWD_HMS_16_15_ 0__DMY_17_ 8_15.wav	0.1645	9.6168	3	1	2	2		2
256	Spectrogram 1	1	2357.742458165	2357.824713742	64.655	146.552	3222.DSG_RAWD_HMS_16_20_ 0__DMY_17_ 8_15.wav	0.0823	2.9521	3	2	2	2		1
257	Spectrogram 1	1	2366.059378531	2366.169052633	40.948	116.379	3223.DSG_RAWD_HMS_16_25_ 0__DMY_17_ 8_15.wav	0.1097	0.6194	3	2	2	2		1
258	Spectrogram 1	1	2367.576536946	2367.677071539	30.172	136.853	3223.DSG_RAWD_HMS_16_25_ 0__DMY_17_ 8_15.wav	0.1005	2.1365	3	2	2	2		2
259	Spectrogram 1	1	2368.920044699	2369.011439784	42.026	107.759	3223.DSG_RAWD_HMS_16_25_ 0__DMY_17_ 8_15.wav	0.0914	3.4800	3	2	2	2		1
260	Spectrogram 1	1	2386.888253271	2387.016206391	35.560	103.448	3225.DSG_RAWD_HMS_16_35_ 0__DMY_17_ 8_15.wav	0.1280	0.1491	3	3	2	2		1
261	Spectrogram 1	1	2387.226415087	2387.326949681	40.948	231.651	3225.DSG_RAWD_HMS_16_35_ 0__DMY_17_ 8_15.wav	0.1005	0.4872	3	2	2	2		2
262	Spectrogram 1	1	2389.374193277	2390.909630708	30.172	165.948	3225.DSG_RAWD_HMS_16_35_ 0__DMY_17_ 8_15.wav	1.5354	2.6350	1	2	2	2		1
263	Spectrogram 1	1	2396.804613705	2396.923427316	39.871	172.018	3225.DSG_RAWD_HMS_16_35_ 0__DMY_17_ 8_15.wav	0.1188	10.0654	3	2	2	2		2
264	Spectrogram 1	1	2409.125855654	2409.255107823	24.784	120.413	3227.DSG_RAWD_HMS_16_45_ 0__DMY_17_ 8_15.wav	0.1293	1.0875	3	2	2	2		2
265	Spectrogram 1	1	2411.510024049	2411.601419134	31.250	87.284	3227.DSG_RAWD_HMS_16_45_ 0__DMY_17_ 8_15.wav	0.0914	3.4716	3	2	2	2		1
266	Spectrogram 1	1	2412.451393427	2412.561067529	31.250	129.587	3227.DSG_RAWD_HMS_16_45_ 0__DMY_17_ 8_15.wav	0.1097	4.4130	3	2	2	2		2
267	Spectrogram 1	1	2414.279286305	2414.379820898	26.940	160.550	3227.DSG_RAWD_HMS_16_45_ 0__DMY_17_ 8_15.wav	0.1005	6.2409	3	2	2	2		2
268	Spectrogram 1	1	2415.147539614	2415.248074208	26.940	183.486	3227.DSG_RAWD_HMS_16_45_ 0__DMY_17_ 8_15.wav	0.1005	7.1091	3	2	2	2		2
269	Spectrogram 1	1	2416.792651148	2416.902325250	39.871	301.606	3227.DSG_RAWD_HMS_16_45_ 0__DMY_17_ 8_15.wav	0.1097	8.7543	3	2	2	2		2
270	Spectrogram 1	1	2418.382925631	2418.520018259	38.793	180.046	3227.DSG_RAWD_HMS_16_45_ 0__DMY_17_ 8_15.wav	0.1371	10.3445	3	2	2	2		2
271	Spectrogram 1	1	2419.242021338	2419.342555931	31.250	202.982	3228.DSG_RAWD_HMS_16_50_ 0__DMY_17_ 8_15.wav	0.1005	0.5540	3	2	2	2		2
272	Spectrogram 1	1	2424.649792434	2424.740268952	29.095	135.776	3228.DSG_RAWD_HMS_16_50_ 0__DMY_17_ 8_15.wav	0.0905	5.9618	3	2	2	2		2
273	Spectrogram 1	1	2425.748434711	2425.800135579	34.483	127.155	3228.DSG_RAWD_HMS_16_50_ 0__DMY_17_ 8_15.wav	0.0517	7.0604	3	2	2	2		1
274	Spectrogram 1	1	2428.417493774	2428.650147678	52.802	141.164	3228.DSG_RAWD_HMS_16_50_ 0__DMY_17_ 8_15.wav	0.2327	9.7295	1	3	2	2		1
275	Spectrogram 1	1	2431.855600915	2431.971927867	25.862	161.697	3229.DSG_RAWD_HMS_16_55_ 0__DMY_17_ 8_15.wav	0.1163	2.5180	3	2	2	2		2
276	Spectrogram 1	1	2434.660372992	2434.770237336	26.940	143.319	3229.DSG_RAWD_HMS_16_55_ 0__DMY_17_ 8_15.wav	0.1099	5.3228	3	2	2	2		2
277	Spectrogram 1	1	2435.532825133	2435.662077302	20.474	323.394	3229.DSG_RAWD_HMS_16_55_ 0__DMY_17_ 8_15.wav	0.1293	6.1952	3	1	2	2		2
278	Spectrogram 1	1	2438.809369236	2438.886920538	26.940	136.853	3229.DSG_RAWD_HMS_16_55_ 0__DMY_17_ 8_15.wav	0.0776	9.4718	3	3	2	2		1
279	Spectrogram 1	1	2439.061410966	2439.138962268	24.784	103.448	3229.DSG_RAWD_HMS_16_55_ 0__DMY_17_ 8_15.wav	0.0776	9.7238	3	3	2	2		1
280	Spectrogram 1	1	2445.653271913	2445.763136257	23.707	220.183	3230.DSG_RAWD_HMS_17_ 0_ 0__DMY_17_ 8_15.wav	0.1099	5.6661	3	1	2	2		2
281	Spectrogram 1	1	2452.930168732	2453.033570468	26.940	224.771	3231.DSG_RAWD_HMS_17_ 5_ 0__DMY_17_ 8_15.wav	0.1034	2.2934	3	2	2	2		2
282	Spectrogram 1	1	2454.461806936	2454.558746062	28.017	206.422	3231.DSG_RAWD_HMS_17_ 5_ 0__DMY_17_ 8_15.wav	0.0969	3.8250	3	1	2	2		2
283	Spectrogram 1	1	2459.069648868	2459.134274953	22.629	96.983	3231.DSG_RAWD_HMS_17_ 5_ 0__DMY_17_ 8_15.wav	0.0646	8.4328	3	3	2	2		1
284	Spectrogram 1	1	2461.880883545	2462.023060931	47.414	282.110	3232.DSG_RAWD_HMS_17_10_ 0__DMY_17_ 8_15.wav	0.1422	0.5945	3	2	2	2		2
285	Spectrogram 1	1	2463.658102526	2463.761504261	36.638	181.193	3232.DSG_RAWD_HMS_17_10_ 0__DMY_17_ 8_15.wav	0.1034	2.3717	3	2	2	2		2
286	Spectrogram 1	1	2475.193858996	2475.252022472	52.802	143.319	3233.DSG_RAWD_HMS_17_15_ 0__DMY_17_ 8_15.wav	0.0582	3.2579	3	3	2	2		1
287	Spectrogram 1	1	2486.587438452	2486.697302796	19.397	130.734	3234.DSG_RAWD_HMS_17_20_ 0__DMY_17_ 8_15.wav	0.1099	4.0018	3	1	2	2		2
288	Spectrogram 1	1	2500.320484859	2500.443274420	39.871	144.397	3235.DSG_RAWD_HMS_17_25_ 0__DMY_17_ 8_15.wav	0.1228	7.0853	3	3	2	2		1
289	Spectrogram 1	1	2514.964759059	2515.048772969	37.716	205.275	3237.DSG_RAWD_HMS_17_35_ 0__DMY_17_ 8_15.wav	0.0840	0.4304	3	1	2	2		2
290	Spectrogram 1	1	2516.470546829	2516.535172913	37.716	126.078	3237.DSG_RAWD_HMS_17_35_ 0__DMY_17_ 8_15.wav	0.0646	1.9361	3	3	2	2		1
291	Spectrogram 1	1	2519.999131044	2520.050831912	36.638	141.164	3237.DSG_RAWD_HMS_17_35_ 0__DMY_17_ 8_15.wav	0.0517	5.4647	3	2	2	2		1
292	Spectrogram 1	1	2524.658671957	2524.729760650	26.940	125.000	3237.DSG_RAWD_HMS_17_35_ 0__DMY_17_ 8_15.wav	0.0711	10.1243	3	2	2	2		2
293	Spectrogram 1	1	2528.568549476	2528.878754682	38.793	104.526	3238.DSG_RAWD_HMS_17_40_ 0__DMY_17_ 8_15.wav	0.3102	3.3845	1	3	2	2		1
294	Spectrogram 1	1	2558.050952077	2558.102652945	36.638	159.483	3241.DSG_RAWD_HMS_17_55_ 0__DMY_17_ 8_15.wav	0.0517	0.9182	3	2	2	2		1
295	Spectrogram 1	1	2559.653678973	2559.705379841	35.560	170.259	3241.DSG_RAWD_HMS_17_55_ 0__DMY_17_ 8_15.wav	0.0517	2.5209	3	2	2	2		1
296	Spectrogram 1	1	2562.639404079	2562.749268422	37.716	147.629	3241.DSG_RAWD_HMS_17_55_ 0__DMY_17_ 8_15.wav	0.1099	5.5066	3	2	2	2		2
297	Spectrogram 1	1	2568.294169184	2568.410496136	38.793	225.917	3242.DSG_RAWD_HMS_18_ 0_ 0__DMY_17_ 8_15.wav	0.1163	0.5118	3	1	2	1		2
298	Spectrogram 1	1	2575.745547830	2575.848949565	26.940	201.835	3242.DSG_RAWD_HMS_18_ 0_ 0__DMY_17_ 8_15.wav	0.1034	7.9631	3	2	2	2		2
299	Spectrogram 1	1	2586.240818346	2587.707830465	42.026	144.397	3243.DSG_RAWD_HMS_18_ 5_ 0__DMY_17_ 8_15.wav	1.4670	7.8088	1	3	2	2		1
300	Spectrogram 1	1	2587.869395676	2587.985722629	22.629	232.798	3243.DSG_RAWD_HMS_18_ 5_ 0__DMY_17_ 8_15.wav	0.1163	9.4374	3	1	2	2		2
301	Spectrogram 1	1	2589.879266905	2589.995591059	17.241	154.817	3244.DSG_RAWD_HMS_18_10_ 0__DMY_17_ 8_15.wav	0.1163	0.7977	3	1	2	2		2
302	Spectrogram 1	1	2605.648031056	2605.732044966	22.629	145.474	3245.DSG_RAWD_HMS_18_15_ 0__DMY_17_ 8_15.wav	0.0840	5.9168	3	3	2	2		2
303	Spectrogram 1	1	2610.385124871	2612.091253503	36.638	127.155	3246.DSG_RAWD_HMS_18_20_ 0__DMY_17_ 8_15.wav	1.7061	0.0043	1	3	1	2		1
304	Spectrogram 1	1	2617.506917996	2617.571544080	40.948	208.716	3246.DSG_RAWD_HMS_18_20_ 0__DMY_17_ 8_15.wav	0.0646	7.1261	3	2	2	2		2
305	Spectrogram 1	1	2620.292304815	2620.402169159	29.095	256.881	3246.DSG_RAWD_HMS_18_20_ 0__DMY_17_ 8_15.wav	0.1099	9.9115	3	1	2	2		2
306	Spectrogram 1	1	2627.517499675	2627.601513585	37.716	119.612	3247.DSG_RAWD_HMS_18_25_ 0__DMY_17_ 8_15.wav	0.0840	6.4871	3	2	2	2		2
307	Spectrogram 1	1	2630.496762172	2630.593701299	23.707	131.881	3247.DSG_RAWD_HMS_18_25_ 0__DMY_17_ 8_15.wav	0.0969	9.4664	3	1	2	2		2
308	Spectrogram 1	1	2638.348828011	2638.600869741	50.647	110.991	3248.DSG_RAWD_HMS_18_30_ 0__DMY_17_ 8_15.wav	0.2520	6.6688	1	3	2	2		
