Selection	View	Channel	Begin Time (s)	End Time (s)	Low Freq (Hz)	High Freq (Hz)	Begin File	Delta Time (s)	File Offset (s)	call variant	level	call cutoff @ end	calls overlap	Notes	false positive
1	Spectrogram 1	1	26.444183117	26.541166964	12.931	240.302	2253.DSG_RAWD_HMS_ 7_35_ 0__DMY_14_ 8_15.wav	0.0970	5.1450	3	2	2	2		2
2	Spectrogram 1	1	33.097270478	33.245979044	30.172	234.914	2254.DSG_RAWD_HMS_ 7_40_ 0__DMY_14_ 8_15.wav	0.1487	1.1485	3	1	2	2		2
3	Spectrogram 1	1	33.362359660	33.504602636	32.328	171.336	2254.DSG_RAWD_HMS_ 7_40_ 0__DMY_14_ 8_15.wav	0.1422	1.4136	3	2	2	2		2
4	Spectrogram 1	1	61.474745061	61.752765423	23.707	205.819	2256.DSG_RAWD_HMS_ 7_50_ 0__DMY_14_ 8_15.wav	0.2780	8.2267	3	1	2	2		2
5	Spectrogram 1	1	61.946733118	62.088976094	20.474	204.741	2256.DSG_RAWD_HMS_ 7_50_ 0__DMY_14_ 8_15.wav	0.1422	8.6987	3	2	2	2		2
6	Spectrogram 1	1	64.371332490	64.487713106	23.707	133.621	2257.DSG_RAWD_HMS_ 7_55_ 0__DMY_14_ 8_15.wav	0.1164	0.4737	3	3	2	2		2
7	Spectrogram 1	1	66.097644971	66.246353537	22.629	177.802	2257.DSG_RAWD_HMS_ 7_55_ 0__DMY_14_ 8_15.wav	0.1487	2.2000	3	2	2	2		2
8	Spectrogram 1	1	66.498511540	66.621357747	26.940	128.233	2257.DSG_RAWD_HMS_ 7_55_ 0__DMY_14_ 8_15.wav	0.1228	2.6009	3	3	2	2		1
9	Spectrogram 1	1	66.815325441	66.931706058	23.707	140.086	2257.DSG_RAWD_HMS_ 7_55_ 0__DMY_14_ 8_15.wav	0.1164	2.9177	3	3	2	2		1
10	Spectrogram 1	1	73.364965292	73.500742678	10.776	104.526	2257.DSG_RAWD_HMS_ 7_55_ 0__DMY_14_ 8_15.wav	0.1358	9.4674	3	3	2	2		1
11	Spectrogram 1	1	82.203430809	82.384467324	24.784	153.017	2258.DSG_RAWD_HMS_ 8_ 0_ 0__DMY_14_ 8_15.wav	0.1810	7.6562	3	2	2	2		2
12	Spectrogram 1	1	99.544153635	99.718724560	18.319	153.017	2260.DSG_RAWD_HMS_ 8_10_ 0__DMY_14_ 8_15.wav	0.1746	3.6978	3	2	2	2		2
13	Spectrogram 1	1	109.294267929	109.468838854	18.319	218.750	2261.DSG_RAWD_HMS_ 8_15_ 0__DMY_14_ 8_15.wav	0.1746	2.7983	3	2	2	2		2
14	Spectrogram 1	1	110.302899941	110.445142917	21.552	195.043	2261.DSG_RAWD_HMS_ 8_15_ 0__DMY_14_ 8_15.wav	0.1422	3.8069	3	3	2	2		2
15	Spectrogram 1	1	112.016281243	112.197317758	23.707	157.328	2261.DSG_RAWD_HMS_ 8_15_ 0__DMY_14_ 8_15.wav	0.1810	5.5203	3	3	2	2		2
16	Spectrogram 1	1	124.022888319	124.210390424	21.552	226.293	2262.DSG_RAWD_HMS_ 8_20_ 0__DMY_14_ 8_15.wav	0.1875	6.8773	3	1	2	2		2
17	Spectrogram 1	1	150.880948040	151.094312504	17.241	140.086	2265.DSG_RAWD_HMS_ 8_35_ 0__DMY_14_ 8_15.wav	0.2134	1.7865	3	2	2	2		2
18	Spectrogram 1	1	156.551268279	156.725839204	2.155	154.095	2265.DSG_RAWD_HMS_ 8_35_ 0__DMY_14_ 8_15.wav	0.1746	7.4569	3	2	2	2		2
19	Spectrogram 1	1	159.518973689	159.693544614	11.853	167.026	2265.DSG_RAWD_HMS_ 8_35_ 0__DMY_14_ 8_15.wav	0.1746	10.4246	3	2	2	2		2
20	Spectrogram 1	1	186.325330118	187.599051313	18.319	150.862	2268.DSG_RAWD_HMS_ 8_50_ 0__DMY_14_ 8_15.wav	1.2737	5.2821	1	2	2	2		2
21	Spectrogram 1	1	214.605860920	214.741638306	6.466	207.974	2271.DSG_RAWD_HMS_ 9_ 5_ 0__DMY_14_ 8_15.wav	0.1358	1.6139	3	1	2	2		2
22	Spectrogram 1	1	223.185704647	223.373206752	16.164	140.086	2271.DSG_RAWD_HMS_ 9_ 5_ 0__DMY_14_ 8_15.wav	0.1875	10.1937	3	2	2	2		2
23	Spectrogram 1	1	235.108274733	238.677280313	34.483	116.379	2273.DSG_RAWD_HMS_ 9_15_ 0__DMY_14_ 8_15.wav	3.5690	0.8171	1	3	2	2		2
24	Spectrogram 1	1	241.832495187	241.981203753	11.853	224.138	2273.DSG_RAWD_HMS_ 9_15_ 0__DMY_14_ 8_15.wav	0.1487	7.5413	3	2	2	2		2
25	Spectrogram 1	1	249.681733061	249.817510447	8.621	188.578	2274.DSG_RAWD_HMS_ 9_20_ 0__DMY_14_ 8_15.wav	0.1358	4.7409	3	2	2	2		2
26	Spectrogram 1	1	250.250704965	250.399413531	20.474	252.155	2274.DSG_RAWD_HMS_ 9_20_ 0__DMY_14_ 8_15.wav	0.1487	5.3099	3	2	2	2		2
27	Spectrogram 1	1	262.192664384	262.321976180	24.784	201.509	2275.DSG_RAWD_HMS_ 9_25_ 0__DMY_14_ 8_15.wav	0.1293	6.6023	3	2	2	2		2
28	Spectrogram 1	1	263.679750043	264.701313234	30.172	145.474	2275.DSG_RAWD_HMS_ 9_25_ 0__DMY_14_ 8_15.wav	1.0216	8.0894	1	2	2	2		2
29	Spectrogram 1	1	266.246588242	266.621592452	36.638	119.612	2276.DSG_RAWD_HMS_ 9_30_ 0__DMY_14_ 8_15.wav	0.3750	0.0066	1	2	1	2		1
30	Spectrogram 1	1	274.651854669	276.358770382	33.405	139.009	2276.DSG_RAWD_HMS_ 9_30_ 0__DMY_14_ 8_15.wav	1.7069	8.4119	1	2	2	2		2
31	Spectrogram 1	1	280.186398558	280.386831842	17.241	130.388	2277.DSG_RAWD_HMS_ 9_35_ 0__DMY_14_ 8_15.wav	0.2004	3.2968	3	2	2	2		1
32	Spectrogram 1	1	282.934274231	283.057120437	19.397	169.181	2277.DSG_RAWD_HMS_ 9_35_ 0__DMY_14_ 8_15.wav	0.1228	6.0447	3	2	2	2		1
33	Spectrogram 1	1	287.537770184	289.076580561	32.328	144.397	2277.DSG_RAWD_HMS_ 9_35_ 0__DMY_14_ 8_15.wav	1.5388	10.6482	2	2	1	2		1
34	Spectrogram 1	1	296.156401182	296.272781799	8.621	156.250	2278.DSG_RAWD_HMS_ 9_40_ 0__DMY_14_ 8_15.wav	0.1164	8.6172	3	2	2	2		2
35	Spectrogram 1	1	296.518474212	296.660717188	17.241	151.940	2278.DSG_RAWD_HMS_ 9_40_ 0__DMY_14_ 8_15.wav	0.1422	8.9793	3	2	2	2		2
36	Spectrogram 1	1	306.559530801	306.734101727	7.543	209.052	2279.DSG_RAWD_HMS_ 9_45_ 0__DMY_14_ 8_15.wav	0.1746	8.3707	3	1	2	2		2
37	Spectrogram 1	1	308.072478819	308.822487238	39.871	172.414	2279.DSG_RAWD_HMS_ 9_45_ 0__DMY_14_ 8_15.wav	0.7500	9.8837	1	3	2	2		2
38	Spectrogram 1	1	313.309605182	313.425985799	23.707	177.802	2280.DSG_RAWD_HMS_ 9_50_ 0__DMY_14_ 8_15.wav	0.1164	4.4712	3	3	2	2		2
39	Spectrogram 1	1	316.374294324	316.490674941	15.086	154.095	2280.DSG_RAWD_HMS_ 9_50_ 0__DMY_14_ 8_15.wav	0.1164	7.5359	3	1	2	2		2
40	Spectrogram 1	1	317.363529566	317.460513414	17.241	302.802	2280.DSG_RAWD_HMS_ 9_50_ 0__DMY_14_ 8_15.wav	0.0970	8.5251	3	1	2	2		2
41	Spectrogram 1	1	318.352766140	318.443284398	23.707	231.681	2280.DSG_RAWD_HMS_ 9_50_ 0__DMY_14_ 8_15.wav	0.0905	9.5144	3	2	2	2		1
42	Spectrogram 1	1	324.333432764	326.079142015	44.181	126.078	2281.DSG_RAWD_HMS_ 9_55_ 0__DMY_14_ 8_15.wav	1.7457	4.4358	1	3	2	2		2
43	Spectrogram 1	1	326.564061251	329.926167957	37.716	161.638	2281.DSG_RAWD_HMS_ 9_55_ 0__DMY_14_ 8_15.wav	3.3621	6.6665	1	2	2	2		1
44	Spectrogram 1	1	334.762429399	334.878810016	5.388	133.621	2282.DSG_RAWD_HMS_10_ 0_ 0__DMY_14_ 8_15.wav	0.1164	4.2152	3	2	2	2		1
45	Spectrogram 1	1	341.221554605	341.376728761	0.000	158.405	2283.DSG_RAWD_HMS_10_ 5_ 0__DMY_14_ 8_15.wav	0.1552	0.0248	3	1	1	2		2
46	Spectrogram 1	1	343.581494889	343.710806686	8.621	185.345	2283.DSG_RAWD_HMS_10_ 5_ 0__DMY_14_ 8_15.wav	0.1293	2.3847	3	2	2	2		2
47	Spectrogram 1	1	344.777639028	349.284155132	30.172	213.362	2283.DSG_RAWD_HMS_10_ 5_ 0__DMY_14_ 8_15.wav	4.5065	3.5808	2	2	2	2		2
48	Spectrogram 1	1	361.323102894	361.433017920	17.241	237.069	2284.DSG_RAWD_HMS_10_10_ 0__DMY_14_ 8_15.wav	0.1099	9.4767	3	2	2	2		2
49	Spectrogram 1	1	367.206802507	368.402936623	52.802	157.328	2285.DSG_RAWD_HMS_10_15_ 0__DMY_14_ 8_15.wav	1.1961	4.7108	1	2	2	2		2
50	Spectrogram 1	1	368.622766677	368.719750524	16.164	211.207	2285.DSG_RAWD_HMS_10_15_ 0__DMY_14_ 8_15.wav	0.0970	6.1268	3	2	2	2		2
51	Spectrogram 1	1	368.735914499	368.842596731	22.629	145.474	2285.DSG_RAWD_HMS_10_15_ 0__DMY_14_ 8_15.wav	0.1067	6.2399	3	2	2	2		2
52	Spectrogram 1	1	374.066802724	374.209045700	14.009	176.724	2286.DSG_RAWD_HMS_10_20_ 0__DMY_14_ 8_15.wav	0.1422	0.9212	3	1	2	2		2
53	Spectrogram 1	1	374.461203703	374.558187550	18.319	177.802	2286.DSG_RAWD_HMS_10_20_ 0__DMY_14_ 8_15.wav	0.0970	1.3156	3	2	2	2		2
54	Spectrogram 1	1	377.461237379	377.687533022	0.000	312.500	2286.DSG_RAWD_HMS_10_20_ 0__DMY_14_ 8_15.wav	0.2263	4.3156	3	1	2	2		2
55	Spectrogram 1	1	386.467822509	389.590702391	14.009	192.888	2287.DSG_RAWD_HMS_10_25_ 0__DMY_14_ 8_15.wav	3.1229	2.6726	2	2	2	2		2
56	Spectrogram 1	1	391.931245906	392.041160933	12.931	220.905	2287.DSG_RAWD_HMS_10_25_ 0__DMY_14_ 8_15.wav	0.1099	8.1360	3	2	2	2		2
57	Spectrogram 1	1	401.248176492	401.422747417	32.328	186.422	2288.DSG_RAWD_HMS_10_30_ 0__DMY_14_ 8_15.wav	0.1746	6.8034	3	2	2	2		2
58	Spectrogram 1	1	406.763334870	408.683615046	50.647	148.707	2289.DSG_RAWD_HMS_10_35_ 0__DMY_14_ 8_15.wav	1.9203	1.6689	1	2	2	2		2
59	Spectrogram 1	1	417.431577187	417.593216932	22.629	215.517	2290.DSG_RAWD_HMS_10_40_ 0__DMY_14_ 8_15.wav	0.1616	1.6876	3	1	2	2		2
60	Spectrogram 1	1	417.935893193	418.052273809	7.543	145.474	2290.DSG_RAWD_HMS_10_40_ 0__DMY_14_ 8_15.wav	0.1164	2.1919	3	2	2	2		2
61	Spectrogram 1	1	423.845453316	423.942437163	22.629	126.078	2290.DSG_RAWD_HMS_10_40_ 0__DMY_14_ 8_15.wav	0.0970	8.1015	3	3	2	2		2
62	Spectrogram 1	1	430.317514359	430.479154104	30.172	190.733	2291.DSG_RAWD_HMS_10_45_ 0__DMY_14_ 8_15.wav	0.1616	3.9239	3	2	2	2		2
63	Spectrogram 1	1	433.724882608	433.912384713	6.466	148.707	2291.DSG_RAWD_HMS_10_45_ 0__DMY_14_ 8_15.wav	0.1875	7.3313	3	2	2	2		2
64	Spectrogram 1	1	435.625768631	435.774477197	11.853	158.405	2291.DSG_RAWD_HMS_10_45_ 0__DMY_14_ 8_15.wav	0.1487	9.2322	3	2	2	2		2
65	Spectrogram 1	1	437.352086747	437.462001774	8.621	173.491	2292.DSG_RAWD_HMS_10_50_ 0__DMY_14_ 8_15.wav	0.1099	0.3089	3	3	2	2		1
66	Spectrogram 1	1	443.895277527	444.037520503	16.164	107.759	2292.DSG_RAWD_HMS_10_50_ 0__DMY_14_ 8_15.wav	0.1422	6.8521	3	2	2	2		2
67	Spectrogram 1	1	471.762006432	471.871921459	3.233	106.681	2295.DSG_RAWD_HMS_11_ 5_ 0__DMY_14_ 8_15.wav	0.1099	2.7700	3	3	2	2		1
68	Spectrogram 1	1	493.563970302	493.712678868	10.776	184.267	2297.DSG_RAWD_HMS_11_15_ 0__DMY_14_ 8_15.wav	0.1487	3.2728	3	2	2	2		2
69	Spectrogram 1	1	496.260129909	496.473494373	18.319	196.121	2297.DSG_RAWD_HMS_11_15_ 0__DMY_14_ 8_15.wav	0.2134	5.9689	3	2	2	2		2
70	Spectrogram 1	1	496.596340580	496.848498583	3.233	188.578	2297.DSG_RAWD_HMS_11_15_ 0__DMY_14_ 8_15.wav	0.2522	6.3051	3	1	2	2		2
71	Spectrogram 1	1	531.057966901	531.213141057	15.086	184.267	2300.DSG_RAWD_HMS_11_30_ 0__DMY_14_ 8_15.wav	0.1552	8.8180	3	2	2	2		2
72	Spectrogram 1	1	534.368349856	534.484730473	9.698	261.853	2301.DSG_RAWD_HMS_11_35_ 0__DMY_14_ 8_15.wav	0.1164	1.4787	3	1	2	2		2
73	Spectrogram 1	1	544.499929849	544.668035184	15.086	202.586	2302.DSG_RAWD_HMS_11_40_ 0__DMY_14_ 8_15.wav	0.1681	0.9607	3	2	2	2		2
74	Spectrogram 1	1	545.838306826	546.019343341	16.164	175.647	2302.DSG_RAWD_HMS_11_40_ 0__DMY_14_ 8_15.wav	0.1810	2.2991	3	2	2	2		2
75	Spectrogram 1	1	549.808172151	549.976277486	2.155	265.086	2302.DSG_RAWD_HMS_11_40_ 0__DMY_14_ 8_15.wav	0.1681	6.2690	3	1	2	2		2
76	Spectrogram 1	1	571.157549462	571.273930078	6.466	121.767	2304.DSG_RAWD_HMS_11_50_ 0__DMY_14_ 8_15.wav	0.1164	6.3191	3	2	2	2		2
77	Spectrogram 1	1	578.101593703	578.230905499	16.164	144.397	2305.DSG_RAWD_HMS_11_55_ 0__DMY_14_ 8_15.wav	0.1293	2.6136	3	2	2	2		2
78	Spectrogram 1	1	591.511228068	591.692264583	5.388	366.379	2306.DSG_RAWD_HMS_12_ 0_ 0__DMY_14_ 8_15.wav	0.1810	5.3736	3	1	2	2		2
79	Spectrogram 1	1	596.800078794	604.022142622	34.483	182.112	2307.DSG_RAWD_HMS_12_ 5_ 0__DMY_14_ 8_15.wav	7.2221	0.0129	1	2	1	2		2
80	Spectrogram 1	1	609.246339779	609.382117165	11.853	130.388	2308.DSG_RAWD_HMS_12_10_ 0__DMY_14_ 8_15.wav	0.1358	1.8095	3	2	2	2		1
84	Spectrogram 1	1	638.347962481	639.375991262	19.397	150.862	2310.DSG_RAWD_HMS_12_20_ 0__DMY_14_ 8_15.wav	1.0280	9.6120	2	2	1	2		2
85	Spectrogram 1	1	642.104470166	645.945030519	20.474	195.043	2311.DSG_RAWD_HMS_12_25_ 0__DMY_14_ 8_15.wav	3.8406	2.7189	2	2	2	2		2
86	Spectrogram 1	1	673.559563740	673.682409946	22.629	142.241	2314.DSG_RAWD_HMS_12_40_ 0__DMY_14_ 8_15.wav	0.1228	2.2252	3	2	2	2		2
87	Spectrogram 1	1	684.169610919	684.331250665	8.621	257.543	2315.DSG_RAWD_HMS_12_45_ 0__DMY_14_ 8_15.wav	0.1616	2.1856	3	1	2	2		2
88	Spectrogram 1	1	685.773077195	685.941182530	5.388	321.121	2315.DSG_RAWD_HMS_12_45_ 0__DMY_14_ 8_15.wav	0.1681	3.7891	3	1	2	2		2
89	Spectrogram 1	1	687.867938759	688.055440864	3.233	250.000	2315.DSG_RAWD_HMS_12_45_ 0__DMY_14_ 8_15.wav	0.1875	5.8839	3	1	2	2		2
90	Spectrogram 1	1	689.148125543	689.303299699	5.388	276.940	2315.DSG_RAWD_HMS_12_45_ 0__DMY_14_ 8_15.wav	0.1552	7.1641	3	2	2	2		2
91	Spectrogram 1	1	690.059773708	690.214947863	17.241	324.353	2315.DSG_RAWD_HMS_12_45_ 0__DMY_14_ 8_15.wav	0.1552	8.0758	3	1	2	2		2
92	Spectrogram 1	1	691.210648696	691.391685211	20.474	246.767	2315.DSG_RAWD_HMS_12_45_ 0__DMY_14_ 8_15.wav	0.1810	9.2266	3	2	2	2		2
93	Spectrogram 1	1	712.372558984	713.924300541	33.405	207.974	2317.DSG_RAWD_HMS_12_55_ 0__DMY_14_ 8_15.wav	1.5517	9.0894	1	2	1	2		2
94	Spectrogram 1	1	742.579842269	742.696222886	19.397	154.095	2320.DSG_RAWD_HMS_13_10_ 0__DMY_14_ 8_15.wav	0.1164	7.3478	3	3	2	2		1
95	Spectrogram 1	1	758.110211311	761.465852428	49.569	176.724	2322.DSG_RAWD_HMS_13_20_ 0__DMY_14_ 8_15.wav	3.3556	1.5790	1	2	2	1		1
96	Spectrogram 1	1	758.950737988	759.099446554	29.095	224.138	2322.DSG_RAWD_HMS_13_20_ 0__DMY_14_ 8_15.wav	0.1487	2.4195	3	2	2	2		2
97	Spectrogram 1	1	769.302163386	769.515527850	20.474	201.509	2323.DSG_RAWD_HMS_13_25_ 0__DMY_14_ 8_15.wav	0.2134	2.1214	3	1	2	2		2
98	Spectrogram 1	1	786.060972202	786.242008717	7.543	183.190	2324.DSG_RAWD_HMS_13_30_ 0__DMY_14_ 8_15.wav	0.1810	8.2306	3	1	2	2		2
99	Spectrogram 1	1	801.196920790	801.332698176	35.560	221.983	2326.DSG_RAWD_HMS_13_40_ 0__DMY_14_ 8_15.wav	0.1358	2.0673	3	2	2	2		2
100	Spectrogram 1	1	807.112935475	807.209919322	24.784	145.474	2326.DSG_RAWD_HMS_13_40_ 0__DMY_14_ 8_15.wav	0.0970	7.9833	3	2	2	2		2
101	Spectrogram 1	1	812.194899296	812.324211092	6.466	154.095	2327.DSG_RAWD_HMS_13_45_ 0__DMY_14_ 8_15.wav	0.1293	2.4157	3	2	2	2		2
102	Spectrogram 1	1	825.662722894	825.772637921	21.552	155.172	2328.DSG_RAWD_HMS_13_50_ 0__DMY_14_ 8_15.wav	0.1099	5.2339	3	3	2	2		2
103	Spectrogram 1	1	829.205866115	829.348109091	21.552	133.621	2328.DSG_RAWD_HMS_13_50_ 0__DMY_14_ 8_15.wav	0.1422	8.7771	3	2	2	2		2
104	Spectrogram 1	1	841.387037339	841.471090006	8.621	151.940	2329.DSG_RAWD_HMS_13_55_ 0__DMY_14_ 8_15.wav	0.0841	10.3086	3	2	2	2		2
105	Spectrogram 1	1	852.385005624	854.188905183	25.862	151.940	2331.DSG_RAWD_HMS_14_ 5_ 0__DMY_14_ 8_15.wav	1.8039	0.0074	2	2	1	2		2
106	Spectrogram 1	1	857.402303326	862.923917031	22.629	125.000	2331.DSG_RAWD_HMS_14_ 5_ 0__DMY_14_ 8_15.wav	5.5216	5.0247	2	1	2	2		2
107	Spectrogram 1	1	867.598545274	867.721391480	9.698	177.802	2332.DSG_RAWD_HMS_14_10_ 0__DMY_14_ 8_15.wav	0.1228	4.5713	3	1	2	2		2
108	Spectrogram 1	1	875.402521844	875.531833640	1.078	313.578	2333.DSG_RAWD_HMS_14_15_ 0__DMY_14_ 8_15.wav	0.1293	1.7257	3	1	2	2		2
109	Spectrogram 1	1	911.887845205	912.055950540	5.388	118.534	2336.DSG_RAWD_HMS_14_30_ 0__DMY_14_ 8_15.wav	0.1681	6.2622	3	2	2	2		2
110	Spectrogram 1	1	919.931038942	920.092678688	10.776	185.345	2337.DSG_RAWD_HMS_14_35_ 0__DMY_14_ 8_15.wav	0.1616	3.6558	3	2	2	2		2
111	Spectrogram 1	1	948.974468417	949.136108163	26.940	184.267	2340.DSG_RAWD_HMS_14_50_ 0__DMY_14_ 8_15.wav	0.1616	0.7505	3	2	2	2		2
112	Spectrogram 1	1	951.709412911	951.858121477	25.862	129.310	2340.DSG_RAWD_HMS_14_50_ 0__DMY_14_ 8_15.wav	0.1487	3.4854	3	2	2	2		2
113	Spectrogram 1	1	953.749306499	953.855993359	24.784	186.102	2340.DSG_RAWD_HMS_14_50_ 0__DMY_14_ 8_15.wav	0.1067	5.5253	3	2	2	2		2
114	Spectrogram 1	1	958.996146118	959.099595556	16.164	137.931	2341.DSG_RAWD_HMS_14_55_ 0__DMY_14_ 8_15.wav	0.1034	0.1225	3	1	2	2		1
115	Spectrogram 1	1	965.047952274	967.466082867	21.552	134.698	2341.DSG_RAWD_HMS_14_55_ 0__DMY_14_ 8_15.wav	2.4181	6.1744	2	3	2	2		2
116	Spectrogram 1	1	969.470415711	969.522140429	16.164	199.353	2341.DSG_RAWD_HMS_14_55_ 0__DMY_14_ 8_15.wav	0.0517	10.5968	3	1	1	2		2
117	Spectrogram 1	1	975.858430324	975.994207710	9.698	371.767	2342.DSG_RAWD_HMS_15_ 0_ 0__DMY_14_ 8_15.wav	0.1358	6.3352	3	1	2	2		2
118	Spectrogram 1	1	985.640867724	985.854232189	14.009	216.595	2343.DSG_RAWD_HMS_15_ 5_ 0__DMY_14_ 8_15.wav	0.2134	5.4681	3	1	2	2		2
119	Spectrogram 1	1	990.082727930	990.179711778	10.776	130.388	2343.DSG_RAWD_HMS_15_ 5_ 0__DMY_14_ 8_15.wav	0.0970	9.9099	3	2	2	2		2
120	Spectrogram 1	1	990.315489164	990.470663320	4.310	223.060	2343.DSG_RAWD_HMS_15_ 5_ 0__DMY_14_ 8_15.wav	0.1552	10.1427	3	1	2	2		2
121	Spectrogram 1	1	991.000841685	991.130153481	15.086	237.737	2344.DSG_RAWD_HMS_15_10_ 0__DMY_14_ 8_15.wav	0.1293	0.1784	3	2	2	2		2
122	Spectrogram 1	1	991.996542517	992.080595185	12.931	184.267	2344.DSG_RAWD_HMS_15_10_ 0__DMY_14_ 8_15.wav	0.0841	1.1741	3	3	2	2		2
123	Spectrogram 1	1	996.923321961	997.033236988	12.931	100.216	2344.DSG_RAWD_HMS_15_10_ 0__DMY_14_ 8_15.wav	0.1099	6.1009	3	2	2	2		1
124	Spectrogram 1	1	1000.427671644	1000.537586671	4.310	134.698	2344.DSG_RAWD_HMS_15_10_ 0__DMY_14_ 8_15.wav	0.1099	9.6053	3	3	2	2		2
125	Spectrogram 1	1	1001.669064889	1001.817773455	0.000	210.129	2345.DSG_RAWD_HMS_15_15_ 0__DMY_14_ 8_15.wav	0.1487	0.1971	3	1	2	2		2
126	Spectrogram 1	1	1003.569948298	1003.718656864	0.000	167.026	2345.DSG_RAWD_HMS_15_15_ 0__DMY_14_ 8_15.wav	0.1487	2.0979	3	2	2	2		2
127	Spectrogram 1	1	1007.559217216	1007.740253731	0.000	177.802	2345.DSG_RAWD_HMS_15_15_ 0__DMY_14_ 8_15.wav	0.1810	6.0872	3	1	2	2		2
128	Spectrogram 1	1	1010.255368173	1011.373915212	39.871	161.638	2345.DSG_RAWD_HMS_15_15_ 0__DMY_14_ 8_15.wav	1.1185	8.7834	1	3	2	2		1
129	Spectrogram 1	1	1019.656335773	1019.811509928	10.776	186.422	2346.DSG_RAWD_HMS_15_20_ 0__DMY_14_ 8_15.wav	0.1552	7.5347	3	1	2	2		2
130	Spectrogram 1	1	1023.361118739	1023.516292895	31.250	149.784	2347.DSG_RAWD_HMS_15_25_ 0__DMY_14_ 8_15.wav	0.1552	0.5899	3	1	2	2		2
131	Spectrogram 1	1	1025.371917173	1025.455969841	14.009	125.000	2347.DSG_RAWD_HMS_15_25_ 0__DMY_14_ 8_15.wav	0.0841	2.6007	3	2	2	2		1
132	Spectrogram 1	1	1028.759889458	1028.863338895	11.853	275.862	2347.DSG_RAWD_HMS_15_25_ 0__DMY_14_ 8_15.wav	0.1034	5.9887	3	1	2	2		2
133	Spectrogram 1	1	1031.785791941	1031.928034917	32.328	246.767	2347.DSG_RAWD_HMS_15_25_ 0__DMY_14_ 8_15.wav	0.1422	9.0146	3	2	2	2		2
134	Spectrogram 1	1	1038.807420682	1039.007853967	20.474	229.526	2348.DSG_RAWD_HMS_15_30_ 0__DMY_14_ 8_15.wav	0.2004	5.3866	3	2	2	2		2
135	Spectrogram 1	1	1048.253647473	1048.434683988	16.164	174.569	2349.DSG_RAWD_HMS_15_35_ 0__DMY_14_ 8_15.wav	0.1810	4.1832	3	2	2	2		2
136	Spectrogram 1	1	1052.928270253	1053.135169127	21.552	195.043	2349.DSG_RAWD_HMS_15_35_ 0__DMY_14_ 8_15.wav	0.2069	8.8579	3	1	2	2		2
137	Spectrogram 1	1	1054.531736528	1054.673979504	5.388	176.724	2349.DSG_RAWD_HMS_15_35_ 0__DMY_14_ 8_15.wav	0.1422	10.4613	3	2	2	2		2
138	Spectrogram 1	1	1059.820589450	1060.066281863	0.000	116.379	2350.DSG_RAWD_HMS_15_40_ 0__DMY_14_ 8_15.wav	0.2457	5.1006	3	2	2	2		2
139	Spectrogram 1	1	1063.253817893	1063.454251177	0.000	205.819	2350.DSG_RAWD_HMS_15_40_ 0__DMY_14_ 8_15.wav	0.2004	8.5338	3	2	2	2		2
140	Spectrogram 1	1	1063.661150051	1063.796927437	21.552	133.621	2350.DSG_RAWD_HMS_15_40_ 0__DMY_14_ 8_15.wav	0.1358	8.9412	3	2	2	2		2
141	Spectrogram 1	1	1063.835720976	1063.977963952	14.009	323.276	2350.DSG_RAWD_HMS_15_40_ 0__DMY_14_ 8_15.wav	0.1422	9.1157	3	1	2	2		2
142	Spectrogram 1	1	1065.730140497	1066.945671384	46.336	141.164	2351.DSG_RAWD_HMS_15_45_ 0__DMY_14_ 8_15.wav	1.2155	0.3605	1	2	2	1		2
143	Spectrogram 1	1	1066.602995123	1066.771100458	32.328	299.569	2351.DSG_RAWD_HMS_15_45_ 0__DMY_14_ 8_15.wav	0.1681	1.2334	3	1	2	1		2
144	Spectrogram 1	1	1069.208627820	1069.376733156	9.698	159.483	2351.DSG_RAWD_HMS_15_45_ 0__DMY_14_ 8_15.wav	0.1681	3.8390	3	2	2	2		2
145	Spectrogram 1	1	1070.572867272	1070.695713479	5.388	147.629	2351.DSG_RAWD_HMS_15_45_ 0__DMY_14_ 8_15.wav	0.1228	5.2033	3	2	2	2		2
146	Spectrogram 1	1	1073.941437967	1074.116008892	19.397	214.440	2351.DSG_RAWD_HMS_15_45_ 0__DMY_14_ 8_15.wav	0.1746	8.5718	3	1	2	2		2
147	Spectrogram 1	1	1083.083779995	1083.232488560	1.078	141.164	2352.DSG_RAWD_HMS_15_50_ 0__DMY_14_ 8_15.wav	0.1487	7.0646	3	2	2	2		2
148	Spectrogram 1	1	1086.756235012	1086.833822090	30.172	146.552	2353.DSG_RAWD_HMS_15_55_ 0__DMY_14_ 8_15.wav	0.0776	0.0874	3	3	2	2		1
149	Spectrogram 1	1	1086.846750509	1086.950202707	31.250	103.448	2353.DSG_RAWD_HMS_15_55_ 0__DMY_14_ 8_15.wav	0.1035	0.1780	3	2	2	2		2
150	Spectrogram 1	1	1088.560131811	1088.702374787	9.698	132.543	2353.DSG_RAWD_HMS_15_55_ 0__DMY_14_ 8_15.wav	0.1422	1.8913	3	3	2	2		2
151	Spectrogram 1	1	1098.575324709	1098.736964454	12.931	171.336	2354.DSG_RAWD_HMS_16_ 0_ 0__DMY_14_ 8_15.wav	0.1616	0.8473	3	2	2	2		2
152	Spectrogram 1	1	1100.120600676	1100.249912472	25.862	154.095	2354.DSG_RAWD_HMS_16_ 0_ 0__DMY_14_ 8_15.wav	0.1293	2.3926	3	2	2	2		2
153	Spectrogram 1	1	1109.340529044	1109.463375251	23.707	136.853	2355.DSG_RAWD_HMS_16_ 5_ 0__DMY_14_ 8_15.wav	0.1228	0.9629	3	2	2	2		2
154	Spectrogram 1	1	1112.540994761	1112.650909788	32.328	140.086	2355.DSG_RAWD_HMS_16_ 5_ 0__DMY_14_ 8_15.wav	0.1099	4.1634	3	2	2	2		1
155	Spectrogram 1	1	1115.773789671	1115.903101467	5.388	135.776	2355.DSG_RAWD_HMS_16_ 5_ 0__DMY_14_ 8_15.wav	0.1293	7.3962	3	2	2	2		2
156	Spectrogram 1	1	1116.000085315	1116.097069162	11.853	226.293	2355.DSG_RAWD_HMS_16_ 5_ 0__DMY_14_ 8_15.wav	0.0970	7.6225	3	2	2	2		2
157	Spectrogram 1	1	1116.510866910	1116.724231374	11.853	207.974	2355.DSG_RAWD_HMS_16_ 5_ 0__DMY_14_ 8_15.wav	0.2134	8.1333	3	1	2	2		2
158	Spectrogram 1	1	1117.778122515	1117.926831081	12.931	172.414	2355.DSG_RAWD_HMS_16_ 5_ 0__DMY_14_ 8_15.wav	0.1487	9.4005	3	2	2	2		2
159	Spectrogram 1	1	1120.823414076	1120.965657052	17.241	196.121	2356.DSG_RAWD_HMS_16_10_ 0__DMY_14_ 8_15.wav	0.1422	1.7962	3	1	2	2		2
160	Spectrogram 1	1	1120.978588232	1121.094968849	36.638	183.190	2356.DSG_RAWD_HMS_16_10_ 0__DMY_14_ 8_15.wav	0.1164	1.9514	3	2	2	2		2
161	Spectrogram 1	1	1126.939862045	1127.043311482	12.931	200.431	2356.DSG_RAWD_HMS_16_10_ 0__DMY_14_ 8_15.wav	0.1034	7.9127	3	2	2	2		2
162	Spectrogram 1	1	1127.670474059	1127.780389086	33.405	188.578	2356.DSG_RAWD_HMS_16_10_ 0__DMY_14_ 8_15.wav	0.1099	8.6433	3	2	2	2		2
163	Spectrogram 1	1	1130.754560450	1130.877406657	26.940	209.052	2357.DSG_RAWD_HMS_16_15_ 0__DMY_14_ 8_15.wav	0.1228	1.0778	3	1	2	2		2
164	Spectrogram 1	1	1138.358088919	1140.317162635	31.250	143.319	2357.DSG_RAWD_HMS_16_15_ 0__DMY_14_ 8_15.wav	1.9591	8.6813	1	2	1	2		1
165	Spectrogram 1	1	1142.470204045	1142.618912610	23.707	141.164	2358.DSG_RAWD_HMS_16_20_ 0__DMY_14_ 8_15.wav	0.1487	2.1438	3	3	2	2		2
166	Spectrogram 1	1	1146.271968615	1146.401280412	16.164	142.241	2358.DSG_RAWD_HMS_16_20_ 0__DMY_14_ 8_15.wav	0.1293	5.9456	3	2	2	2		2
167	Spectrogram 1	1	1147.668536389	1150.978918376	9.698	158.405	2358.DSG_RAWD_HMS_16_20_ 0__DMY_14_ 8_15.wav	3.3104	7.3421	2	2	1	2		2
168	Spectrogram 1	1	1156.371216403	1156.494062610	3.233	145.474	2359.DSG_RAWD_HMS_16_25_ 0__DMY_14_ 8_15.wav	0.1228	5.3952	3	3	2	2		2
169	Spectrogram 1	1	1156.629839996	1156.720358254	12.931	243.534	2359.DSG_RAWD_HMS_16_25_ 0__DMY_14_ 8_15.wav	0.0905	5.6538	3	1	2	2		2
170	Spectrogram 1	1	1157.224674259	1157.315192517	10.776	164.871	2359.DSG_RAWD_HMS_16_25_ 0__DMY_14_ 8_15.wav	0.0905	6.2487	3	2	2	2		2
171	Spectrogram 1	1	1158.097528885	1158.304427759	30.172	147.629	2359.DSG_RAWD_HMS_16_25_ 0__DMY_14_ 8_15.wav	0.2069	7.1215	3	3	2	2		1
172	Spectrogram 1	1	1158.472533095	1158.563051352	26.940	187.500	2359.DSG_RAWD_HMS_16_25_ 0__DMY_14_ 8_15.wav	0.0905	7.4965	3	2	2	2		2
173	Spectrogram 1	1	1158.556585762	1158.718225508	35.560	188.578	2359.DSG_RAWD_HMS_16_25_ 0__DMY_14_ 8_15.wav	0.1616	7.5806	3	2	2	2		2
174	Spectrogram 1	1	1160.140656398	1160.302296144	14.009	217.672	2359.DSG_RAWD_HMS_16_25_ 0__DMY_14_ 8_15.wav	0.1616	9.1647	3	1	2	2		2
175	Spectrogram 1	1	1161.698863545	1161.841106521	3.233	149.784	2360.DSG_RAWD_HMS_16_30_ 0__DMY_14_ 8_15.wav	0.1422	0.0733	3	2	2	2		2
176	Spectrogram 1	1	1175.871434940	1176.020143506	17.241	196.121	2361.DSG_RAWD_HMS_16_35_ 0__DMY_14_ 8_15.wav	0.1487	3.5962	3	2	2	2		2
177	Spectrogram 1	1	1183.035307154	1183.138756591	33.405	121.767	2362.DSG_RAWD_HMS_16_40_ 0__DMY_14_ 8_15.wav	0.1034	0.1105	3	2	2	2		1
178	Spectrogram 1	1	1190.968585508	1191.143156433	17.241	133.621	2362.DSG_RAWD_HMS_16_40_ 0__DMY_14_ 8_15.wav	0.1746	8.0438	3	2	2	2		1
179	Spectrogram 1	1	1194.460004019	1194.602246995	11.853	204.741	2363.DSG_RAWD_HMS_16_45_ 0__DMY_14_ 8_15.wav	0.1422	0.8856	3	2	2	2		2
180	Spectrogram 1	1	1210.462333039	1210.604576015	16.164	155.172	2364.DSG_RAWD_HMS_16_50_ 0__DMY_14_ 8_15.wav	0.1422	6.2383	3	1	2	2		2
181	Spectrogram 1	1	1214.884796043	1217.930088848	47.414	134.698	2365.DSG_RAWD_HMS_16_55_ 0__DMY_14_ 8_15.wav	3.0453	0.0112	1	2	1	1		2
182	Spectrogram 1	1	1217.277064276	1217.380513714	38.793	182.112	2365.DSG_RAWD_HMS_16_55_ 0__DMY_14_ 8_15.wav	0.1034	2.4035	3	2	2	1		1
183	Spectrogram 1	1	1217.568015818	1217.697327615	17.241	253.233	2365.DSG_RAWD_HMS_16_55_ 0__DMY_14_ 8_15.wav	0.1293	2.6944	3	1	2	1		2
184	Spectrogram 1	1	1236.460464648	1236.680294702	20.474	202.586	2367.DSG_RAWD_HMS_17_ 5_ 0__DMY_14_ 8_15.wav	0.2198	0.2877	3	1	2	2		2
185	Spectrogram 1	1	1239.589809162	1239.744983317	6.466	242.457	2367.DSG_RAWD_HMS_17_ 5_ 0__DMY_14_ 8_15.wav	0.1552	3.4170	3	2	2	1		2
186	Spectrogram 1	1	1239.518686437	1243.579076843	50.647	142.241	2367.DSG_RAWD_HMS_17_ 5_ 0__DMY_14_ 8_15.wav	4.0604	3.3459	1	3	2	1		2
187	Spectrogram 1	1	1244.270894954	1244.451931469	4.310	207.974	2367.DSG_RAWD_HMS_17_ 5_ 0__DMY_14_ 8_15.wav	0.1810	8.0981	3	1	2	2		2
188	Spectrogram 1	1	1246.973512072	1247.173945357	28.017	164.871	2368.DSG_RAWD_HMS_17_10_ 0__DMY_14_ 8_15.wav	0.2004	0.1511	3	1	2	2		2
189	Spectrogram 1	1	1249.469229743	1249.624403898	15.086	164.871	2368.DSG_RAWD_HMS_17_10_ 0__DMY_14_ 8_15.wav	0.1552	2.6468	3	2	2	2		2
190	Spectrogram 1	1	1253.135219868	1253.296859614	5.388	209.052	2368.DSG_RAWD_HMS_17_10_ 0__DMY_14_ 8_15.wav	0.1616	6.3128	3	2	2	2		2
191	Spectrogram 1	1	1253.671863823	1254.977912967	43.103	133.621	2368.DSG_RAWD_HMS_17_10_ 0__DMY_14_ 8_15.wav	1.3060	6.8495	1	3	2	2		2
192	Spectrogram 1	1	1263.570682496	1263.725856652	11.853	150.862	2369.DSG_RAWD_HMS_17_15_ 0__DMY_14_ 8_15.wav	0.1552	5.6891	3	2	2	2		2
193	Spectrogram 1	1	1266.712958438	1266.848735824	10.776	242.457	2369.DSG_RAWD_HMS_17_15_ 0__DMY_14_ 8_15.wav	0.1358	8.8314	3	2	2	2		2
194	Spectrogram 1	1	1267.437104498	1267.514691576	20.474	118.534	2369.DSG_RAWD_HMS_17_15_ 0__DMY_14_ 8_15.wav	0.0776	9.5555	3	3	2	2		1
195	Spectrogram 1	1	1267.708659270	1267.831505477	8.621	107.759	2369.DSG_RAWD_HMS_17_15_ 0__DMY_14_ 8_15.wav	0.1228	9.8271	3	2	2	2		1
196	Spectrogram 1	1	1270.915593191	1271.103095295	4.310	186.422	2370.DSG_RAWD_HMS_17_20_ 0__DMY_14_ 8_15.wav	0.1875	2.3844	3	2	2	2		2
197	Spectrogram 1	1	1273.553552878	1273.682864675	20.474	134.698	2370.DSG_RAWD_HMS_17_20_ 0__DMY_14_ 8_15.wav	0.1293	5.0224	3	2	2	2		1
198	Spectrogram 1	1	1281.370451916	1281.486832533	29.095	120.690	2371.DSG_RAWD_HMS_17_25_ 0__DMY_14_ 8_15.wav	0.1164	2.1897	3	3	2	2		1
199	Spectrogram 1	1	1291.114094530	1291.249871917	22.629	187.500	2372.DSG_RAWD_HMS_17_30_ 0__DMY_14_ 8_15.wav	0.1358	1.2837	3	2	2	2		2
200	Spectrogram 1	1	1312.793211939	1312.980714044	4.310	354.526	2374.DSG_RAWD_HMS_17_40_ 0__DMY_14_ 8_15.wav	0.1875	1.6636	3	1	2	2		2
201	Spectrogram 1	1	1316.633772293	1319.607943610	23.707	147.629	2374.DSG_RAWD_HMS_17_40_ 0__DMY_14_ 8_15.wav	2.9742	5.5042	1	2	2	2		1
202	Spectrogram 1	1	1323.312726577	1323.467900733	11.853	366.379	2375.DSG_RAWD_HMS_17_45_ 0__DMY_14_ 8_15.wav	0.1552	1.5335	3	1	2	2		2
203	Spectrogram 1	1	1325.717923986	1325.911891681	7.543	250.000	2375.DSG_RAWD_HMS_17_45_ 0__DMY_14_ 8_15.wav	0.1940	3.9387	3	1	2	2		2
204	Spectrogram 1	1	1334.065002272	1334.200779658	35.560	127.155	2376.DSG_RAWD_HMS_17_50_ 0__DMY_14_ 8_15.wav	0.1358	1.6362	3	3	2	2		1
205	Spectrogram 1	1	1336.871069144	1337.058571249	5.388	186.422	2376.DSG_RAWD_HMS_17_50_ 0__DMY_14_ 8_15.wav	0.1875	4.4423	3	2	2	2		2
206	Spectrogram 1	1	1341.720261271	1341.875435426	16.164	170.259	2376.DSG_RAWD_HMS_17_50_ 0__DMY_14_ 8_15.wav	0.1552	9.2915	3	2	2	2		2
207	Spectrogram 1	1	1348.069475302	1348.211718278	28.017	139.009	2377.DSG_RAWD_HMS_17_55_ 0__DMY_14_ 8_15.wav	0.1422	4.9911	3	3	2	2		1
208	Spectrogram 1	1	1349.336730907	1349.485439473	29.095	188.578	2377.DSG_RAWD_HMS_17_55_ 0__DMY_14_ 8_15.wav	0.1487	6.2583	3	2	2	2		2
209	Spectrogram 1	1	1348.612584847	1348.722499874	43.103	134.698	2377.DSG_RAWD_HMS_17_55_ 0__DMY_14_ 8_15.wav	0.1099	5.5342	3	2	2	2		1
210	Spectrogram 1	1	1357.017851615	1357.140697821	7.543	196.121	2378.DSG_RAWD_HMS_18_ 0_ 0__DMY_14_ 8_15.wav	0.1228	3.2899	3	2	2			2
211	Spectrogram 1	1	1372.121494182	1372.347789825	12.931	246.767	2379.DSG_RAWD_HMS_18_ 5_ 0__DMY_14_ 8_15.wav	0.2263	7.7439	3	1	2	2		2
212	Spectrogram 1	1	1372.884433780	1373.033142346	15.086	197.198	2379.DSG_RAWD_HMS_18_ 5_ 0__DMY_14_ 8_15.wav	0.1487	8.5068	3	2	2	2		2
213	Spectrogram 1	1	1381.050473724	1381.263838188	15.086	199.353	2380.DSG_RAWD_HMS_18_10_ 0__DMY_14_ 8_15.wav	0.2134	6.0233	3	1	2	2		2
214	Spectrogram 1	1	1384.535426639	1384.709997564	7.543	206.897	2380.DSG_RAWD_HMS_18_10_ 0__DMY_14_ 8_15.wav	0.1746	9.5082	3	2	2	2		2
215	Spectrogram 1	1	1396.891183271	1399.561471867	16.164	150.862	2382.DSG_RAWD_HMS_18_20_ 0__DMY_14_ 8_15.wav	2.6703	0.5648	2	3	2	2		2
216	Spectrogram 1	1	1406.977517675	1408.432275385	40.948	257.543	2383.DSG_RAWD_HMS_18_25_ 0__DMY_14_ 8_15.wav	1.4548	0.0015	1	2	1	2		2
217	Spectrogram 1	1	1417.762139201	1420.083285946	26.940	162.716	2384.DSG_RAWD_HMS_18_30_ 0__DMY_14_ 8_15.wav	2.3211	0.1365	1	3	2	2		1
218	Spectrogram 1	1	1417.678086533	1417.749208021	7.543	150.862	2384.DSG_RAWD_HMS_18_30_ 0__DMY_14_ 8_15.wav	0.0711	0.0525	3	2	2	2		1
219	Spectrogram 1	1	1421.732011352	1421.938910226	26.940	186.422	2384.DSG_RAWD_HMS_18_30_ 0__DMY_14_ 8_15.wav	0.2069	4.1064	3	2	2	2		2
220	Spectrogram 1	1	1422.404432693	1423.833328043	35.560	130.388	2384.DSG_RAWD_HMS_18_30_ 0__DMY_14_ 8_15.wav	1.4289	4.7788	1	2	2	2		1
221	Spectrogram 1	1	1433.454125697	1433.518781595	26.940	162.716	2385.DSG_RAWD_HMS_18_35_ 0__DMY_14_ 8_15.wav	0.0647	5.1789	3	2	2	2		1
222	Spectrogram 1	1	1438.924014686	1440.960675479	39.871	158.405	2385.DSG_RAWD_HMS_18_35_ 0__DMY_14_ 8_15.wav	2.0367	10.6488	1	2	1	2		2
223	Spectrogram 1	1	1446.986605193	1447.225832016	5.388	196.121	2386.DSG_RAWD_HMS_18_40_ 0__DMY_14_ 8_15.wav	0.2392	8.0618	3	2	2	2		2
224	Spectrogram 1	1	1453.439263833	1453.549178859	36.638	192.888	2387.DSG_RAWD_HMS_18_45_ 0__DMY_14_ 8_15.wav	0.1099	3.8649	3	3	2	2		1
225	Spectrogram 1	1	1456.277661989	1456.471629683	0.000	153.017	2387.DSG_RAWD_HMS_18_45_ 0__DMY_14_ 8_15.wav	0.1940	6.7033	3	1	2	2		2
226	Spectrogram 1	1	1457.661303442	1457.803546418	23.707	199.353	2387.DSG_RAWD_HMS_18_45_ 0__DMY_14_ 8_15.wav	0.1422	8.0869	3	3	2	2		2
227	Spectrogram 1	1	1461.792805883	1461.909186500	22.629	169.181	2388.DSG_RAWD_HMS_18_50_ 0__DMY_14_ 8_15.wav	0.1164	1.5688	3	2	2	2		2
228	Spectrogram 1	1	1470.133416750	1470.275659726	16.164	170.259	2388.DSG_RAWD_HMS_18_50_ 0__DMY_14_ 8_15.wav	0.1422	9.9094	3	2	2	2		2
229	Spectrogram 1	1	1470.521352140	1470.631267166	16.164	108.836	2388.DSG_RAWD_HMS_18_50_ 0__DMY_14_ 8_15.wav	0.1099	10.2974	3	3	2	2		2
230	Spectrogram 1	1	1471.601105641	1471.749814207	10.776	200.431	2389.DSG_RAWD_HMS_18_55_ 0__DMY_14_ 8_15.wav	0.1487	0.7275	3	2	2	2		2
231	Spectrogram 1	1	1471.904988363	1472.008437800	24.784	162.716	2389.DSG_RAWD_HMS_18_55_ 0__DMY_14_ 8_15.wav	0.1034	1.0314	3	2	2	2		2
232	Spectrogram 1	1	1472.344648471	1474.374843674	29.095	135.776	2389.DSG_RAWD_HMS_18_55_ 0__DMY_14_ 8_15.wav	2.0302	1.4710	2	3	2	2		2
233	Spectrogram 1	1	1476.217536772	1476.275727081	19.397	133.621	2389.DSG_RAWD_HMS_18_55_ 0__DMY_14_ 8_15.wav	0.0582	5.3439	3	3	2	2		1
234	Spectrogram 1	1	1482.010705253	1482.185276178	17.241	164.871	2390.DSG_RAWD_HMS_19_ 0_ 0__DMY_14_ 8_15.wav	0.1746	0.4875	3	2	2	2		2
235	Spectrogram 1	1	1486.989214846	1489.355620720	47.414	202.586	2390.DSG_RAWD_HMS_19_ 0_ 0__DMY_14_ 8_15.wav	2.3664	5.4660	1	3	2	1		1
237	Spectrogram 1	1	1487.357753466	1487.564652340	21.552	264.009	2390.DSG_RAWD_HMS_19_ 0_ 0__DMY_14_ 8_15.wav	0.2069	5.8346	3	1	2	1		2
238	Spectrogram 1	1	1493.390154168	1493.513000374	24.784	224.138	2391.DSG_RAWD_HMS_19_ 5_ 0__DMY_14_ 8_15.wav	0.1228	0.8078	3	2	2	2		2
239	Spectrogram 1	1	1493.836279865	1493.991454021	26.940	181.034	2391.DSG_RAWD_HMS_19_ 5_ 0__DMY_14_ 8_15.wav	0.1552	1.2539	3	2	2	2		2
240	Spectrogram 1	1	1494.715600081	1494.851377467	29.095	261.853	2391.DSG_RAWD_HMS_19_ 5_ 0__DMY_14_ 8_15.wav	0.1358	2.1332	3	2	2	2		2
241	Spectrogram 1	1	1499.105750458	1500.980771505	44.181	165.948	2391.DSG_RAWD_HMS_19_ 5_ 0__DMY_14_ 8_15.wav	1.8750	6.5234	2	2	2	2		1
242	Spectrogram 1	1	1501.394569254	1503.179072044	46.336	161.638	2391.DSG_RAWD_HMS_19_ 5_ 0__DMY_14_ 8_15.wav	1.7845	8.8122	2	1	2	2		1
243	Spectrogram 1	1	1504.737279191	1504.866590987	25.862	225.216	2392.DSG_RAWD_HMS_19_10_ 0__DMY_14_ 8_15.wav	0.1293	1.5053	3	2	2	2		2
244	Spectrogram 1	1	1506.392402992	1509.470023746	31.250	192.888	2392.DSG_RAWD_HMS_19_10_ 0__DMY_14_ 8_15.wav	3.0776	3.1604	1	2	2	1		2
245	Spectrogram 1	1	1506.482921249	1506.599301866	28.017	164.871	2392.DSG_RAWD_HMS_19_10_ 0__DMY_14_ 8_15.wav	0.1164	3.2509	3	2	2	1		2
246	Spectrogram 1	1	1510.575639605	1510.743744940	5.388	158.405	2392.DSG_RAWD_HMS_19_10_ 0__DMY_14_ 8_15.wav	0.1681	7.3436	3	2	2	2		2
247	Spectrogram 1	1	1513.394642601	1513.549816757	29.095	107.759	2392.DSG_RAWD_HMS_19_10_ 0__DMY_14_ 8_15.wav	0.1552	10.1626	3	2	2	2		1
248	Spectrogram 1	1	1518.327899103	1521.211552162	21.552	192.888	2393.DSG_RAWD_HMS_19_15_ 0__DMY_14_ 8_15.wav	2.8837	4.4463	1	2	2	2		2
249	Spectrogram 1	1	1536.716067938	1539.108336171	30.172	151.940	2395.DSG_RAWD_HMS_19_25_ 0__DMY_14_ 8_15.wav	2.3923	1.5353	2	2	2	2		2
250	Spectrogram 1	1	1545.819629068	1548.606298280	33.405	223.060	2395.DSG_RAWD_HMS_19_25_ 0__DMY_14_ 8_15.wav	2.7867	10.6388	2	2	1	2		2
251	Spectrogram 1	1	1552.446870303	1556.462001581	32.328	157.328	2396.DSG_RAWD_HMS_19_30_ 0__DMY_14_ 8_15.wav	4.0151	6.6165	2	2	1	2		2
252	Spectrogram 1	1	1556.474937992	1560.257308037	23.707	187.500	2396.DSG_RAWD_HMS_19_30_ 0__DMY_14_ 8_15.wav	3.7824	10.6445	2	2	1	2		1
253	Spectrogram 1	1	1563.121574588	1566.768167246	21.552	160.560	2397.DSG_RAWD_HMS_19_35_ 0__DMY_14_ 8_15.wav	3.6466	6.6416	2	2	2	2		2
254	Spectrogram 1	1	1568.080687211	1570.576404882	26.940	129.310	2398.DSG_RAWD_HMS_19_40_ 0__DMY_14_ 8_15.wav	2.4957	0.9511	1	2	2	2		1
255	Spectrogram 1	1	1571.119514426	1571.520380995	59.267	109.914	2398.DSG_RAWD_HMS_19_40_ 0__DMY_14_ 8_15.wav	0.4009	3.9899	1	1	2	2		2
256	Spectrogram 1	1	1576.104492992	1576.285529507	16.164	244.612	2398.DSG_RAWD_HMS_19_40_ 0__DMY_14_ 8_15.wav	0.1810	8.9749	3	2	2	2		2
257	Spectrogram 1	1	1578.406243571	1578.522624188	31.250	268.319	2399.DSG_RAWD_HMS_19_45_ 0__DMY_14_ 8_15.wav	0.1164	0.6270	3	2	2	2		2
258	Spectrogram 1	1	1583.003289402	1583.119670019	12.931	165.948	2399.DSG_RAWD_HMS_19_45_ 0__DMY_14_ 8_15.wav	0.1164	5.2241	3	1	2	2		2
259	Spectrogram 1	1	1583.611054845	1583.785625770	17.241	211.207	2399.DSG_RAWD_HMS_19_45_ 0__DMY_14_ 8_15.wav	0.1746	5.8319	3	2	2	2		2
260	Spectrogram 1	1	1583.895540797	1584.011921414	22.629	160.560	2399.DSG_RAWD_HMS_19_45_ 0__DMY_14_ 8_15.wav	0.1164	6.1163	3	1	2	2		2
261	Spectrogram 1	1	1585.886946687	1586.042120843	30.172	200.431	2399.DSG_RAWD_HMS_19_45_ 0__DMY_14_ 8_15.wav	0.1552	8.1077	3	2	2	2		2
262	Spectrogram 1	1	1586.979631366	1587.108943163	14.009	149.784	2399.DSG_RAWD_HMS_19_45_ 0__DMY_14_ 8_15.wav	0.1293	9.2004	3	2	2	2		2
263	Spectrogram 1	1	1587.755502145	1588.408526717	62.500	127.155	2399.DSG_RAWD_HMS_19_45_ 0__DMY_14_ 8_15.wav	0.6530	9.9763	3	1	1	2		1
264	Spectrogram 1	1	1588.440863318	1592.223233362	26.940	139.009	2400.DSG_RAWD_HMS_19_50_ 0__DMY_14_ 8_15.wav	3.7824	0.0121	2	2	1	2		2
265	Spectrogram 1	1	1593.322388460	1595.662931975	19.397	165.948	2400.DSG_RAWD_HMS_19_50_ 0__DMY_14_ 8_15.wav	2.3405	4.8936	2	2	2	2		2
266	Spectrogram 1	1	1596.134920032	1596.303025367	36.638	130.388	2400.DSG_RAWD_HMS_19_50_ 0__DMY_14_ 8_15.wav	0.1681	7.7061	3	2	2	2		1
267	Spectrogram 1	1	1599.089702388	1600.253508556	43.103	154.095	2401.DSG_RAWD_HMS_19_55_ 0__DMY_14_ 8_15.wav	1.1638	0.0113	1	2	1	2		2
268	Spectrogram 1	1	1609.721720728	1610.950182794	49.569	153.017	2401.DSG_RAWD_HMS_19_55_ 0__DMY_14_ 8_15.wav	1.2285	10.6433	1	2	1	2		2
269	Spectrogram 1	1	1613.167880102	1616.704557733	43.103	176.724	2402.DSG_RAWD_HMS_20_ 0_ 0__DMY_14_ 8_15.wav	3.5367	3.4399	1	2	2	2		1
270	Spectrogram 1	1	1618.573121441	1618.676570878	37.716	141.164	2402.DSG_RAWD_HMS_20_ 0_ 0__DMY_14_ 8_15.wav	0.1034	8.8451	3	2	2	2		2
271	Spectrogram 1	1	1622.316704787	1624.683110661	28.017	165.948	2403.DSG_RAWD_HMS_20_ 5_ 0__DMY_14_ 8_15.wav	2.3664	1.9391	1	1	2	2		2
272	Spectrogram 1	1	1628.517213674	1631.019396934	30.172	169.181	2403.DSG_RAWD_HMS_20_ 5_ 0__DMY_14_ 8_15.wav	2.5022	8.1396	2	2	1	2		1
273	Spectrogram 1	1	1632.077213140	1632.200059346	48.491	127.155	2404.DSG_RAWD_HMS_20_10_ 0__DMY_14_ 8_15.wav	0.1228	1.0500	3	1	2	2		1
274	Spectrogram 1	1	1632.529804427	1632.646185044	63.578	144.397	2404.DSG_RAWD_HMS_20_10_ 0__DMY_14_ 8_15.wav	0.1164	1.5026	3	1	2	2		1
275	Spectrogram 1	1	1633.396193463	1633.531970849	53.879	122.845	2404.DSG_RAWD_HMS_20_10_ 0__DMY_14_ 8_15.wav	0.1358	2.3690	3	2	2	2		1
276	Spectrogram 1	1	1633.745335313	1633.874647110	64.655	137.931	2404.DSG_RAWD_HMS_20_10_ 0__DMY_14_ 8_15.wav	0.1293	2.7181	3	2	2	2		1
277	Spectrogram 1	1	1654.137831159	1658.928833216	33.405	162.716	2406.DSG_RAWD_HMS_20_20_ 0__DMY_14_ 8_15.wav	4.7910	1.8114	2	2	2	2		2
278	Spectrogram 1	1	1668.000073036	1671.426835641	24.784	168.103	2407.DSG_RAWD_HMS_20_25_ 0__DMY_14_ 8_15.wav	3.4268	5.0241	1	2	2	2		2
279	Spectrogram 1	1	1678.610120015	1678.732966222	14.009	197.198	2408.DSG_RAWD_HMS_20_30_ 0__DMY_14_ 8_15.wav	0.1228	4.9845	3	2	2	2		2
280	Spectrogram 1	1	1686.536949633	1689.608104797	35.560	318.966	2409.DSG_RAWD_HMS_20_35_ 0__DMY_14_ 8_15.wav	3.0712	2.2617	1	3	2	2		2
281	Spectrogram 1	1	1696.371131668	1698.116840919	44.181	185.345	2410.DSG_RAWD_HMS_20_40_ 0__DMY_14_ 8_15.wav	1.7457	1.4463	1	2	2	2		2
282	Spectrogram 1	1	1706.450992837	1708.571706297	44.181	163.793	2411.DSG_RAWD_HMS_20_45_ 0__DMY_14_ 8_15.wav	2.1207	0.8766	1	2	2	2		2
283	Spectrogram 1	1	1715.548088539	1715.670934746	34.483	173.491	2411.DSG_RAWD_HMS_20_45_ 0__DMY_14_ 8_15.wav	0.1228	9.9737	3	2	2	1		2
284	Spectrogram 1	1	1713.938156674	1716.214044291	37.716	134.698	2411.DSG_RAWD_HMS_20_45_ 0__DMY_14_ 8_15.wav	2.2759	8.3638	1	3	1	1		2
285	Spectrogram 1	1	1720.442548081	1720.649446955	12.931	256.466	2412.DSG_RAWD_HMS_20_50_ 0__DMY_14_ 8_15.wav	0.2069	4.2185	3	1	2	2		2
286	Spectrogram 1	1	1723.213058148	1725.479247380	18.319	189.655	2412.DSG_RAWD_HMS_20_50_ 0__DMY_14_ 8_15.wav	2.2662	6.9891	2	2	2	2		2
287	Spectrogram 1	1	1727.127985862	1729.934051844	38.793	126.078	2413.DSG_RAWD_HMS_20_55_ 0__DMY_14_ 8_15.wav	2.8061	0.2544	1	2	2	2		2
289	Spectrogram 1	1	1733.140984394	1733.328486499	16.164	168.103	2413.DSG_RAWD_HMS_20_55_ 0__DMY_14_ 8_15.wav	0.1875	6.2674	3	2	2	1		2
291	Spectrogram 1	1	1732.733657831	1736.522493465	37.716	147.629	2413.DSG_RAWD_HMS_20_55_ 0__DMY_14_ 8_15.wav	3.7888	5.8601	2	2	2	1		2
292	Spectrogram 1	1	1738.927702536	1744.636818347	42.026	155.172	2414.DSG_RAWD_HMS_21_ 0_ 0__DMY_14_ 8_15.wav	5.7091	0.9949	2	1	2	2		2
293	Spectrogram 1	1	1746.557111401	1748.567909835	31.250	136.853	2414.DSG_RAWD_HMS_21_ 0_ 0__DMY_14_ 8_15.wav	2.0108	8.6243	1	2	1	2		2
294	Spectrogram 1	1	1754.328760223	1754.445140840	18.319	169.181	2415.DSG_RAWD_HMS_21_ 5_ 0__DMY_14_ 8_15.wav	0.1164	5.7464	3	2	2	2		2
295	Spectrogram 1	1	1759.223221738	1761.770664127	32.328	197.198	2415.DSG_RAWD_HMS_21_ 5_ 0__DMY_14_ 8_15.wav	2.5474	10.6408	1	2	1	2		2
296	Spectrogram 1	1	1765.171556527	1765.294402734	25.862	165.948	2416.DSG_RAWD_HMS_21_10_ 0__DMY_14_ 8_15.wav	0.1228	5.9396	3	3	2	2		2
297	Spectrogram 1	1	1765.675872533	1769.574623194	35.560	195.043	2416.DSG_RAWD_HMS_21_10_ 0__DMY_14_ 8_15.wav	3.8988	6.4439	1	2	2	2		2
298	Spectrogram 1	1	1769.742728529	1769.800918838	25.862	246.767	2416.DSG_RAWD_HMS_21_10_ 0__DMY_14_ 8_15.wav	0.0582	10.5107	3	1	2	2		2
299	Spectrogram 1	1	1774.349461276	1774.485238662	8.621	206.897	2417.DSG_RAWD_HMS_21_15_ 0__DMY_14_ 8_15.wav	0.1358	4.4679	3	1	2	2		2
300	Spectrogram 1	1	1786.194447406	1791.153554797	19.397	161.638	2418.DSG_RAWD_HMS_21_20_ 0__DMY_14_ 8_15.wav	4.9591	5.6632	2	1	1	2		2
301	Spectrogram 1	1	1792.362631764	1796.112673859	49.569	168.103	2419.DSG_RAWD_HMS_21_25_ 0__DMY_14_ 8_15.wav	3.7500	1.1818	1	2	2	2		1
302	Spectrogram 1	1	1808.600595311	1808.697579159	23.707	229.526	2420.DSG_RAWD_HMS_21_30_ 0__DMY_14_ 8_15.wav	0.0970	6.7702	3	2	2	2		2
303	Spectrogram 1	1	1812.492891852	1818.945550492	40.948	176.724	2421.DSG_RAWD_HMS_21_35_ 0__DMY_14_ 8_15.wav	6.4527	0.0129	1	1	1	2		2
304	Spectrogram 1	1	1823.161124712	1826.943501799	35.560	161.638	2422.DSG_RAWD_HMS_21_40_ 0__DMY_14_ 8_15.wav	3.7824	0.0315	1	2	1	2		1
305	Spectrogram 1	1	1844.447975944	1855.036409275	33.405	149.784	2424.DSG_RAWD_HMS_21_50_ 0__DMY_14_ 8_15.wav	10.5884	0.0192	6	1	1	2		2
306	Spectrogram 1	1	1884.170098792	1887.008492723	12.931	306.034	2427.DSG_RAWD_HMS_22_ 5_ 0__DMY_14_ 8_15.wav	2.8384	7.7925	1	1	1	1		2
307	Spectrogram 1	1	1887.021432555	1890.609834904	29.095	281.250	2427.DSG_RAWD_HMS_22_ 5_ 0__DMY_14_ 8_15.wav	3.5884	10.6438	2	1	1	1		2
309	Spectrogram 1	1	1880.478237506	1887.014948814	31.250	336.207	2427.DSG_RAWD_HMS_22_ 5_ 0__DMY_14_ 8_15.wav	6.5367	4.1006	6	1	1	1		2
310	Spectrogram 1	1	1887.021428485	1897.676720508	24.784	348.060	2427.DSG_RAWD_HMS_22_ 5_ 0__DMY_14_ 8_15.wav	10.6553	10.6438	6	1	1	1		2
311	Spectrogram 1	1	1897.696132810	1908.325562474	40.948	332.974	2429.DSG_RAWD_HMS_22_15_ 0__DMY_14_ 8_15.wav	10.6294	0.0193	6	1	1	2		2
312	Spectrogram 1	1	1908.344972191	1918.967936264	30.172	304.957	2430.DSG_RAWD_HMS_22_20_ 0__DMY_14_ 8_15.wav	10.6230	0.0186	6	1	1	2		2
313	Spectrogram 1	1	1918.987347622	1929.616777285	23.707	320.043	2431.DSG_RAWD_HMS_22_25_ 0__DMY_14_ 8_15.wav	10.6294	0.0113	6	1	1	2		2
314	Spectrogram 1	1	1929.629722726	1940.233290030	28.017	320.043	2432.DSG_RAWD_HMS_22_30_ 0__DMY_14_ 8_15.wav	10.6036	0.0041	6	1	1	2		2
315	Spectrogram 1	1	1940.278562816	1950.907992479	20.474	326.509	2433.DSG_RAWD_HMS_22_35_ 0__DMY_14_ 8_15.wav	10.6294	0.0034	6	1	1	2		2
316	Spectrogram 1	1	1950.933868316	1961.563297980	17.241	310.345	2434.DSG_RAWD_HMS_22_40_ 0__DMY_14_ 8_15.wav	10.6294	0.0091	6	1	1	2		2
317	Spectrogram 1	1	1961.582708213	1972.205672286	22.629	306.034	2435.DSG_RAWD_HMS_22_45_ 0__DMY_14_ 8_15.wav	10.6230	0.0083	6	1	1	2		2
318	Spectrogram 1	1	1972.205685131	1982.906236283	20.474	303.879	2435.DSG_RAWD_HMS_22_45_ 0__DMY_14_ 8_15.wav	10.7006	10.6313	6	1	1	2		2
319	Spectrogram 1	1	1982.873922102	1993.529214124	18.319	290.948	2437.DSG_RAWD_HMS_22_55_ 0__DMY_14_ 8_15.wav	10.6553	0.0003	6	1	1	2		2
320	Spectrogram 1	1	1993.529226454	2004.152190528	30.172	295.259	2438.DSG_RAWD_HMS_23_ 0_ 0__DMY_14_ 8_15.wav	10.6230	0.0060	6	1	1	2		2
321	Spectrogram 1	1	2004.171601489	2014.820427922	20.474	283.405	2438.DSG_RAWD_HMS_23_ 0_ 0__DMY_14_ 8_15.wav	10.6488	10.6484	6	1	1	2		2
322	Spectrogram 1	1	2014.833372655	2025.469267908	21.552	297.414	2440.DSG_RAWD_HMS_23_10_ 0__DMY_14_ 8_15.wav	10.6359	0.0110	6	1	1	2		2
323	Spectrogram 1	1	2025.469280954	2036.105176207	24.784	198.276	2440.DSG_RAWD_HMS_23_10_ 0__DMY_14_ 8_15.wav	10.6359	10.6469	6	2	1	2		2
324	Spectrogram 1	1	2036.140751393	2046.783112236	23.707	221.983	2442.DSG_RAWD_HMS_23_20_ 0__DMY_14_ 8_15.wav	10.6424	0.0192	6	2	1	2		2
325	Spectrogram 1	1	2046.776646445	2057.419007288	25.862	229.526	2443.DSG_RAWD_HMS_23_25_ 0__DMY_14_ 8_15.wav	10.6424	0.0054	6	1	1	2		2
326	Spectrogram 1	1	2057.425458440	2068.048422514	28.017	192.888	2444.DSG_RAWD_HMS_23_30_ 0__DMY_14_ 8_15.wav	10.6230	0.0047	6	2	1	2		2
327	Spectrogram 1	1	2068.087210340	2073.382528402	35.560	188.578	2445.DSG_RAWD_HMS_23_35_ 0__DMY_14_ 8_15.wav	5.2953	0.0168	1	1	1	2		2
328	Spectrogram 1	1	2078.729557616	2089.378384049	25.862	183.190	2446.DSG_RAWD_HMS_23_40_ 0__DMY_14_ 8_15.wav	10.6488	0.0096	6	2	1	2		2
329	Spectrogram 1	1	2086.455937450	2089.378384049	30.172	157.328	2446.DSG_RAWD_HMS_23_40_ 0__DMY_14_ 8_15.wav	2.9224	7.7359	2	2	1	1		2
330	Spectrogram 1	1	2089.381602569	2091.114380641	24.784	169.181	2447.DSG_RAWD_HMS_23_45_ 0__DMY_14_ 8_15.wav	1.7328	0.0120	6	1	1	2		1
331	Spectrogram 1	1	2097.495919488	2100.017499517	21.552	157.328	2447.DSG_RAWD_HMS_23_45_ 0__DMY_14_ 8_15.wav	2.5216	8.1263	6	2	1	2		1
332	Spectrogram 1	1	2121.321601033	2125.550096775	28.017	182.112	2450.DSG_RAWD_HMS_ 0_ 0_ 0__DMY_15_ 8_15.wav	4.2285	0.0032	2	2	1	2		2
333	Spectrogram 1	1	2135.891475911	2141.742834698	48.491	121.767	2451.DSG_RAWD_HMS_ 0_ 5_ 0__DMY_15_ 8_15.wav	5.8514	3.9235	1	3	2	2		2
334	Spectrogram 1	1	2205.357718869	2205.480565076	25.862	182.112	2457.DSG_RAWD_HMS_ 0_35_ 0__DMY_15_ 8_15.wav	0.1228	9.4921	3	3	2	2		2
335	Spectrogram 1	1	2250.574749095	2253.329090358	44.181	137.931	2462.DSG_RAWD_HMS_ 1_ 0_ 0__DMY_15_ 8_15.wav	2.7543	1.4611	1	2	2	2		2
336	Spectrogram 1	1	2294.288575272	2294.430818248	25.862	167.026	2466.DSG_RAWD_HMS_ 1_20_ 0__DMY_15_ 8_15.wav	0.1422	2.1670	3	3	2	2		2
337	Spectrogram 1	1	2307.012843721	2307.161552287	17.241	216.595	2467.DSG_RAWD_HMS_ 1_25_ 0__DMY_15_ 8_15.wav	0.1487	4.2416	3	2	2	2		2
338	Spectrogram 1	1	2299.621765695	2299.776939851	17.241	163.793	2466.DSG_RAWD_HMS_ 1_20_ 0__DMY_15_ 8_15.wav	0.1552	7.5002	3	2	2	2		2
339	Spectrogram 1	1	2305.725282485	2305.880456640	22.629	150.862	2467.DSG_RAWD_HMS_ 1_25_ 0__DMY_15_ 8_15.wav	0.1552	2.9541	3	3	2	2		2
340	Spectrogram 1	1	2430.692104129	2430.860209464	30.120	196.859	2479.DSG_RAWD_HMS_ 2_25_ 0__DMY_15_ 8_15.wav	0.1681	0.1257	3	2	2	2		2
341	Spectrogram 1	1	2513.192956428	2513.367527353	30.120	207.616	2486.DSG_RAWD_HMS_ 3_ 0_ 0__DMY_15_ 8_15.wav	0.1746	8.0794	3	2	2	2		2
342	Spectrogram 1	1	2516.774893188	2516.917136164	29.045	154.905	2487.DSG_RAWD_HMS_ 3_ 5_ 0__DMY_15_ 8_15.wav	0.1422	1.0117	3	2	2	2		2
343	Spectrogram 1	1	2520.512003369	2524.003421871	45.181	123.709	2487.DSG_RAWD_HMS_ 3_ 5_ 0__DMY_15_ 8_15.wav	3.4914	4.7488	1	3	2	1		2
344	Spectrogram 1	1	2521.430117123	2521.565894509	27.969	151.678	2487.DSG_RAWD_HMS_ 3_ 5_ 0__DMY_15_ 8_15.wav	0.1358	5.6669	3	3	2	1		2
345	Spectrogram 1	1	2541.357052819	2541.505761385	24.742	152.754	2489.DSG_RAWD_HMS_ 3_15_ 0__DMY_15_ 8_15.wav	0.1487	4.2947	3	2	2	2		2
346	Spectrogram 1	1	2552.212769624	2552.393806139	21.515	182.874	2490.DSG_RAWD_HMS_ 3_20_ 0__DMY_15_ 8_15.wav	0.1810	4.5008	3	2	2	2		2
347	Spectrogram 1	1	2574.008245225	2574.144022612	18.287	173.193	2492.DSG_RAWD_HMS_ 3_30_ 0__DMY_15_ 8_15.wav	0.1358	4.9970	3	2	2	2		2
348	Spectrogram 1	1	2594.180876948	2594.310188744	22.590	171.041	2494.DSG_RAWD_HMS_ 3_40_ 0__DMY_15_ 8_15.wav	0.1293	3.8705	3	2	2	2		2
349	Spectrogram 1	1	2595.570978759	2595.693824966	34.423	217.298	2494.DSG_RAWD_HMS_ 3_40_ 0__DMY_15_ 8_15.wav	0.1228	5.2606	3	2	2	2		2
350	Spectrogram 1	1	2635.211474908	2635.327855525	29.045	190.404	2498.DSG_RAWD_HMS_ 4_ 0_ 0__DMY_15_ 8_15.wav	0.1164	2.3027	3	2	2	2		2
351	Spectrogram 1	1	2639.394711521	2639.536954497	22.590	149.527	2498.DSG_RAWD_HMS_ 4_ 0_ 0__DMY_15_ 8_15.wav	0.1422	6.4859	3	3	2	2		2
352	Spectrogram 1	1	2657.679388966	2657.808700762	21.515	169.966	2500.DSG_RAWD_HMS_ 4_10_ 0__DMY_15_ 8_15.wav	0.1293	3.4714	3	2	2	2		2
353	Spectrogram 1	1	2662.405733082	2662.586769597	10.757	248.494	2500.DSG_RAWD_HMS_ 4_10_ 0__DMY_15_ 8_15.wav	0.1810	8.1977	3	2	2	2		2
