Selection	View	Channel	Begin Time (s)	End Time (s)	Low Freq (Hz)	High Freq (Hz)	Begin File	Delta Time (s)	File Offset (s)	call variant	level	call cutoff @ end	calls overlap	Notes	false positive
6	Spectrogram 1	1	153.688212745	155.380693084	31.144	203.175	7765.DSG_RAWD_HMS_ 4_10_ 0__DMY_ 7_10_15.wav	1.6925	4.5938	1	2	2	2		2
8	Spectrogram 1	1	294.026151849	295.444175916	41.525	209.107	7778.DSG_RAWD_HMS_ 5_15_ 0__DMY_ 7_10_15.wav	1.4180	6.0774	1	3	2	2		1
11	Spectrogram 1	1	497.116315411	498.429784709	32.627	151.269	7797.DSG_RAWD_HMS_ 6_50_ 0__DMY_ 7_10_15.wav	1.3135	6.8251	1	2	2	2		2
13	Spectrogram 1	1	502.069577329	502.827599411	45.974	161.650	7798.DSG_RAWD_HMS_ 6_55_ 0__DMY_ 7_10_15.wav	0.7580	1.1288	1	2	2	2		1
20	Spectrogram 1	1	798.036461229	799.140820986	31.144	225.420	7825.DSG_RAWD_HMS_ 9_10_ 0__DMY_ 7_10_15.wav	1.1044	9.5565	1	2	1	2		1
21	Spectrogram 1	1	818.444155450	820.241190558	26.694	229.869	7827.DSG_RAWD_HMS_ 9_20_ 0__DMY_ 7_10_15.wav	1.7970	8.6650	1	2	2	2		1
22	Spectrogram 1	1	839.374615397	840.550856559	32.627	203.175	7829.DSG_RAWD_HMS_ 9_30_ 0__DMY_ 7_10_15.wav	1.1762	8.2962	1	2	2	2		2
23	Spectrogram 1	1	842.491635908	843.112429855	31.144	204.658	7830.DSG_RAWD_HMS_ 9_35_ 0__DMY_ 7_10_15.wav	0.6208	0.7636	1	3	2	2		1
26	Spectrogram 1	1	886.130008941	887.469616931	26.694	188.344	7834.DSG_RAWD_HMS_ 9_55_ 0__DMY_ 7_10_15.wav	1.3396	1.8036	1	2	2	2		2
27	Spectrogram 1	1	900.636892173	901.656301180	29.661	158.684	7835.DSG_RAWD_HMS_10_ 0_ 0__DMY_ 7_10_15.wav	1.0194	5.6609	1	3	2	2		1
28	Spectrogram 1	1	902.120262972	903.518683020	25.211	148.303	7835.DSG_RAWD_HMS_10_ 0_ 0__DMY_ 7_10_15.wav	1.3984	7.1443	1	3	2	2		1
29	Spectrogram 1	1	904.132942293	905.531362341	35.593	142.370	7835.DSG_RAWD_HMS_10_ 0_ 0__DMY_ 7_10_15.wav	1.3984	9.1569	1	2	2	2		2
30	Spectrogram 1	1	905.956116094	908.837906940	28.177	177.963	7836.DSG_RAWD_HMS_10_ 5_ 0__DMY_ 7_10_15.wav	2.8818	0.3305	1	2	2	2		2
31	Spectrogram 1	1	918.659449853	923.874119004	37.076	203.175	7837.DSG_RAWD_HMS_10_10_ 0__DMY_ 7_10_15.wav	5.2147	2.3842	1	3	2	2		2
32	Spectrogram 1	1	975.916004499	979.915224449	23.728	191.310	7842.DSG_RAWD_HMS_10_35_ 0__DMY_ 7_10_15.wav	3.9992	6.3928	1	3	2	2		1
33	Spectrogram 1	1	1004.152204626	1005.478743269	34.110	174.997	7845.DSG_RAWD_HMS_10_50_ 0__DMY_ 7_10_15.wav	1.3265	2.6802	1	3	2	2		1
34	Spectrogram 1	1	1016.594167126	1018.084072598	32.627	204.658	7846.DSG_RAWD_HMS_10_55_ 0__DMY_ 7_10_15.wav	1.4899	4.4726	1	2	2	2		2
35	Spectrogram 1	1	1073.180879847	1074.994251638	26.694	161.650	7851.DSG_RAWD_HMS_11_20_ 0__DMY_ 7_10_15.wav	1.8134	7.8113	1	3	2	2		2
37	Spectrogram 1	1	1129.323214887	1135.844818662	23.728	177.963	7857.DSG_RAWD_HMS_11_50_ 0__DMY_ 7_10_15.wav	6.5216	0.0560	1	3	1	2		2
39	Spectrogram 1	1	1158.219394009	1161.081580836	34.110	145.337	7859.DSG_RAWD_HMS_12_ 0_ 0__DMY_ 7_10_15.wav	2.8622	7.6530	1	3	2	2		2
41	Spectrogram 1	1	1313.645794798	1314.560649035	32.627	223.937	7874.DSG_RAWD_HMS_13_15_ 0__DMY_ 7_10_15.wav	0.9149	3.3354	1	2	2	2		1
44	Spectrogram 1	1	1386.918724883	1388.663482607	34.110	169.065	7881.DSG_RAWD_HMS_13_50_ 0__DMY_ 7_10_15.wav	1.7448	1.6515	1	2	1	2		2
46	Spectrogram 1	1	1433.876675307	1435.824007897	23.728	136.438	7885.DSG_RAWD_HMS_14_10_ 0__DMY_ 7_10_15.wav	1.9473	6.0111	1	2	2	2		2
47	Spectrogram 1	1	1436.778058568	1438.379053482	28.177	201.692	7885.DSG_RAWD_HMS_14_10_ 0__DMY_ 7_10_15.wav	1.6010	8.9125	1	2	2	2		2
48	Spectrogram 1	1	1440.470124511	1441.999238022	23.728	142.370	7886.DSG_RAWD_HMS_14_15_ 0__DMY_ 7_10_15.wav	1.5291	1.9549	1	2	2	2		1
51	Spectrogram 1	1	1449.337641123	1451.644380734	34.110	306.986	7887.DSG_RAWD_HMS_14_20_ 0__DMY_ 7_10_15.wav	2.3067	0.1728	1	1	2	2		2
52	Spectrogram 1	1	1452.957819859	1454.630696178	25.211	200.209	7887.DSG_RAWD_HMS_14_20_ 0__DMY_ 7_10_15.wav	1.6729	3.7930	1	3	2	2		1
55	Spectrogram 1	1	1477.351648438	1479.488486548	28.177	206.141	7889.DSG_RAWD_HMS_14_30_ 0__DMY_ 7_10_15.wav	2.1368	6.8876	1	2	2	2		1
56	Spectrogram 1	1	1480.285716669	1481.096016136	17.796	215.039	7889.DSG_RAWD_HMS_14_30_ 0__DMY_ 7_10_15.wav	0.8103	9.8217	1	2	1	2		1
58	Spectrogram 1	1	1485.657194766	1486.911852005	37.076	235.801	7890.DSG_RAWD_HMS_14_35_ 0__DMY_ 7_10_15.wav	1.2547	4.5436	1	3	2	2		1
59	Spectrogram 1	1	1493.642525864	1495.413422279	29.661	176.480	7891.DSG_RAWD_HMS_14_40_ 0__DMY_ 7_10_15.wav	1.7709	1.8793	1	3	2	2		1
60	Spectrogram 1	1	1502.624389424	1505.042218479	38.559	197.242	7892.DSG_RAWD_HMS_14_45_ 0__DMY_ 7_10_15.wav	2.4178	0.2116	1	2	2	2		2
61	Spectrogram 1	1	1513.086350610	1515.380020876	38.559	163.133	7893.DSG_RAWD_HMS_14_50_ 0__DMY_ 7_10_15.wav	2.2937	0.0240	1	2	1	2		2
62	Spectrogram 1	1	1534.510184571	1536.601279970	31.144	332.198	7895.DSG_RAWD_HMS_15_ 0_ 0__DMY_ 7_10_15.wav	2.0911	0.1486	1	1	2	2		2
63	Spectrogram 1	1	1545.030955495	1546.344424792	37.076	200.209	7896.DSG_RAWD_HMS_15_ 5_ 0__DMY_ 7_10_15.wav	1.3135	0.0198	1	2	1	2		1
67	Spectrogram 1	1	1564.014107222	1565.843815696	40.042	220.971	7897.DSG_RAWD_HMS_15_10_ 0__DMY_ 7_10_15.wav	1.8297	8.3533	1	2	2	2		1
70	Spectrogram 1	1	1598.967885395	1601.032842102	31.144	160.167	7901.DSG_RAWD_HMS_15_30_ 0__DMY_ 7_10_15.wav	2.0650	0.7087	1	2	2	2		1
71	Spectrogram 1	1	1601.072050140	1604.757605781	32.627	229.869	7901.DSG_RAWD_HMS_15_30_ 0__DMY_ 7_10_15.wav	3.6856	2.8129	1	2	2	2		2
75	Spectrogram 1	1	1619.578154773	1624.374604844	37.076	263.979	7903.DSG_RAWD_HMS_15_40_ 0__DMY_ 7_10_15.wav	4.7965	0.0198	1	2	2	1		1
77	Spectrogram 1	1	1624.524885499	1626.602911552	41.525	222.454	7903.DSG_RAWD_HMS_15_40_ 0__DMY_ 7_10_15.wav	2.0780	4.9665	1	2	2	2		1
78	Spectrogram 1	1	1626.936179881	1628.524105449	31.144	179.446	7903.DSG_RAWD_HMS_15_40_ 0__DMY_ 7_10_15.wav	1.5879	7.3778	1	2	2	2		2
79	Spectrogram 1	1	1630.863494637	1635.686083401	34.110	185.378	7904.DSG_RAWD_HMS_15_45_ 0__DMY_ 7_10_15.wav	4.8226	0.6555	1	2	2	2		2
81	Spectrogram 1	1	1640.142685398	1640.789618037	40.042	189.827	7904.DSG_RAWD_HMS_15_45_ 0__DMY_ 7_10_15.wav	0.6469	9.9347	1	2	1	2		1
84	Spectrogram 1	1	1642.710793367	1650.983689539	43.008	219.488	7905.DSG_RAWD_HMS_15_50_ 0__DMY_ 7_10_15.wav	8.2729	1.8532	1	1	2	2		2
85	Spectrogram 1	1	1651.571774725	1657.106642859	40.042	215.039	7906.DSG_RAWD_HMS_15_55_ 0__DMY_ 7_10_15.wav	5.5349	0.0646	1	2	1	2		1
86	Spectrogram 1	1	1663.902647782	1665.836911026	29.661	176.480	7907.DSG_RAWD_HMS_16_ 0_ 0__DMY_ 7_10_15.wav	1.9343	1.7458	1	3	2	2		1
91	Spectrogram 1	1	1690.367936536	1694.040422830	31.144	220.971	7909.DSG_RAWD_HMS_16_10_ 0__DMY_ 7_10_15.wav	3.6725	6.9119	1	2	1	2		1
93	Spectrogram 1	1	1704.796437858	1705.645945363	38.559	215.039	7911.DSG_RAWD_HMS_16_20_ 0__DMY_ 7_10_15.wav	0.8495	0.0412	1	2	1	2		2
94	Spectrogram 1	1	1706.266739310	1708.240210593	31.144	238.767	7911.DSG_RAWD_HMS_16_20_ 0__DMY_ 7_10_15.wav	1.9735	1.5115	1	2	2	2		1
98	Spectrogram 1	1	1714.702975619	1715.382581623	23.728	192.793	7911.DSG_RAWD_HMS_16_20_ 0__DMY_ 7_10_15.wav	0.6796	9.9478	1	1	1	2		2
99	Spectrogram 1	1	1715.434835799	1718.676033667	38.559	189.827	7912.DSG_RAWD_HMS_16_25_ 0__DMY_ 7_10_15.wav	3.2412	0.0300	1	2	1	2		1
100	Spectrogram 1	1	1718.695637686	1721.178813472	37.076	220.971	7912.DSG_RAWD_HMS_16_25_ 0__DMY_ 7_10_15.wav	2.4832	3.2908	1	2	2	2		1
107	Spectrogram 1	1	1759.272496748	1761.415869532	35.593	269.911	7916.DSG_RAWD_HMS_16_45_ 0__DMY_ 7_10_15.wav	2.1434	1.2693	1	2	2	2		2
108	Spectrogram 1	1	1763.274959085	1768.639925718	34.110	256.563	7916.DSG_RAWD_HMS_16_45_ 0__DMY_ 7_10_15.wav	5.3650	5.2718	1	1	1	2		2
114	Spectrogram 1	1	1800.653165752	1802.097328512	22.245	177.963	7920.DSG_RAWD_HMS_17_ 5_ 0__DMY_ 7_10_15.wav	1.4442	0.0516	1	3	1	2		1
117	Spectrogram 1	1	1811.301377214	1813.294452516	32.627	272.877	7921.DSG_RAWD_HMS_17_10_ 0__DMY_ 7_10_15.wav	1.9931	0.0502	1	2	1	2		1
118	Spectrogram 1	1	1813.732261109	1817.313261979	32.627	166.099	7921.DSG_RAWD_HMS_17_10_ 0__DMY_ 7_10_15.wav	3.5810	2.4811	1	3	2	2		1
125	Spectrogram 1	1	1875.795043876	1880.954168306	41.525	206.141	7927.DSG_RAWD_HMS_17_40_ 0__DMY_ 7_10_15.wav	5.1591	0.6462	1	2	2	2		2
126	Spectrogram 1	1	1885.842077689	1888.691195170	29.661	220.971	7928.DSG_RAWD_HMS_17_45_ 0__DMY_ 7_10_15.wav	2.8491	0.0437	1	2	1	2		2
130	Spectrogram 1	1	1914.300428695	1917.718062737	44.491	247.665	7930.DSG_RAWD_HMS_17_55_ 0__DMY_ 7_10_15.wav	3.4176	7.2028	1	2	1	2		2
132	Spectrogram 1	1	1929.333343185	1930.506317010	26.694	191.310	7932.DSG_RAWD_HMS_18_ 5_ 0__DMY_ 7_10_15.wav	1.1730	0.9365	1	2	2	2		2
133	Spectrogram 1	1	1930.584733087	1933.865138994	26.694	186.861	7932.DSG_RAWD_HMS_18_ 5_ 0__DMY_ 7_10_15.wav	3.2804	2.1879	1	2	2	2		1
137	Spectrogram 1	1	1960.421905181	1964.839344211	26.694	250.631	7935.DSG_RAWD_HMS_18_20_ 0__DMY_ 7_10_15.wav	4.4174	0.0763	1	2	1	2		1
138	Spectrogram 1	1	1965.192183485	1967.511992444	41.525	210.590	7935.DSG_RAWD_HMS_18_20_ 0__DMY_ 7_10_15.wav	2.3198	4.8466	1	2	2	2		1
144	Spectrogram 1	1	2013.679326126	2018.711024429	54.872	268.428	7940.DSG_RAWD_HMS_18_45_ 0__DMY_ 7_10_15.wav	5.0317	0.0857	1	2	1	2		1
145	Spectrogram 1	1	2020.403495484	2021.625479358	51.906	173.514	7940.DSG_RAWD_HMS_18_45_ 0__DMY_ 7_10_15.wav	1.2220	6.8099	1	3	2	2		1
146	Spectrogram 1	1	2021.978330237	2022.612193530	40.042	182.412	7940.DSG_RAWD_HMS_18_45_ 0__DMY_ 7_10_15.wav	0.6339	8.3847	1	2	2	2		1
190	Spectrogram 1	1	2473.621713220	2475.059341307	29.661	140.887	7983.DSG_RAWD_HMS_22_20_ 0__DMY_ 7_10_15.wav	1.4376	2.0953	1	3	2	2		1
192	Spectrogram 1	1	2482.221296775	2485.553980067	26.694	188.344	7984.DSG_RAWD_HMS_22_25_ 0__DMY_ 7_10_15.wav	3.3327	0.0453	1	3	1	2		1
194	Spectrogram 1	1	2498.864987815	2503.386981615	32.627	247.665	7985.DSG_RAWD_HMS_22_30_ 0__DMY_ 7_10_15.wav	4.5220	6.0394	1	3	2	2		1
196	Spectrogram 1	1	2524.898957773	2528.800157626	29.661	151.269	7988.DSG_RAWD_HMS_22_45_ 0__DMY_ 7_10_15.wav	3.9012	0.1246	1	3	2	2		1
197	Spectrogram 1	1	2531.596962232	2533.831820439	31.144	191.310	7988.DSG_RAWD_HMS_22_45_ 0__DMY_ 7_10_15.wav	2.2349	6.8226	1	2	2	2		2
198	Spectrogram 1	1	2538.556343498	2546.051613568	22.245	226.903	7989.DSG_RAWD_HMS_22_50_ 0__DMY_ 7_10_15.wav	7.4953	3.1323	1	2	2	1		1
199	Spectrogram 1	1	2546.332561310	2549.697917967	34.110	163.133	7990.DSG_RAWD_HMS_22_55_ 0__DMY_ 7_10_15.wav	3.3654	0.2590	1	3	2	2		2
200	Spectrogram 1	1	2550.573538128	2553.474932994	40.042	137.921	7990.DSG_RAWD_HMS_22_55_ 0__DMY_ 7_10_15.wav	2.9014	4.4999	1	3	2	2		1
201	Spectrogram 1	1	2574.941187013	2577.979810015	40.042	216.522	7992.DSG_RAWD_HMS_23_ 5_ 0__DMY_ 7_10_15.wav	3.0386	7.5684	1	3	1	2		1
204	Spectrogram 1	1	2585.363928280	2588.572452782	35.593	225.420	7993.DSG_RAWD_HMS_23_10_ 0__DMY_ 7_10_15.wav	3.2085	7.3415	1	2	1	2		1
205	Spectrogram 1	1	2611.855303211	2615.651948295	34.110	151.269	7996.DSG_RAWD_HMS_23_25_ 0__DMY_ 7_10_15.wav	3.7966	1.8841	1	3	2	2		2
208	Spectrogram 1	1	9.187725743	10.631888503	34.110	173.514	7751.DSG_RAWD_HMS_ 3_ 0_ 0__DMY_ 7_10_15.wav	1.4442	9.1877	1	3	1	2		2
42	Spectrogram 1	1	1333.341185836	1337.333871113	0.000	139.404	7876.DSG_RAWD_HMS_13_25_ 0__DMY_ 7_10_15.wav	3.9927	1.7316	2	2	1	2		2
65	Spectrogram 1	1	1557.525187837	1561.302228901	4.449	176.480	7897.DSG_RAWD_HMS_15_10_ 0__DMY_ 7_10_15.wav	3.7770	1.8644	2	2	2	2		2
66	Spectrogram 1	1	1561.374099281	1563.393313275	0.000	189.827	7897.DSG_RAWD_HMS_15_10_ 0__DMY_ 7_10_15.wav	2.0192	5.7133	2	2	1	2		2
68	Spectrogram 1	1	1577.037634161	1584.284586653	0.000	249.148	7899.DSG_RAWD_HMS_15_20_ 0__DMY_ 7_10_15.wav	7.2470	0.0776	2	2	2	2		1
69	Spectrogram 1	1	1593.259891079	1598.219681868	0.000	253.597	7900.DSG_RAWD_HMS_15_25_ 0__DMY_ 7_10_15.wav	4.9598	5.6503	2	2	1	2		1
72	Spectrogram 1	1	1604.973226784	1608.815614580	0.000	215.039	7901.DSG_RAWD_HMS_15_30_ 0__DMY_ 7_10_15.wav	3.8424	6.7140	2	2	1	1		1
80	Spectrogram 1	1	1635.738337763	1639.972805946	0.000	191.310	7904.DSG_RAWD_HMS_15_45_ 0__DMY_ 7_10_15.wav	4.2345	5.5303	2	2	2	2		2
82	Spectrogram 1	1	1640.861499441	1642.678138569	0.000	173.514	7905.DSG_RAWD_HMS_15_50_ 0__DMY_ 7_10_15.wav	1.8166	0.0039	2	2	1	2		2
87	Spectrogram 1	1	1667.150368139	1669.548593174	0.000	213.556	7907.DSG_RAWD_HMS_16_ 0_ 0__DMY_ 7_10_15.wav	2.3982	4.9936	2	2	1	2		2
88	Spectrogram 1	1	1669.594335886	1672.789791043	0.000	228.386	7907.DSG_RAWD_HMS_16_ 0_ 0__DMY_ 7_10_15.wav	3.1955	7.4375	2	2	1	2		1
90	Spectrogram 1	1	1683.473873800	1690.269933847	0.000	235.801	7909.DSG_RAWD_HMS_16_10_ 0__DMY_ 7_10_15.wav	6.7961	0.0179	2	2	1	2		1
95	Spectrogram 1	1	1708.383973401	1710.135265798	0.000	225.420	7911.DSG_RAWD_HMS_16_20_ 0__DMY_ 7_10_15.wav	1.7513	3.6288	2	2	2	2		1
96	Spectrogram 1	1	1710.448903417	1714.366439953	0.000	180.929	7911.DSG_RAWD_HMS_16_20_ 0__DMY_ 7_10_15.wav	3.9175	5.6937	2	2	2	2		2
101	Spectrogram 1	1	1722.015223780	1725.236817629	0.000	203.175	7912.DSG_RAWD_HMS_16_25_ 0__DMY_ 7_10_15.wav	3.2216	6.6104	2	2	2	2		2
115	Spectrogram 1	1	1802.718122458	1806.531104225	0.000	151.269	7920.DSG_RAWD_HMS_17_ 5_ 0__DMY_ 7_10_15.wav	3.8130	2.1165	2	3	2	2		2
119	Spectrogram 1	1	1817.345915036	1821.867883306	0.000	203.175	7921.DSG_RAWD_HMS_17_10_ 0__DMY_ 7_10_15.wav	4.5220	6.0947	2	2	1	2		1
121	Spectrogram 1	1	1832.630448189	1839.687895161	1.483	203.175	7923.DSG_RAWD_HMS_17_20_ 0__DMY_ 7_10_15.wav	7.0574	0.0800	2	2	1	2		2
123	Spectrogram 1	1	1853.887658437	1863.134220904	0.000	219.488	7925.DSG_RAWD_HMS_17_30_ 0__DMY_ 7_10_15.wav	9.2466	0.0381	2	2	1	2		1
127	Spectrogram 1	1	1891.030576234	1896.415146886	0.000	218.005	7928.DSG_RAWD_HMS_17_45_ 0__DMY_ 7_10_15.wav	5.3846	5.2322	2	2	1	2		2
129	Spectrogram 1	1	1907.138464669	1908.889757066	40.042	222.454	7930.DSG_RAWD_HMS_17_55_ 0__DMY_ 7_10_15.wav	1.7513	0.0409	2	2	1	2		1
134	Spectrogram 1	1	1934.002349723	1938.315233983	0.000	222.454	7932.DSG_RAWD_HMS_18_ 5_ 0__DMY_ 7_10_15.wav	4.3129	5.6055	2	2	2	2		2
139	Spectrogram 1	1	1967.923676850	1970.968834525	0.000	191.310	7935.DSG_RAWD_HMS_18_20_ 0__DMY_ 7_10_15.wav	3.0452	7.5781	2	2	1	2		1
189	Spectrogram 1	1	2463.584517414	2471.027510100	0.000	158.684	7982.DSG_RAWD_HMS_22_15_ 0__DMY_ 7_10_15.wav	7.4430	2.7077	2	2	2	2		2
191	Spectrogram 1	1	2475.778155350	2479.646681838	0.000	226.903	7983.DSG_RAWD_HMS_22_20_ 0__DMY_ 7_10_15.wav	3.8685	4.2518	2	2	2	2		2
193	Spectrogram 1	1	2486.906619011	2492.794359494	0.000	188.344	7984.DSG_RAWD_HMS_22_25_ 0__DMY_ 7_10_15.wav	5.8877	4.7306	2	2	1	2		2
195	Spectrogram 1	1	2518.011469274	2523.520198715	34.110	210.590	7987.DSG_RAWD_HMS_22_40_ 0__DMY_ 7_10_15.wav	5.5087	3.8867	2	2	2	2		1
207	Spectrogram 1	1	2631.315443262	2636.869915415	2.966	226.903	7998.DSG_RAWD_HMS_23_35_ 0__DMY_ 7_10_15.wav	5.5545	0.0450	2	2	1	2		2
1	Spectrogram 1	1	6.279820870	6.515069102	0.000	182.412	7751.DSG_RAWD_HMS_ 3_ 0_ 0__DMY_ 7_10_15.wav	0.2352	6.2798	3	1	2	2		2
2	Spectrogram 1	1	21.806112928	21.989083775	7.415	250.631	7753.DSG_RAWD_HMS_ 3_10_ 0__DMY_ 7_10_15.wav	0.1830	0.5069	3	1	2	2		2
3	Spectrogram 1	1	36.175792806	36.326090287	0.000	157.201	7754.DSG_RAWD_HMS_ 3_15_ 0__DMY_ 7_10_15.wav	0.1503	4.2270	3	3	2	2		2
4	Spectrogram 1	1	72.645614715	72.835120236	0.000	234.318	7757.DSG_RAWD_HMS_ 3_30_ 0__DMY_ 7_10_15.wav	0.1895	8.7480	3	2	2	2		2
5	Spectrogram 1	1	152.799497201	153.041280106	0.000	177.963	7765.DSG_RAWD_HMS_ 4_10_ 0__DMY_ 7_10_15.wav	0.2418	3.7051	3	2	2	2		2
7	Spectrogram 1	1	205.952265983	206.148306177	0.000	170.548	7770.DSG_RAWD_HMS_ 4_35_ 0__DMY_ 7_10_15.wav	0.1960	3.6099	3	2	2	2		2
9	Spectrogram 1	1	377.819854987	378.028964527	0.000	172.031	7786.DSG_RAWD_HMS_ 5_55_ 0__DMY_ 7_10_15.wav	0.2091	4.6743	3	2	2	2		2
10	Spectrogram 1	1	475.427831061	475.630405928	0.000	185.378	7795.DSG_RAWD_HMS_ 6_40_ 0__DMY_ 7_10_15.wav	0.2026	6.4358	3	2	2	2		2
12	Spectrogram 1	1	501.246208516	501.461852729	0.000	186.861	7798.DSG_RAWD_HMS_ 6_55_ 0__DMY_ 7_10_15.wav	0.2156	0.3054	3	2	2	2		2
14	Spectrogram 1	1	578.381071501	578.577111694	0.000	200.209	7805.DSG_RAWD_HMS_ 7_30_ 0__DMY_ 7_10_15.wav	0.1960	2.8931	3	2	2	2		2
15	Spectrogram 1	1	596.272896977	596.495075863	0.000	222.454	7806.DSG_RAWD_HMS_ 7_35_ 0__DMY_ 7_10_15.wav	0.2222	10.1353	3	1	2	2		2
16	Spectrogram 1	1	622.097776070	622.228469532	0.000	161.650	7809.DSG_RAWD_HMS_ 7_50_ 0__DMY_ 7_10_15.wav	0.1307	4.0114	3	2	2	2		2
17	Spectrogram 1	1	666.075871372	666.239238200	20.762	194.276	7813.DSG_RAWD_HMS_ 8_10_ 0__DMY_ 7_10_15.wav	0.1634	5.3911	3	3	2	2		2
18	Spectrogram 1	1	773.348577582	773.498875064	0.000	265.462	7823.DSG_RAWD_HMS_ 9_ 0_ 0__DMY_ 7_10_15.wav	0.1503	6.1678	3	3	2	2		2
19	Spectrogram 1	1	774.387590608	774.603234821	0.000	170.548	7823.DSG_RAWD_HMS_ 9_ 0_ 0__DMY_ 7_10_15.wav	0.2156	7.2068	3	3	2	2		2
36	Spectrogram 1	1	1111.294157371	1111.457524199	5.932	191.310	7855.DSG_RAWD_HMS_11_40_ 0__DMY_ 7_10_15.wav	0.1634	3.3262	3	2	2	2		2
38	Spectrogram 1	1	1149.012097616	1149.234276502	0.000	183.895	7858.DSG_RAWD_HMS_11_55_ 0__DMY_ 7_10_15.wav	0.2222	9.0953	3	1	2	2		2
40	Spectrogram 1	1	1233.753286472	1233.936257319	0.000	164.616	7866.DSG_RAWD_HMS_12_35_ 0__DMY_ 7_10_15.wav	0.1830	8.6397	3	3	2	2		2
43	Spectrogram 1	1	1340.405125438	1340.666512363	0.000	364.824	7876.DSG_RAWD_HMS_13_25_ 0__DMY_ 7_10_15.wav	0.2614	8.7955	3	1	2	2		2
45	Spectrogram 1	1	1424.826193070	1425.113718687	0.000	225.420	7884.DSG_RAWD_HMS_14_ 5_ 0__DMY_ 7_10_15.wav	0.2875	7.6102	3	1	2	2		2
49	Spectrogram 1	1	1442.476269160	1442.639635988	0.000	167.582	7886.DSG_RAWD_HMS_14_15_ 0__DMY_ 7_10_15.wav	0.1634	3.9611	3	2	2	2		2
50	Spectrogram 1	1	1446.462397134	1446.697645367	0.000	198.725	7886.DSG_RAWD_HMS_14_15_ 0__DMY_ 7_10_15.wav	0.2352	7.9472	3	2	2	2		2
53	Spectrogram 1	1	1462.838223570	1462.995055725	0.000	234.318	7888.DSG_RAWD_HMS_14_25_ 0__DMY_ 7_10_15.wav	0.1568	3.0238	3	3	2	2		2
54	Spectrogram 1	1	1472.509491049	1472.731669936	0.000	210.590	7889.DSG_RAWD_HMS_14_30_ 0__DMY_ 7_10_15.wav	0.2222	2.0455	3	2	2	2		2
57	Spectrogram 1	1	1484.879568664	1485.075608858	0.000	277.326	7890.DSG_RAWD_HMS_14_35_ 0__DMY_ 7_10_15.wav	0.1960	3.7660	3	2	2	2		2
64	Spectrogram 1	1	1554.597675747	1554.774111922	32.627	185.378	7896.DSG_RAWD_HMS_15_ 5_ 0__DMY_ 7_10_15.wav	0.1764	9.5865	3	3	2	2		2
73	Spectrogram 1	1	1606.286696082	1606.521944314	0.000	185.378	7901.DSG_RAWD_HMS_15_30_ 0__DMY_ 7_10_15.wav	0.2352	8.0275	3	1	2	2		2
76	Spectrogram 1	1	1623.747276225	1623.949851091	0.000	200.209	7903.DSG_RAWD_HMS_15_40_ 0__DMY_ 7_10_15.wav	0.2026	4.1889	3	1	2	1		2
104	Spectrogram 1	1	1739.711032785	1739.861330267	14.830	232.835	7914.DSG_RAWD_HMS_16_35_ 0__DMY_ 7_10_15.wav	0.1503	3.0070	3	1	2	1		1
105	Spectrogram 1	1	1741.390443777	1741.593018644	0.000	201.692	7914.DSG_RAWD_HMS_16_35_ 0__DMY_ 7_10_15.wav	0.2026	4.6864	3	2	2	1		1
203	Spectrogram 1	1	2579.613478295	2579.874865220	0.000	219.488	7993.DSG_RAWD_HMS_23_10_ 0__DMY_ 7_10_15.wav	0.2614	1.5911	3	2	2	2		2
206	Spectrogram 1	1	2622.068946965	2622.264987159	0.000	209.107	7997.DSG_RAWD_HMS_23_30_ 0__DMY_ 7_10_15.wav	0.1960	1.4481	3	2	2	2		2
74	Spectrogram 1	1	1608.946291215	1619.519368536	32.627	298.088	7902.DSG_RAWD_HMS_15_35_ 0__DMY_ 7_10_15.wav	10.5731	0.0375	6	2	1	1		2
89	Spectrogram 1	1	1673.011916317	1683.395511907	0.000	241.733	7908.DSG_RAWD_HMS_16_ 5_ 0__DMY_ 7_10_15.wav	10.3836	0.2055	6	2	1	1		2
92	Spectrogram 1	1	1694.171091838	1704.672311544	0.000	222.454	7910.DSG_RAWD_HMS_16_15_ 0__DMY_ 7_10_15.wav	10.5012	0.0655	6	2	1	1		2
102	Spectrogram 1	1	1726.086286259	1736.646318023	32.627	289.190	7913.DSG_RAWD_HMS_16_30_ 0__DMY_ 7_10_15.wav	10.5600	0.0319	6	2	1	1		2
103	Spectrogram 1	1	1736.816172218	1747.297770291	41.525	287.707	7914.DSG_RAWD_HMS_16_35_ 0__DMY_ 7_10_15.wav	10.4816	0.1122	6	1	1	1		2
106	Spectrogram 1	1	1747.395762537	1757.949259628	35.593	287.707	7915.DSG_RAWD_HMS_16_40_ 0__DMY_ 7_10_15.wav	10.5535	0.0422	6	2	1	1		2
109	Spectrogram 1	1	1768.685668430	1779.271816230	4.449	296.605	7917.DSG_RAWD_HMS_16_50_ 0__DMY_ 7_10_15.wav	10.5861	0.0329	6	1	1	1		2
112	Spectrogram 1	1	1779.304460573	1789.897165703	37.076	266.945	7918.DSG_RAWD_HMS_16_55_ 0__DMY_ 7_10_15.wav	10.5927	0.0021	6	2	1	2		2
113	Spectrogram 1	1	1790.001680157	1800.587850614	37.076	269.911	7919.DSG_RAWD_HMS_17_ 0_ 0__DMY_ 7_10_15.wav	10.5862	0.0497	6	1	1	1		1
120	Spectrogram 1	1	1821.959368730	1832.454053763	0.000	204.658	7922.DSG_RAWD_HMS_17_15_ 0__DMY_ 7_10_15.wav	10.4947	0.0586	6	2	1	2		1
122	Spectrogram 1	1	1843.268849032	1853.802742103	0.000	218.005	7924.DSG_RAWD_HMS_17_25_ 0__DMY_ 7_10_15.wav	10.5339	0.0688	6	2	1	1		2
124	Spectrogram 1	1	1864.526045021	1875.118705208	0.000	308.469	7926.DSG_RAWD_HMS_17_35_ 0__DMY_ 7_10_15.wav	10.5927	0.0268	6	2	1	1		2
128	Spectrogram 1	1	1896.473910204	1907.047011314	35.593	250.631	7929.DSG_RAWD_HMS_17_50_ 0__DMY_ 7_10_15.wav	10.5731	0.0259	6	2	1	1		1
131	Spectrogram 1	1	1917.750690844	1928.362999993	37.076	274.360	7931.DSG_RAWD_HMS_18_ 0_ 0__DMY_ 7_10_15.wav	10.6123	0.0035	6	2	1	1		1
135	Spectrogram 1	1	1939.086276671	1949.659377782	0.000	246.182	7933.DSG_RAWD_HMS_18_10_ 0__DMY_ 7_10_15.wav	10.5731	0.0399	6	2	1	1		1
136	Spectrogram 1	1	1949.750809033	1960.291236778	47.457	249.148	7934.DSG_RAWD_HMS_18_15_ 0__DMY_ 7_10_15.wav	10.5404	0.0548	6	2	1	1		2
140	Spectrogram 1	1	1971.047230294	1981.568054019	34.110	262.496	7936.DSG_RAWD_HMS_18_25_ 0__DMY_ 7_10_15.wav	10.5208	0.0520	6	2	1	1		2
141	Spectrogram 1	1	1981.685641314	1992.245673078	25.211	272.877	7937.DSG_RAWD_HMS_18_30_ 0__DMY_ 7_10_15.wav	10.5600	0.0408	6	1	1	1		2
142	Spectrogram 1	1	1992.350185707	2002.884078779	34.110	266.945	7938.DSG_RAWD_HMS_18_35_ 0__DMY_ 7_10_15.wav	10.5339	0.0558	6	2	1	1		2
143	Spectrogram 1	1	2003.014768956	2013.529058008	48.940	306.986	7939.DSG_RAWD_HMS_18_40_ 0__DMY_ 7_10_15.wav	10.5143	0.0708	6	2	1	1		2
147	Spectrogram 1	1	2024.259227323	2034.838533891	35.593	244.699	7941.DSG_RAWD_HMS_18_50_ 0__DMY_ 7_10_15.wav	10.5793	0.0160	6	2	1	2		2
148	Spectrogram 1	1	2034.924496154	2045.530270630	68.219	237.284	7942.DSG_RAWD_HMS_18_55_ 0__DMY_ 7_10_15.wav	10.6058	0.0317	6	2	1	1		2
149	Spectrogram 1	1	2045.634750359	2056.129435392	57.838	311.435	7943.DSG_RAWD_HMS_19_ 0_ 0__DMY_ 7_10_15.wav	10.4947	0.0924	6	2	1	1		2
150	Spectrogram 1	1	2056.240479341	2066.793976432	45.974	312.918	7944.DSG_RAWD_HMS_19_ 5_ 0__DMY_ 7_10_15.wav	10.5535	0.0485	6	2	1	1		2
151	Spectrogram 1	1	2066.878875336	2077.451976446	29.661	304.020	7945.DSG_RAWD_HMS_19_10_ 0__DMY_ 7_10_15.wav	10.5731	0.0373	6	2	1	1		2
152	Spectrogram 1	1	2077.549956809	2088.087092952	4.449	302.537	7946.DSG_RAWD_HMS_19_15_ 0__DMY_ 7_10_15.wav	10.5371	0.0588	6	2	1	1		2
154	Spectrogram 1	1	2088.217774725	2098.758202470	48.940	290.673	7947.DSG_RAWD_HMS_19_20_ 0__DMY_ 7_10_15.wav	10.5404	0.0770	6	2	1	1		2
155	Spectrogram 1	1	2098.843097215	2109.416192734	59.321	289.190	7948.DSG_RAWD_HMS_19_25_ 0__DMY_ 7_10_15.wav	10.5731	0.0527	6	2	1	1		2
156	Spectrogram 1	1	2109.461885280	2120.048055737	40.042	281.775	7949.DSG_RAWD_HMS_19_30_ 0__DMY_ 7_10_15.wav	10.5862	0.0219	6	2	1	1		2
157	Spectrogram 1	1	2120.146055524	2130.686483269	29.661	258.047	7950.DSG_RAWD_HMS_19_35_ 0__DMY_ 7_10_15.wav	10.5404	0.0565	6	2	1	1		2
158	Spectrogram 1	1	2130.817125737	2141.364010322	44.491	304.020	7951.DSG_RAWD_HMS_19_40_ 0__DMY_ 7_10_15.wav	10.5469	0.0779	6	2	1	1		2
159	Spectrogram 1	1	2141.475077873	2152.022033871	0.000	295.122	7952.DSG_RAWD_HMS_19_45_ 0__DMY_ 7_10_15.wav	10.5470	0.0863	6	2	1	1		2
160	Spectrogram 1	1	2152.087345777	2162.640842868	40.042	299.571	7953.DSG_RAWD_HMS_19_50_ 0__DMY_ 7_10_15.wav	10.5535	0.0489	6	2	1	1		2
161	Spectrogram 1	1	2162.751876082	2173.285769154	26.694	321.817	7954.DSG_RAWD_HMS_19_55_ 0__DMY_ 7_10_15.wav	10.5339	0.0639	6	2	1	1		2
162	Spectrogram 1	1	2173.364130290	2183.924162055	0.000	321.817	7955.DSG_RAWD_HMS_20_ 0_ 0__DMY_ 7_10_15.wav	10.5600	0.0265	6	2	1	1		2
163	Spectrogram 1	1	2184.009075549	2194.608315352	47.457	312.918	7956.DSG_RAWD_HMS_20_ 5_ 0__DMY_ 7_10_15.wav	10.5992	0.0219	6	2	1	1		2
164	Spectrogram 1	1	2194.667066703	2205.240167813	48.940	298.088	7957.DSG_RAWD_HMS_20_10_ 0__DMY_ 7_10_15.wav	10.5731	0.0303	6	2	1	1		2
165	Spectrogram 1	1	2205.325069908	2215.904671447	35.593	302.537	7958.DSG_RAWD_HMS_20_15_ 0__DMY_ 7_10_15.wav	10.5796	0.0387	6	2	1	1		2
166	Spectrogram 1	1	2215.963450504	2226.516947595	35.593	302.537	7959.DSG_RAWD_HMS_20_20_ 0__DMY_ 7_10_15.wav	10.5535	0.0275	6	2	1	1		2
167	Spectrogram 1	1	2226.621457928	2237.174955019	37.076	301.054	7960.DSG_RAWD_HMS_20_25_ 0__DMY_ 7_10_15.wav	10.5535	0.0359	6	2	1	1		2
168	Spectrogram 1	1	2237.279449288	2247.885223764	37.076	312.918	7961.DSG_RAWD_HMS_20_30_ 0__DMY_ 7_10_15.wav	10.6058	0.0442	6	2	1	1		2
169	Spectrogram 1	1	2247.950529782	2258.530165566	43.008	311.435	7962.DSG_RAWD_HMS_20_35_ 0__DMY_ 7_10_15.wav	10.5796	0.0657	6	2	1	1		2
170	Spectrogram 1	1	2258.562782122	2269.135883233	25.211	312.918	7963.DSG_RAWD_HMS_20_40_ 0__DMY_ 7_10_15.wav	10.5731	0.0284	6	1	1	1		2
171	Spectrogram 1	1	2269.240399875	2279.813485440	22.245	309.952	7964.DSG_RAWD_HMS_20_45_ 0__DMY_ 7_10_15.wav	10.5731	0.0564	6	1	1	1		2
172	Spectrogram 1	1	2279.891865942	2290.455780008	14.830	308.469	7965.DSG_RAWD_HMS_20_50_ 0__DMY_ 7_10_15.wav	10.5639	0.0583	6	1	1	1		2
173	Spectrogram 1	1	2290.534159170	2301.087656261	19.279	339.613	7966.DSG_RAWD_HMS_20_55_ 0__DMY_ 7_10_15.wav	10.5535	0.0510	6	1	1	1		2
174	Spectrogram 1	1	2301.179088786	2311.752189897	31.144	338.130	7967.DSG_RAWD_HMS_21_ 0_ 0__DMY_ 7_10_15.wav	10.5731	0.0463	6	1	1	1		2
175	Spectrogram 1	1	2311.824043297	2322.384075062	0.000	299.571	7968.DSG_RAWD_HMS_21_ 5_ 0__DMY_ 7_10_15.wav	10.5600	0.0416	6	1	1	1		2
176	Spectrogram 1	1	2322.482036259	2333.022439386	0.000	296.605	7969.DSG_RAWD_HMS_21_10_ 0__DMY_ 7_10_15.wav	10.5404	0.0500	6	1	1	1		2
177	Spectrogram 1	1	2333.146565670	2343.686993415	4.449	295.122	7970.DSG_RAWD_HMS_21_15_ 0__DMY_ 7_10_15.wav	10.5404	0.0650	6	1	1	1		2
178	Spectrogram 1	1	2343.752286801	2354.344991931	0.000	304.020	7971.DSG_RAWD_HMS_21_20_ 0__DMY_ 7_10_15.wav	10.5927	0.0211	6	1	1	1		2
179	Spectrogram 1	1	2354.397213250	2364.996453053	5.932	385.587	7972.DSG_RAWD_HMS_21_25_ 0__DMY_ 7_10_15.wav	10.5992	0.0164	6	1	1	1		2
180	Spectrogram 1	1	2365.042131578	2375.647906054	1.483	341.096	7973.DSG_RAWD_HMS_21_30_ 0__DMY_ 7_10_15.wav	10.6058	0.0117	6	1	1	1		2
181	Spectrogram 1	1	2375.719733714	2386.299369498	2.966	302.537	7974.DSG_RAWD_HMS_21_35_ 0__DMY_ 7_10_15.wav	10.5796	0.0397	6	2	1	1		2
182	Spectrogram 1	1	2386.397339356	2396.911628408	0.000	304.020	7975.DSG_RAWD_HMS_21_40_ 0__DMY_ 7_10_15.wav	10.5143	0.0677	6	2	1	1		2
183	Spectrogram 1	1	2397.088007610	2407.595761990	0.000	295.122	7976.DSG_RAWD_HMS_21_45_ 0__DMY_ 7_10_15.wav	10.5078	0.1088	6	2	1	1		2
184	Spectrogram 1	1	2407.654528511	2418.260302987	0.000	243.216	7977.DSG_RAWD_HMS_21_50_ 0__DMY_ 7_10_15.wav	10.6058	0.0257	6	2	1	1		2
185	Spectrogram 1	1	2418.325598102	2428.866025847	0.000	292.156	7978.DSG_RAWD_HMS_21_55_ 0__DMY_ 7_10_15.wav	10.5404	0.0472	6	2	1	1		2
186	Spectrogram 1	1	2428.977064978	2439.530562070	0.000	268.428	7979.DSG_RAWD_HMS_22_ 0_ 0__DMY_ 7_10_15.wav	10.5535	0.0491	6	2	1	1		2
187	Spectrogram 1	1	2439.628535620	2450.188567385	2.966	250.631	7980.DSG_RAWD_HMS_22_ 5_ 0__DMY_ 7_10_15.wav	10.5600	0.0509	6	3	1	1		1
188	Spectrogram 1	1	2450.286529542	2460.807353268	0.000	261.013	7981.DSG_RAWD_HMS_22_10_ 0__DMY_ 7_10_15.wav	10.5208	0.0593	6	2	1	1		
