Selection	View	Channel	Begin Time (s)	End Time (s)	Low Freq (Hz)	High Freq (Hz)	Begin File	Delta Time (s)	File Offset (s)	call variant	level	call cutoff @ end	calls overlap	Notes	false positive
3	Spectrogram 1	1	45.063203730	46.323218590	43.103	146.552	2755.DSG_RAWD_HMS_ 1_25_ 0__DMY_16_ 8_15.wav	1.2600	2.4648	1	3	2	2		1
7	Spectrogram 1	1	64.677446167	66.228233687	46.336	132.543	2757.DSG_RAWD_HMS_ 1_35_ 0__DMY_16_ 8_15.wav	1.5508	0.7798	1	3	2	2		1
8	Spectrogram 1	1	66.687008328	67.746713133	24.784	131.466	2757.DSG_RAWD_HMS_ 1_35_ 0__DMY_16_ 8_15.wav	1.0597	2.7894	1	2	2	2		1
9	Spectrogram 1	1	68.360566526	69.730428835	22.629	122.845	2757.DSG_RAWD_HMS_ 1_35_ 0__DMY_16_ 8_15.wav	1.3699	4.4630	1	3	2	2		1
10	Spectrogram 1	1	74.667105224	76.909285512	47.414	187.500	2758.DSG_RAWD_HMS_ 1_40_ 0__DMY_16_ 8_15.wav	2.2422	0.1199	1	2	2	2		1
22	Spectrogram 1	1	255.605378038	256.361386954	40.948	185.345	2775.DSG_RAWD_HMS_ 3_ 5_ 0__DMY_16_ 8_15.wav	0.7560	0.0150	1	2	1	1		1
23	Spectrogram 1	1	292.885689540	295.909725203	19.397	114.224	2778.DSG_RAWD_HMS_ 3_20_ 0__DMY_16_ 8_15.wav	3.0240	5.3465	1	3	2	2		1
31	Spectrogram 1	1	370.987293141	371.129448664	23.707	114.224	2785.DSG_RAWD_HMS_ 3_55_ 0__DMY_16_ 8_15.wav	0.1422	8.4913	3	3	2	2		1
40	Spectrogram 1	1	469.029524146	470.218461244	34.483	123.922	2795.DSG_RAWD_HMS_ 4_45_ 0__DMY_16_ 8_15.wav	1.1889	0.0375	1	3	2	2		1
82	Spectrogram 1	1	837.755402865	839.131726789	29.095	171.336	2829.DSG_RAWD_HMS_ 7_35_ 0__DMY_16_ 8_15.wav	1.3763	6.6770	1	2	2	2		1
95	Spectrogram 1	1	915.256122445	915.333661821	25.862	154.095	2836.DSG_RAWD_HMS_ 8_10_ 0__DMY_16_ 8_15.wav	0.0775	9.6305	3	3	2	2		1
105	Spectrogram 1	1	1006.449027830	1006.597644967	37.716	122.845	2845.DSG_RAWD_HMS_ 8_55_ 0__DMY_16_ 8_15.wav	0.1486	4.9770	3	3	2	2		1
106	Spectrogram 1	1	1006.597644967	1006.720415646	34.483	121.767	2845.DSG_RAWD_HMS_ 8_55_ 0__DMY_16_ 8_15.wav	0.1228	5.1256	3	3	2	2		1
129	Spectrogram 1	1	1135.099790053	1135.306561722	11.853	221.983	2857.DSG_RAWD_HMS_ 9_55_ 0__DMY_16_ 8_15.wav	0.2068	5.8326	3	3	2	2		1
132	Spectrogram 1	1	1143.797125056	1143.913434120	9.698	147.629	2858.DSG_RAWD_HMS_10_ 0_ 0__DMY_16_ 8_15.wav	0.1163	3.8803	3	2	2	2		1
133	Spectrogram 1	1	1143.913434120	1144.036204798	19.397	159.483	2858.DSG_RAWD_HMS_10_ 0_ 0__DMY_16_ 8_15.wav	0.1228	3.9966	3	2	2	2		1
134	Spectrogram 1	1	1144.230053238	1144.385131990	19.397	198.276	2858.DSG_RAWD_HMS_10_ 0_ 0__DMY_16_ 8_15.wav	0.1551	4.3133	3	2	2	2		1
139	Spectrogram 1	1	1185.571470582	1185.804088710	23.707	120.690	2862.DSG_RAWD_HMS_10_20_ 0__DMY_16_ 8_15.wav	0.2326	3.0563	3	3	2	2		1
143	Spectrogram 1	1	1267.743799275	1268.913351529	14.009	135.776	2870.DSG_RAWD_HMS_11_ 0_ 0__DMY_16_ 8_15.wav	1.1696	0.0318	2	3	1	1		1
144	Spectrogram 1	1	1284.282304049	1284.527845406	31.250	280.172	2871.DSG_RAWD_HMS_11_ 5_ 0__DMY_16_ 8_15.wav	0.2455	5.9207	3	1	2	2		1
146	Spectrogram 1	1	1342.714692531	1344.523944637	39.871	122.845	2877.DSG_RAWD_HMS_11_35_ 0__DMY_16_ 8_15.wav	1.8093	0.4555	1	3	2	2		1
147	Spectrogram 1	1	1347.179677514	1347.354141110	29.095	142.241	2877.DSG_RAWD_HMS_11_35_ 0__DMY_16_ 8_15.wav	0.1745	4.9205	3	3	2	2		1
148	Spectrogram 1	1	1348.614155969	1348.820927639	28.017	109.914	2877.DSG_RAWD_HMS_11_35_ 0__DMY_16_ 8_15.wav	0.2068	6.3550	3	2	2	2		2
152	Spectrogram 1	1	1365.391763740	1365.456379887	20.474	126.078	2879.DSG_RAWD_HMS_11_45_ 0__DMY_16_ 8_15.wav	0.0646	1.8334	3	2	2	2		1
153	Spectrogram 1	1	1370.166908037	1370.321986789	20.474	93.750	2879.DSG_RAWD_HMS_11_45_ 0__DMY_16_ 8_15.wav	0.1551	6.6085	3	3	2	2		1
179	Spectrogram 1	1	1798.152600834	1798.333526045	7.543	90.517	2919.DSG_RAWD_HMS_15_ 5_ 0__DMY_16_ 8_15.wav	0.1809	8.6102	3	2	2	2		1
180	Spectrogram 1	1	1802.204038658	1802.352655795	11.853	129.310	2920.DSG_RAWD_HMS_15_10_ 0__DMY_16_ 8_15.wav	0.1486	2.0120	3	3	2	2		1
186	Spectrogram 1	1	1842.795964880	1842.873504256	1.078	191.810	2924.DSG_RAWD_HMS_15_30_ 0__DMY_16_ 8_15.wav	0.0775	0.0056	3	2	1	2		2
201	Spectrogram 1	1	1908.672224396	1908.801456690	30.172	185.345	2930.DSG_RAWD_HMS_16_ 0_ 0__DMY_16_ 8_15.wav	0.1292	1.9842	3	3	2	2		1
202	Spectrogram 1	1	1908.814379919	1908.937150597	29.095	184.267	2930.DSG_RAWD_HMS_16_ 0_ 0__DMY_16_ 8_15.wav	0.1228	2.1264	3	3	2	2		1
209	Spectrogram 1	1	1953.580513839	1953.690361288	35.560	133.621	2934.DSG_RAWD_HMS_16_20_ 0__DMY_16_ 8_15.wav	0.1098	4.2941	3	3	2	2		1
239	Spectrogram 1	1	2140.049906721	2140.179139015	5.388	380.388	2951.DSG_RAWD_HMS_17_45_ 0__DMY_16_ 8_15.wav	0.1292	9.7203	3	2	2	2		1
244	Spectrogram 1	1	2152.746977128	2152.837439734	29.095	136.853	2953.DSG_RAWD_HMS_17_55_ 0__DMY_16_ 8_15.wav	0.0905	1.1182	3	2	2	1		1
245	Spectrogram 1	1	2152.553128688	2152.643591294	23.707	130.388	2953.DSG_RAWD_HMS_17_55_ 0__DMY_16_ 8_15.wav	0.0905	0.9243	3	3	2	1		1
246	Spectrogram 1	1	2157.166721559	2157.276569008	17.241	140.086	2953.DSG_RAWD_HMS_17_55_ 0__DMY_16_ 8_15.wav	0.1098	5.5379	3	3	2	2		1
253	Spectrogram 1	1	2180.460836862	2180.564222697	19.397	117.457	2955.DSG_RAWD_HMS_18_ 5_ 0__DMY_16_ 8_15.wav	0.1034	7.5328	3	3	2	2		1
254	Spectrogram 1	1	2180.570684311	2180.674070146	32.328	118.534	2955.DSG_RAWD_HMS_18_ 5_ 0__DMY_16_ 8_15.wav	0.1034	7.6427	3	3	2	2		1
255	Spectrogram 1	1	2183.323332158	2183.459026066	7.543	115.302	2955.DSG_RAWD_HMS_18_ 5_ 0__DMY_16_ 8_15.wav	0.1357	10.3953	3	3	2	2		1
264	Spectrogram 1	1	2251.441675542	2251.551522991	8.621	99.138	2962.DSG_RAWD_HMS_18_40_ 0__DMY_16_ 8_15.wav	0.1098	3.9665	3	2	2	2		1
268	Spectrogram 1	1	2292.964016000	2293.035093761	22.629	81.897	2966.DSG_RAWD_HMS_19_ 0_ 0__DMY_16_ 8_15.wav	0.0711	2.8904	3	3	2	2		1
276	Spectrogram 1	1	2348.818215854	2348.947448148	3.233	143.319	2971.DSG_RAWD_HMS_19_25_ 0__DMY_16_ 8_15.wav	0.1292	5.4966	3	3	2	2		2
281	Spectrogram 1	1	2356.236150589	2356.429999028	2.155	76.509	2972.DSG_RAWD_HMS_19_30_ 0__DMY_16_ 8_15.wav	0.1938	2.2650	3	3	2	2		1
282	Spectrogram 1	1	2362.768841863	2363.673467916	34.483	126.078	2972.DSG_RAWD_HMS_19_30_ 0__DMY_16_ 8_15.wav	0.9046	8.7976	1	3	2	2		1
289	Spectrogram 1	1	2384.454022405	2384.609101157	15.086	113.147	2974.DSG_RAWD_HMS_19_40_ 0__DMY_16_ 8_15.wav	0.1551	9.1836	3	3	2	2		1
292	Spectrogram 1	1	2388.867305756	2389.041769352	8.621	144.397	2975.DSG_RAWD_HMS_19_45_ 0__DMY_16_ 8_15.wav	0.1745	2.5377	3	3	2	2		2
295	Spectrogram 1	1	2392.653811594	2392.776582273	4.310	82.974	2975.DSG_RAWD_HMS_19_45_ 0__DMY_16_ 8_15.wav	0.1228	6.3242	3	3	2	2		1
296	Spectrogram 1	1	2392.789505502	2392.886429722	24.784	84.052	2975.DSG_RAWD_HMS_19_45_ 0__DMY_16_ 8_15.wav	0.0969	6.4599	3	3	2	2		1
301	Spectrogram 1	1	2402.032848430	2404.055333820	24.784	203.664	2976.DSG_RAWD_HMS_19_50_ 0__DMY_16_ 8_15.wav	2.0225	5.0536	1	2	2	1		1
304	Spectrogram 1	1	2411.764042707	2411.906198230	0.000	145.474	2977.DSG_RAWD_HMS_19_55_ 0__DMY_16_ 8_15.wav	0.1422	4.1352	3	2	2	2		1
308	Spectrogram 1	1	2437.009584832	2437.513590775	31.250	149.784	2979.DSG_RAWD_HMS_20_ 5_ 0__DMY_16_ 8_15.wav	0.5040	8.0816	1	3	2	2		1
313	Spectrogram 1	1	2458.836937847	2459.198788268	58.190	177.802	2981.DSG_RAWD_HMS_20_15_ 0__DMY_16_ 8_15.wav	0.3619	8.6097	1	2	2	2		1
315	Spectrogram 1	1	2460.956349391	2463.618534633	23.707	158.405	2982.DSG_RAWD_HMS_20_20_ 0__DMY_16_ 8_15.wav	2.6622	0.0795	1	2	2	2		1
316	Spectrogram 1	1	2463.902845678	2465.899484609	21.552	173.491	2982.DSG_RAWD_HMS_20_20_ 0__DMY_16_ 8_15.wav	1.9966	3.0260	1	3	2	2		1
317	Spectrogram 1	1	2471.605098170	2472.936190791	31.250	163.793	2983.DSG_RAWD_HMS_20_25_ 0__DMY_16_ 8_15.wav	1.3311	0.0787	1	3	1	2		1
319	Spectrogram 1	1	2480.153820853	2482.143998169	30.172	207.974	2983.DSG_RAWD_HMS_20_25_ 0__DMY_16_ 8_15.wav	1.9902	8.6274	1	2	1	1		1
320	Spectrogram 1	1	2482.912930314	2483.061547452	24.784	325.431	2984.DSG_RAWD_HMS_20_30_ 0__DMY_16_ 8_15.wav	0.1486	0.7369	3	3	2	2		2
321	Spectrogram 1	1	2493.561683239	2493.755531679	26.940	113.147	2985.DSG_RAWD_HMS_20_35_ 0__DMY_16_ 8_15.wav	0.1938	0.7361	3	2	2	2		1
322	Spectrogram 1	1	2493.865379129	2494.001073037	24.784	95.905	2985.DSG_RAWD_HMS_20_35_ 0__DMY_16_ 8_15.wav	0.1357	1.0398	3	3	2	2		1
323	Spectrogram 1	1	2494.013996266	2494.136766945	22.629	135.776	2985.DSG_RAWD_HMS_20_35_ 0__DMY_16_ 8_15.wav	0.1228	1.1884	3	3	2	2		1
324	Spectrogram 1	1	2494.188459862	2494.291845696	32.328	120.690	2985.DSG_RAWD_HMS_20_35_ 0__DMY_16_ 8_15.wav	0.1034	1.3629	3	3	2	2		1
325	Spectrogram 1	1	2494.317692155	2494.459847678	20.474	94.828	2985.DSG_RAWD_HMS_20_35_ 0__DMY_16_ 8_15.wav	0.1422	1.4921	3	3	2	2		1
326	Spectrogram 1	1	2494.485694136	2494.563233512	21.552	91.595	2985.DSG_RAWD_HMS_20_35_ 0__DMY_16_ 8_15.wav	0.0775	1.6601	3	3	2	3		1
327	Spectrogram 1	1	2495.874944267	2496.882956155	31.250	153.017	2985.DSG_RAWD_HMS_20_35_ 0__DMY_16_ 8_15.wav	1.0080	3.0493	1	2	2	2		1
336	Spectrogram 1	1	2596.979887008	2597.141427375	31.250	136.853	2994.DSG_RAWD_HMS_21_20_ 0__DMY_16_ 8_15.wav	0.1615	8.3079	3	3	2	2		1
340	Spectrogram 1	1	2610.924051929	2611.156670056	33.405	163.793	2996.DSG_RAWD_HMS_21_30_ 0__DMY_16_ 8_15.wav	0.2326	0.9529	3	3	2	2		1
341	Spectrogram 1	1	2611.796369908	2612.054834495	33.405	169.181	2996.DSG_RAWD_HMS_21_30_ 0__DMY_16_ 8_15.wav	0.2585	1.8252	3	3	2	2		1
342	Spectrogram 1	1	2612.620227751	2612.898077181	33.405	134.698	2996.DSG_RAWD_HMS_21_30_ 0__DMY_16_ 8_15.wav	0.2778	2.6490	3	2	2	2		1
343	Spectrogram 1	1	2613.783318390	2613.899627454	15.086	118.534	2996.DSG_RAWD_HMS_21_30_ 0__DMY_16_ 8_15.wav	0.1163	3.8121	3	3	2	2		1
345	Spectrogram 1	1	2621.356340964	2621.569574248	34.483	158.405	2997.DSG_RAWD_HMS_21_35_ 0__DMY_16_ 8_15.wav	0.2132	0.7355	3	3	2	2		1
346	Spectrogram 1	1	2620.807103717	2620.994490543	35.560	171.336	2997.DSG_RAWD_HMS_21_35_ 0__DMY_16_ 8_15.wav	0.1874	0.1863	3	3	2	2		1
347	Spectrogram 1	1	2622.138196338	2622.325583163	42.026	163.793	2997.DSG_RAWD_HMS_21_35_ 0__DMY_16_ 8_15.wav	0.1874	1.5174	3	3	2	2		1
348	Spectrogram 1	1	2622.500046759	2622.674510355	42.026	156.250	2997.DSG_RAWD_HMS_21_35_ 0__DMY_16_ 8_15.wav	0.1745	1.8792	3	3	2	2		1
349	Spectrogram 1	1	2623.740676775	2626.318861026	18.319	210.129	2997.DSG_RAWD_HMS_21_35_ 0__DMY_16_ 8_15.wav	2.5782	3.1199	1	2	2	2		1
350	Spectrogram 1	1	2626.396400402	2626.557940768	34.483	126.078	2997.DSG_RAWD_HMS_21_35_ 0__DMY_16_ 8_15.wav	0.1615	5.7756	3	3	2	2		1
351	Spectrogram 1	1	2626.635480144	2626.809943740	45.259	122.845	2997.DSG_RAWD_HMS_21_35_ 0__DMY_16_ 8_15.wav	0.1745	6.0147	3	2	2	2		1
352	Spectrogram 1	1	2627.126567005	2627.275184142	34.483	136.853	2997.DSG_RAWD_HMS_21_35_ 0__DMY_16_ 8_15.wav	0.1486	6.5058	3	3	2	2		1
353	Spectrogram 1	1	2627.456109353	2627.578880031	39.871	139.009	2997.DSG_RAWD_HMS_21_35_ 0__DMY_16_ 8_15.wav	0.1228	6.8353	3	3	2	2		1
354	Spectrogram 1	1	2627.598264875	2627.701650710	39.871	139.009	2997.DSG_RAWD_HMS_21_35_ 0__DMY_16_ 8_15.wav	0.1034	6.9775	3	3	2	2		1
355	Spectrogram 1	1	2627.921345608	2628.011808214	28.017	167.026	2997.DSG_RAWD_HMS_21_35_ 0__DMY_16_ 8_15.wav	0.0905	7.3005	3	2	2	2		1
356	Spectrogram 1	1	2628.690277754	2628.813048432	31.250	167.026	2997.DSG_RAWD_HMS_21_35_ 0__DMY_16_ 8_15.wav	0.1228	8.0695	3	3	2	2		1
360	Spectrogram 1	1	2641.145046689	2641.293663826	38.793	136.853	2998.DSG_RAWD_HMS_21_40_ 0__DMY_16_ 8_15.wav	0.1486	9.8746	3	3	2	2		1
361	Spectrogram 1	1	2640.634579130	2640.931813405	36.638	134.698	2998.DSG_RAWD_HMS_21_40_ 0__DMY_16_ 8_15.wav	0.2972	9.3642	3	3	2	2		1
362	Spectrogram 1	1	2642.036749512	2642.237059567	32.328	122.845	2999.DSG_RAWD_HMS_21_45_ 0__DMY_16_ 8_15.wav	0.2003	0.1167	1	2	2	2		2
363	Spectrogram 1	1	2642.527832227	2642.708757437	35.560	132.543	2999.DSG_RAWD_HMS_21_45_ 0__DMY_16_ 8_15.wav	0.1809	0.6078	1	2	2	2		1
367	Spectrogram 1	1	2650.443309250	2650.572541543	28.017	110.991	2999.DSG_RAWD_HMS_21_45_ 0__DMY_16_ 8_15.wav	0.1292	8.5233	3	3	2	2		1
368	Spectrogram 1	1	2650.682388992	2650.818082900	30.172	112.069	2999.DSG_RAWD_HMS_21_45_ 0__DMY_16_ 8_15.wav	0.1357	8.7624	3	3	2	2		1
370	Spectrogram 1	1	2654.966439514	2655.076286964	23.707	183.190	3000.DSG_RAWD_HMS_21_50_ 0__DMY_16_ 8_15.wav	0.1098	2.3968	3	2	2	2		1
371	Spectrogram 1	1	2655.147364725	2655.328289936	30.172	179.957	3000.DSG_RAWD_HMS_21_50_ 0__DMY_16_ 8_15.wav	0.1809	2.5778	3	2	2	2		1
372	Spectrogram 1	1	2655.864603320	2657.893550324	37.716	136.853	3000.DSG_RAWD_HMS_21_50_ 0__DMY_16_ 8_15.wav	2.0289	3.2950	1	2	2	2		1
1	Spectrogram 1	1	37.076654731	37.225271868	19.397	156.250	2754.DSG_RAWD_HMS_ 1_20_ 0__DMY_16_ 8_15.wav	0.1486	5.1279	3	2	2	2		2
2	Spectrogram 1	1	37.225271868	37.386812235	23.707	154.095	2754.DSG_RAWD_HMS_ 1_20_ 0__DMY_16_ 8_15.wav	0.1615	5.2765	3	2	2	2		2
4	Spectrogram 1	1	49.088789666	49.263253262	23.707	148.707	2755.DSG_RAWD_HMS_ 1_25_ 0__DMY_16_ 8_15.wav	0.1745	6.4904	3	2	2	2		2
5	Spectrogram 1	1	49.951419485	51.263127262	31.250	161.638	2755.DSG_RAWD_HMS_ 1_25_ 0__DMY_16_ 8_15.wav	1.3117	7.3530	1	3	2	2		2
6	Spectrogram 1	1	64.263902829	64.393135122	35.560	125.000	2757.DSG_RAWD_HMS_ 1_35_ 0__DMY_16_ 8_15.wav	0.1292	0.3663	3	3	2	2		2
11	Spectrogram 1	1	116.383311111	116.551313092	21.552	141.164	2761.DSG_RAWD_HMS_ 1_55_ 0__DMY_16_ 8_15.wav	0.1680	9.8873	3	2	2	2		2
12	Spectrogram 1	1	126.224355002	127.187135587	44.181	131.466	2762.DSG_RAWD_HMS_ 2_ 0_ 0__DMY_16_ 8_15.wav	0.9628	9.0788	1	3	2	2		2
13	Spectrogram 1	1	137.370643696	137.570953750	18.319	164.871	2763.DSG_RAWD_HMS_ 2_ 5_ 0__DMY_16_ 8_15.wav	0.2003	9.5754	3	2	2	2		2
14	Spectrogram 1	1	160.257676299	160.470909583	32.328	165.948	2766.DSG_RAWD_HMS_ 2_20_ 0__DMY_16_ 8_15.wav	0.2132	0.5137	3	2	2	2		2
15	Spectrogram 1	1	171.765809073	171.914426211	21.552	148.707	2767.DSG_RAWD_HMS_ 2_25_ 0__DMY_16_ 8_15.wav	0.1486	1.3722	3	2	2	2		2
16	Spectrogram 1	1	200.649266322	200.804345074	21.552	142.241	2769.DSG_RAWD_HMS_ 2_35_ 0__DMY_16_ 8_15.wav	0.1551	8.9565	3	2	2	2		2
17	Spectrogram 1	1	202.574827492	202.723444629	21.552	155.172	2770.DSG_RAWD_HMS_ 2_40_ 0__DMY_16_ 8_15.wav	0.1486	0.2324	3	2	2	2		2
18	Spectrogram 1	1	223.491105855	223.620338148	6.466	181.034	2771.DSG_RAWD_HMS_ 2_45_ 0__DMY_16_ 8_15.wav	0.1292	10.4991	3	1	2	2		2
19	Spectrogram 1	1	236.026656726	236.181735478	30.172	129.310	2773.DSG_RAWD_HMS_ 2_55_ 0__DMY_16_ 8_15.wav	0.1551	1.7355	3	2	2	2		2
20	Spectrogram 1	1	250.442540922	250.623466133	22.629	123.922	2774.DSG_RAWD_HMS_ 3_ 0_ 0__DMY_16_ 8_15.wav	0.1809	5.5017	3	3	2	2		2
21	Spectrogram 1	1	253.350270700	253.479502993	10.776	178.879	2774.DSG_RAWD_HMS_ 3_ 0_ 0__DMY_16_ 8_15.wav	0.1292	8.4095	3	2	2	2		2
24	Spectrogram 1	1	302.461807392	302.610424530	6.466	178.879	2779.DSG_RAWD_HMS_ 3_25_ 0__DMY_16_ 8_15.wav	0.1486	4.2730	3	2	2	2		2
25	Spectrogram 1	1	307.566485236	307.728025603	25.862	155.172	2779.DSG_RAWD_HMS_ 3_25_ 0__DMY_16_ 8_15.wav	0.1615	9.3777	3	3	2	2		2
26	Spectrogram 1	1	321.866046874	321.995279167	16.164	118.534	2781.DSG_RAWD_HMS_ 3_35_ 0__DMY_16_ 8_15.wav	0.1292	1.9684	3	3	2	2		2
27	Spectrogram 1	1	352.991666378	353.133821901	29.095	139.009	2784.DSG_RAWD_HMS_ 3_50_ 0__DMY_16_ 8_15.wav	0.1422	1.1453	3	2	2	2		2
28	Spectrogram 1	1	355.227390079	355.369545602	22.629	136.853	2784.DSG_RAWD_HMS_ 3_50_ 0__DMY_16_ 8_15.wav	0.1422	3.3810	3	2	2	2		2
29	Spectrogram 1	1	359.543757321	360.396690457	40.948	133.621	2784.DSG_RAWD_HMS_ 3_50_ 0__DMY_16_ 8_15.wav	0.8529	7.6974	1	2	2	2		2
30	Spectrogram 1	1	367.213705591	367.407554031	7.543	190.733	2785.DSG_RAWD_HMS_ 3_55_ 0__DMY_16_ 8_15.wav	0.1938	4.7177	3	2	2	2		2
32	Spectrogram 1	1	377.183991256	379.523095765	19.397	137.931	2786.DSG_RAWD_HMS_ 4_ 0_ 0__DMY_16_ 8_15.wav	2.3391	4.0384	1	2	2	2		2
33	Spectrogram 1	1	381.035121237	382.663448133	21.552	128.233	2786.DSG_RAWD_HMS_ 4_ 0_ 0__DMY_16_ 8_15.wav	1.6283	7.8895	1	3	2	2		2
34	Spectrogram 1	1	383.005913710	383.761922626	30.172	132.543	2786.DSG_RAWD_HMS_ 4_ 0_ 0__DMY_16_ 8_15.wav	0.7560	9.8603	1	2	1	2		2
35	Spectrogram 1	1	394.927614042	395.082692794	25.862	146.552	2788.DSG_RAWD_HMS_ 4_10_ 0__DMY_16_ 8_15.wav	0.1551	0.4828	3	2	2	2		2
36	Spectrogram 1	1	409.240114855	413.970016789	26.940	175.647	2789.DSG_RAWD_HMS_ 4_15_ 0__DMY_16_ 8_15.wav	4.7299	4.1457	1	2	2	2		2
37	Spectrogram 1	1	427.371428086	427.481275535	15.086	162.716	2791.DSG_RAWD_HMS_ 4_25_ 0__DMY_16_ 8_15.wav	0.1098	0.9778	3	2	2	2		2
38	Spectrogram 1	1	448.908025114	449.114796784	26.940	192.888	2793.DSG_RAWD_HMS_ 4_35_ 0__DMY_16_ 8_15.wav	0.2068	1.2152	3	2	2	2		2
39	Spectrogram 1	1	456.739510935	456.959205834	23.707	257.543	2793.DSG_RAWD_HMS_ 4_35_ 0__DMY_16_ 8_15.wav	0.2197	9.0467	3	3	2	2		2
41	Spectrogram 1	1	473.920972843	474.121282898	33.405	241.379	2795.DSG_RAWD_HMS_ 4_45_ 0__DMY_16_ 8_15.wav	0.2003	4.9290	3	1	2	2		2
42	Spectrogram 1	1	486.159289115	486.294983023	18.319	134.698	2796.DSG_RAWD_HMS_ 4_50_ 0__DMY_16_ 8_15.wav	0.1357	6.5177	3	3	2	2		2
43	Spectrogram 1	1	488.214082578	488.388546174	31.250	140.086	2796.DSG_RAWD_HMS_ 4_50_ 0__DMY_16_ 8_15.wav	0.1745	8.5725	3	3	2	2		2
44	Spectrogram 1	1	490.307654577	492.743683306	25.862	154.095	2797.DSG_RAWD_HMS_ 4_55_ 0__DMY_16_ 8_15.wav	2.4360	0.0165	1	2	1	2		2
45	Spectrogram 1	1	499.341005111	499.547776780	11.853	135.776	2797.DSG_RAWD_HMS_ 4_55_ 0__DMY_16_ 8_15.wav	0.2068	9.0498	3	3	2	2		2
46	Spectrogram 1	1	518.939106603	519.003722750	21.552	136.853	2799.DSG_RAWD_HMS_ 5_ 5_ 0__DMY_16_ 8_15.wav	0.0646	7.3487	3	2	2	2		2
47	Spectrogram 1	1	556.009381256	556.157998394	31.250	141.164	2803.DSG_RAWD_HMS_ 5_25_ 0__DMY_16_ 8_15.wav	0.1486	1.8206	3	3	2	2		2
48	Spectrogram 1	1	556.552156888	556.720158870	22.629	224.138	2803.DSG_RAWD_HMS_ 5_25_ 0__DMY_16_ 8_15.wav	0.1680	2.3634	3	1	2	2		2
49	Spectrogram 1	1	565.126717965	565.314104790	25.862	163.793	2804.DSG_RAWD_HMS_ 5_30_ 0__DMY_16_ 8_15.wav	0.1874	0.2883	3	2	2	2		2
50	Spectrogram 1	1	578.754262235	578.999803593	24.784	165.948	2805.DSG_RAWD_HMS_ 5_35_ 0__DMY_16_ 8_15.wav	0.2455	3.2663	3	3	2	2		2
51	Spectrogram 1	1	588.821456980	588.976535732	25.862	162.716	2806.DSG_RAWD_HMS_ 5_40_ 0__DMY_16_ 8_15.wav	0.1551	2.6839	3	2	2	2		2
52	Spectrogram 1	1	608.005987466	608.186912676	20.474	134.698	2808.DSG_RAWD_HMS_ 5_50_ 0__DMY_16_ 8_15.wav	0.1809	0.5692	3	3	2	2		2
53	Spectrogram 1	1	622.208615441	622.396002266	3.233	175.647	2809.DSG_RAWD_HMS_ 5_55_ 0__DMY_16_ 8_15.wav	0.1874	4.1222	3	2	2	2		2
54	Spectrogram 1	1	638.982965660	639.170352485	23.707	169.181	2810.DSG_RAWD_HMS_ 6_ 0_ 0__DMY_16_ 8_15.wav	0.1874	10.2470	3	2	2	2		2
55	Spectrogram 1	1	642.601470886	642.763011252	11.853	158.405	2811.DSG_RAWD_HMS_ 6_ 5_ 0__DMY_16_ 8_15.wav	0.1615	3.2159	3	3	2	2		2
56	Spectrogram 1	1	648.843390305	649.037238745	18.319	162.716	2811.DSG_RAWD_HMS_ 6_ 5_ 0__DMY_16_ 8_15.wav	0.1938	9.4578	3	3	3	3		2
57	Spectrogram 1	1	651.027416061	651.208341272	18.319	120.690	2812.DSG_RAWD_HMS_ 6_10_ 0__DMY_16_ 8_15.wav	0.1809	0.9922	3	2	2	2		2
58	Spectrogram 1	1	653.101594369	653.243749891	10.776	167.026	2812.DSG_RAWD_HMS_ 6_10_ 0__DMY_16_ 8_15.wav	0.1422	3.0664	3	2	2	2		2
59	Spectrogram 1	1	662.968477985	664.751883632	32.328	110.991	2813.DSG_RAWD_HMS_ 6_15_ 0__DMY_16_ 8_15.wav	1.7834	2.2837	1	3	2	2		2
60	Spectrogram 1	1	666.955294232	667.187912360	9.698	172.414	2813.DSG_RAWD_HMS_ 6_15_ 0__DMY_16_ 8_15.wav	0.2326	6.2705	3	3	2	2		2
61	Spectrogram 1	1	683.613351016	683.768429768	28.017	169.181	2815.DSG_RAWD_HMS_ 6_25_ 0__DMY_16_ 8_15.wav	0.1551	1.6294	3	2	2	2		2
62	Spectrogram 1	1	684.472745766	684.647209362	25.862	162.716	2815.DSG_RAWD_HMS_ 6_25_ 0__DMY_16_ 8_15.wav	0.1745	2.4887	3	2	2	2		2
63	Spectrogram 1	1	693.893796436	694.061798417	19.397	107.759	2816.DSG_RAWD_HMS_ 6_30_ 0__DMY_16_ 8_15.wav	0.1680	1.2602	3	3	2	2		2
64	Spectrogram 1	1	706.920430865	707.114279304	5.388	92.672	2817.DSG_RAWD_HMS_ 6_35_ 0__DMY_16_ 8_15.wav	0.1938	3.6372	3	3	2	2		2
65	Spectrogram 1	1	714.273761423	714.461148248	25.862	150.862	2818.DSG_RAWD_HMS_ 6_40_ 0__DMY_16_ 8_15.wav	0.1874	0.3410	3	3	2	2		2
66	Spectrogram 1	1	714.913461275	715.062078412	33.405	178.879	2818.DSG_RAWD_HMS_ 6_40_ 0__DMY_16_ 8_15.wav	0.1486	0.9807	3	3	2	2		2
67	Spectrogram 1	1	720.625538692	720.851695205	10.776	233.836	2818.DSG_RAWD_HMS_ 6_40_ 0__DMY_16_ 8_15.wav	0.2262	6.6927	3	1	2	2		2
68	Spectrogram 1	1	732.863850099	733.064160154	12.931	130.388	2819.DSG_RAWD_HMS_ 6_45_ 0__DMY_16_ 8_15.wav	0.2003	8.2815	3	2	2	2		2
69	Spectrogram 1	1	736.256197798	736.398353321	26.940	130.388	2820.DSG_RAWD_HMS_ 6_50_ 0__DMY_16_ 8_15.wav	0.1422	1.0242	3	3	2	2		2
70	Spectrogram 1	1	739.073471645	739.260858470	9.698	215.517	2820.DSG_RAWD_HMS_ 6_50_ 0__DMY_16_ 8_15.wav	0.1874	3.8415	3	1	2	2		2
71	Spectrogram 1	1	746.110182482	746.400955142	28.017	146.552	2821.DSG_RAWD_HMS_ 6_55_ 0__DMY_16_ 8_15.wav	0.2908	0.2286	3	2	2	2		2
72	Spectrogram 1	1	759.472819063	759.640821045	20.474	159.483	2822.DSG_RAWD_HMS_ 7_ 0_ 0__DMY_16_ 8_15.wav	0.1680	2.9416	3	2	2	2		2
73	Spectrogram 1	1	759.653744274	759.808823026	20.474	161.638	2822.DSG_RAWD_HMS_ 7_ 0_ 0__DMY_16_ 8_15.wav	0.1551	3.1225	3	2	2	2		2
74	Spectrogram 1	1	762.923321294	763.020245514	14.009	113.147	2822.DSG_RAWD_HMS_ 7_ 0_ 0__DMY_16_ 8_15.wav	0.0969	6.3921	3	3	2	2		2
75	Spectrogram 1	1	776.764129225	776.990285738	20.474	133.621	2823.DSG_RAWD_HMS_ 7_ 5_ 0__DMY_16_ 8_15.wav	0.2262	9.5833	3	3	2	2		2
76	Spectrogram 1	1	780.240477914	780.402018281	26.940	105.603	2824.DSG_RAWD_HMS_ 7_10_ 0__DMY_16_ 8_15.wav	0.1615	2.4101	3	3	2	2		2
77	Spectrogram 1	1	795.677304102	795.858229313	22.629	131.466	2825.DSG_RAWD_HMS_ 7_15_ 0__DMY_16_ 8_15.wav	0.1809	7.1973	3	3	2	2		2
78	Spectrogram 1	1	796.866241201	797.092397714	22.629	131.466	2825.DSG_RAWD_HMS_ 7_15_ 0__DMY_16_ 8_15.wav	0.2262	8.3862	3	3	2	2		2
79	Spectrogram 1	1	811.075356341	812.619682246	28.017	132.543	2827.DSG_RAWD_HMS_ 7_25_ 0__DMY_16_ 8_15.wav	1.5443	1.2962	1	3	2	2		2
80	Spectrogram 1	1	812.664913549	812.891070062	23.707	145.474	2827.DSG_RAWD_HMS_ 7_25_ 0__DMY_16_ 8_15.wav	0.2262	2.8857	3	2	2	2		2
81	Spectrogram 1	1	835.442140392	835.642450446	21.552	132.543	2829.DSG_RAWD_HMS_ 7_35_ 0__DMY_16_ 8_15.wav	0.2003	4.3637	3	2	2	2		2
83	Spectrogram 1	1	856.306725071	857.805819673	17.241	163.793	2831.DSG_RAWD_HMS_ 7_45_ 0__DMY_16_ 8_15.wav	1.4991	3.9291	1	3	2	2		2
84	Spectrogram 1	1	859.149835523	859.324299119	17.241	159.483	2831.DSG_RAWD_HMS_ 7_45_ 0__DMY_16_ 8_15.wav	0.1745	6.7722	3	2	2	2		2
85	Spectrogram 1	1	865.611465872	865.850545615	11.853	234.914	2832.DSG_RAWD_HMS_ 7_50_ 0__DMY_16_ 8_15.wav	0.2391	2.5843	3	2	2	2		2
86	Spectrogram 1	1	867.065329172	868.945659039	30.172	123.922	2832.DSG_RAWD_HMS_ 7_50_ 0__DMY_16_ 8_15.wav	1.8803	4.0381	1	3	2	2		2
87	Spectrogram 1	1	880.763975748	880.931977730	17.241	119.612	2833.DSG_RAWD_HMS_ 7_55_ 0__DMY_16_ 8_15.wav	0.1680	7.0872	3	2	2	2		2
88	Spectrogram 1	1	896.291259716	896.465723312	23.707	158.405	2835.DSG_RAWD_HMS_ 8_ 5_ 0__DMY_16_ 8_15.wav	0.1745	1.3153	3	3	2	2		2
89	Spectrogram 1	1	905.066143049	905.279376333	16.164	177.802	2835.DSG_RAWD_HMS_ 8_ 5_ 0__DMY_16_ 8_15.wav	0.2132	10.0901	3	2	2	2		2
90	Spectrogram 1	1	905.996615561	906.216310459	29.095	233.836	2836.DSG_RAWD_HMS_ 8_10_ 0__DMY_16_ 8_15.wav	0.2197	0.3710	3	2	2	2		2
91	Spectrogram 1	1	906.209848844	906.429543743	30.172	231.681	2836.DSG_RAWD_HMS_ 8_10_ 0__DMY_16_ 8_15.wav	0.2197	0.5842	3	3	2	2		2
92	Spectrogram 1	1	907.566787924	907.741251520	28.017	170.259	2836.DSG_RAWD_HMS_ 8_10_ 0__DMY_16_ 8_15.wav	0.1745	1.9412	3	2	2	2		2
93	Spectrogram 1	1	912.270856470	912.445320066	12.931	135.776	2836.DSG_RAWD_HMS_ 8_10_ 0__DMY_16_ 8_15.wav	0.1745	6.6453	3	2	2	2		2
94	Spectrogram 1	1	915.088120464	915.191506298	23.707	177.802	2836.DSG_RAWD_HMS_ 8_10_ 0__DMY_16_ 8_15.wav	0.1034	9.4625	3	1	2	2		2
96	Spectrogram 1	1	917.381993670	917.595226953	29.095	162.716	2837.DSG_RAWD_HMS_ 8_15_ 0__DMY_16_ 8_15.wav	0.2132	1.1068	3	2	2	2		2
97	Spectrogram 1	1	930.298783905	930.512017189	24.784	155.172	2838.DSG_RAWD_HMS_ 8_20_ 0__DMY_16_ 8_15.wav	0.2132	3.3740	3	2	2	2		2
98	Spectrogram 1	1	932.721889404	932.967430761	19.397	133.621	2838.DSG_RAWD_HMS_ 8_20_ 0__DMY_16_ 8_15.wav	0.2455	5.7971	3	3	2	2		2
99	Spectrogram 1	1	935.384084662	935.597317945	14.009	154.095	2838.DSG_RAWD_HMS_ 8_20_ 0__DMY_16_ 8_15.wav	0.2132	8.4593	3	2	2	2		2
100	Spectrogram 1	1	937.587495262	937.781343702	31.250	167.026	2839.DSG_RAWD_HMS_ 8_25_ 0__DMY_16_ 8_15.wav	0.1938	0.0131	3	2	2	2		2
101	Spectrogram 1	1	938.156117352	938.362889022	36.638	128.233	2839.DSG_RAWD_HMS_ 8_25_ 0__DMY_16_ 8_15.wav	0.2068	0.5817	3	3	2	2		2
102	Spectrogram 1	1	938.802278819	938.970280800	28.017	112.069	2839.DSG_RAWD_HMS_ 8_25_ 0__DMY_16_ 8_15.wav	0.1680	1.2279	3	3	2	2		2
103	Spectrogram 1	1	957.954532232	958.161303902	32.328	148.707	2840.DSG_RAWD_HMS_ 8_30_ 0__DMY_16_ 8_15.wav	0.2068	9.7305	3	2	2	2		2
104	Spectrogram 1	1	975.585075957	975.775693590	17.241	161.638	2842.DSG_RAWD_HMS_ 8_40_ 0__DMY_16_ 8_15.wav	0.1906	6.0619	3	3	2	2		2
107	Spectrogram 1	1	1012.270953663	1012.490648562	35.560	142.241	2846.DSG_RAWD_HMS_ 9_ 0_ 0__DMY_16_ 8_15.wav	0.2197	0.1494	3	3	2	2		2
108	Spectrogram 1	1	1039.170674678	1039.390369577	6.466	150.862	2848.DSG_RAWD_HMS_ 9_10_ 0__DMY_16_ 8_15.wav	0.2197	5.7499	3	1	2	2		2
111	Spectrogram 1	1	1049.166785073	1049.289555751	11.853	134.698	2849.DSG_RAWD_HMS_ 9_15_ 0__DMY_16_ 8_15.wav	0.1228	5.0964	3	1	1	2		2
112	Spectrogram 1	1	1058.471509295	1058.613664818	12.931	154.095	2850.DSG_RAWD_HMS_ 9_20_ 0__DMY_16_ 8_15.wav	0.1422	3.7515	3	2	2	2		2
113	Spectrogram 1	1	1081.817325936	1084.660436388	42.026	141.164	2852.DSG_RAWD_HMS_ 9_30_ 0__DMY_16_ 8_15.wav	2.8431	5.7981	1	3	2	2		2
114	Spectrogram 1	1	1086.075530851	1086.243532832	11.853	155.172	2852.DSG_RAWD_HMS_ 9_30_ 0__DMY_16_ 8_15.wav	0.1680	10.0563	3	2	2	2		2
115	Spectrogram 1	1	1092.614683663	1092.737454342	14.009	179.957	2853.DSG_RAWD_HMS_ 9_35_ 0__DMY_16_ 8_15.wav	0.1228	5.9459	3	2	2	2		2
116	Spectrogram 1	1	1094.184856027	1094.385166081	11.853	147.629	2853.DSG_RAWD_HMS_ 9_35_ 0__DMY_16_ 8_15.wav	0.2003	7.5161	3	2	2	2		2
117	Spectrogram 1	1	1094.856863952	1094.992557860	21.552	225.216	2853.DSG_RAWD_HMS_ 9_35_ 0__DMY_16_ 8_15.wav	0.1357	8.1881	3	2	2	2		2
118	Spectrogram 1	1	1096.976273562	1097.183045231	22.629	148.707	2853.DSG_RAWD_HMS_ 9_35_ 0__DMY_16_ 8_15.wav	0.2068	10.3075	3	2	2	2		2
119	Spectrogram 1	1	1097.667667833	1100.995399385	36.638	156.250	2854.DSG_RAWD_HMS_ 9_40_ 0__DMY_16_ 8_15.wav	3.3277	0.3493	1	2	2	2		2
120	Spectrogram 1	1	1101.835409291	1102.035719346	30.172	164.871	2854.DSG_RAWD_HMS_ 9_40_ 0__DMY_16_ 8_15.wav	0.2003	4.5170	3	2	2	2		2
121	Spectrogram 1	1	1106.604083142	1106.752700280	17.241	168.103	2854.DSG_RAWD_HMS_ 9_40_ 0__DMY_16_ 8_15.wav	0.1486	9.2857	3	2	2	2		2
122	Spectrogram 1	1	1116.057408022	1116.225410003	15.086	230.603	2855.DSG_RAWD_HMS_ 9_45_ 0__DMY_16_ 8_15.wav	0.1680	8.0894	3	2	2	2		2
123	Spectrogram 1	1	1118.984519465	1119.139598217	28.017	156.250	2856.DSG_RAWD_HMS_ 9_50_ 0__DMY_16_ 8_15.wav	0.1551	0.3669	3	3	2	2		2
124	Spectrogram 1	1	1117.349730955	1117.543579395	30.172	167.026	2855.DSG_RAWD_HMS_ 9_45_ 0__DMY_16_ 8_15.wav	0.1938	9.3817	3	3	2	2		2
125	Spectrogram 1	1	1122.596565087	1122.751643839	14.009	159.483	2856.DSG_RAWD_HMS_ 9_50_ 0__DMY_16_ 8_15.wav	0.1551	3.9790	3	2	2	2		2
126	Spectrogram 1	1	1123.294419471	1123.494729525	23.707	155.172	2856.DSG_RAWD_HMS_ 9_50_ 0__DMY_16_ 8_15.wav	0.2003	4.6768	3	2	2	2		2
127	Spectrogram 1	1	1125.736909814	1125.930758254	4.310	165.948	2856.DSG_RAWD_HMS_ 9_50_ 0__DMY_16_ 8_15.wav	0.1938	7.1193	3	1	2	2		2
130	Spectrogram 1	1	1136.547191738	1136.669962417	25.862	188.578	2857.DSG_RAWD_HMS_ 9_55_ 0__DMY_16_ 8_15.wav	0.1228	7.2800	3	2	2	2		2
131	Spectrogram 1	1	1142.698650563	1143.674354377	22.629	127.155	2858.DSG_RAWD_HMS_10_ 0_ 0__DMY_16_ 8_15.wav	0.9757	2.7819	1	2	2	2		2
135	Spectrogram 1	1	1145.373759034	1145.470683254	11.853	144.397	2858.DSG_RAWD_HMS_10_ 0_ 0__DMY_16_ 8_15.wav	0.0969	5.4570	3	2	2	2		2
136	Spectrogram 1	1	1156.539428712	1156.759123610	12.931	178.879	2859.DSG_RAWD_HMS_10_ 5_ 0__DMY_16_ 8_15.wav	0.2197	5.9730	3	2	2	2		2
137	Spectrogram 1	1	1177.035675535	1177.184292673	20.474	158.405	2861.DSG_RAWD_HMS_10_15_ 0__DMY_16_ 8_15.wav	0.1486	5.1701	3	2	2	2		2
138	Spectrogram 1	1	1188.986433932	1190.924918331	31.250	160.560	2862.DSG_RAWD_HMS_10_20_ 0__DMY_16_ 8_15.wav	1.9385	6.4712	1	2	2	2		2
140	Spectrogram 1	1	1217.621082184	1217.776160936	9.698	136.853	2865.DSG_RAWD_HMS_10_35_ 0__DMY_16_ 8_15.wav	0.1551	3.1571	3	1	2	2		2
141	Spectrogram 1	1	1242.679206581	1242.847208562	11.853	140.086	2867.DSG_RAWD_HMS_10_45_ 0__DMY_16_ 8_15.wav	0.1680	6.9160	3	3	2	2		2
142	Spectrogram 1	1	1243.525678102	1243.719526542	11.853	168.103	2867.DSG_RAWD_HMS_10_45_ 0__DMY_16_ 8_15.wav	0.1938	7.7625	3	2	2	2		2
145	Spectrogram 1	1	1299.376636619	1299.538176986	20.474	148.707	2872.DSG_RAWD_HMS_11_10_ 0__DMY_16_ 8_15.wav	0.1615	10.3654	3	3	2	2		2
149	Spectrogram 1	1	1348.937236703	1349.144008372	25.862	175.647	2877.DSG_RAWD_HMS_11_35_ 0__DMY_16_ 8_15.wav	0.2068	6.6780	3	2	2	2		2
150	Spectrogram 1	1	1355.502248864	1357.537657484	29.095	142.241	2878.DSG_RAWD_HMS_11_40_ 0__DMY_16_ 8_15.wav	2.0354	2.5934	1	2	2	2		2
151	Spectrogram 1	1	1363.672974240	1365.359455667	30.172	126.078	2879.DSG_RAWD_HMS_11_45_ 0__DMY_16_ 8_15.wav	1.6865	0.1146	1	3	2	2		2
154	Spectrogram 1	1	1370.412449394	1370.593374605	11.853	170.259	2879.DSG_RAWD_HMS_11_45_ 0__DMY_16_ 8_15.wav	0.1809	6.8540	3	2	2	2		2
155	Spectrogram 1	1	1373.501101204	1373.662641570	22.629	157.328	2879.DSG_RAWD_HMS_11_45_ 0__DMY_16_ 8_15.wav	0.1615	9.9427	3	3	2	2		2
156	Spectrogram 1	1	1375.394354300	1375.620510814	12.931	228.448	2880.DSG_RAWD_HMS_11_50_ 0__DMY_16_ 8_15.wav	0.2262	1.1864	3	1	2	2		2
157	Spectrogram 1	1	1390.042864907	1390.230251732	26.940	177.802	2881.DSG_RAWD_HMS_11_55_ 0__DMY_16_ 8_15.wav	0.1874	5.1853	3	2	2	2		2
158	Spectrogram 1	1	1398.953443795	1400.194073811	28.017	154.095	2882.DSG_RAWD_HMS_12_ 0_ 0__DMY_16_ 8_15.wav	1.2406	3.4462	1	2	2	2		2
159	Spectrogram 1	1	1422.073133037	1422.254058247	15.086	268.319	2884.DSG_RAWD_HMS_12_10_ 0__DMY_16_ 8_15.wav	0.1809	5.2667	3	1	2	2		2
160	Spectrogram 1	1	1506.772108646	1507.024111618	28.017	134.698	2892.DSG_RAWD_HMS_12_50_ 0__DMY_16_ 8_15.wav	0.2520	4.7689	3	3	2	2		2
161	Spectrogram 1	1	1507.166267140	1507.366577195	25.862	141.164	2892.DSG_RAWD_HMS_12_50_ 0__DMY_16_ 8_15.wav	0.2003	5.1631	3	2	2	2		2
162	Spectrogram 1	1	1533.310001256	1533.510311310	19.397	131.466	2894.DSG_RAWD_HMS_13_ 0_ 0__DMY_16_ 8_15.wav	0.2003	10.0076	3	3	2	2		2
163	Spectrogram 1	1	1539.196541627	1540.650404927	35.560	129.310	2895.DSG_RAWD_HMS_13_ 5_ 0__DMY_16_ 8_15.wav	1.4539	5.2445	1	3	2	2		2
164	Spectrogram 1	1	1556.041998405	1557.715556603	23.707	141.164	2897.DSG_RAWD_HMS_13_15_ 0__DMY_16_ 8_15.wav	1.6736	0.7908	1	3	2	2		2
165	Spectrogram 1	1	1587.271026277	1587.458413103	30.172	146.552	2900.DSG_RAWD_HMS_13_30_ 0__DMY_16_ 8_15.wav	0.1874	0.0710	3	2	2	2		2
166	Spectrogram 1	1	1601.596444449	1601.783831275	24.784	151.940	2901.DSG_RAWD_HMS_13_35_ 0__DMY_16_ 8_15.wav	0.1874	3.7468	3	3	2	2		2
167	Spectrogram 1	1	1615.766791511	1619.152677595	30.172	144.397	2902.DSG_RAWD_HMS_13_40_ 0__DMY_16_ 8_15.wav	3.3859	7.2676	1	2	1	1		2
168	Spectrogram 1	1	1678.005153765	1678.237771893	8.621	172.414	2908.DSG_RAWD_HMS_14_10_ 0__DMY_16_ 8_15.wav	0.2326	5.6084	3	2	2	2		2
169	Spectrogram 1	1	1711.133904594	1711.379445951	19.397	209.052	2911.DSG_RAWD_HMS_14_25_ 0__DMY_16_ 8_15.wav	0.2455	6.7883	3	2	2	2		2
170	Spectrogram 1	1	1711.385907565	1711.521601473	22.629	154.095	2911.DSG_RAWD_HMS_14_25_ 0__DMY_16_ 8_15.wav	0.1357	7.0403	3	3	2	2		2
171	Spectrogram 1	1	1713.324391965	1713.531163634	29.095	163.793	2911.DSG_RAWD_HMS_14_25_ 0__DMY_16_ 8_15.wav	0.2068	8.9788	3	2	2	2		2
172	Spectrogram 1	1	1715.275806229	1715.469654669	29.095	128.233	2912.DSG_RAWD_HMS_14_30_ 0__DMY_16_ 8_15.wav	0.1938	0.2806	3	3	2	2		2
173	Spectrogram 1	1	1737.103174309	1737.251791446	12.931	159.483	2914.DSG_RAWD_HMS_14_40_ 0__DMY_16_ 8_15.wav	0.1486	0.8088	3	2	2	2		2
174	Spectrogram 1	1	1740.534291696	1740.753986594	2.155	251.078	2914.DSG_RAWD_HMS_14_40_ 0__DMY_16_ 8_15.wav	0.2197	4.2399	3	2	2	2		2
175	Spectrogram 1	1	1764.080456314	1764.241996681	8.621	176.724	2916.DSG_RAWD_HMS_14_50_ 0__DMY_16_ 8_15.wav	0.1615	6.4869	3	2	2	2		2
176	Spectrogram 1	1	1768.254663409	1769.798989314	20.474	145.474	2917.DSG_RAWD_HMS_14_55_ 0__DMY_16_ 8_15.wav	1.5443	0.0115	2	2	1	2		2
177	Spectrogram 1	1	1788.537702366	1788.705704348	17.241	142.241	2918.DSG_RAWD_HMS_15_ 0_ 0__DMY_16_ 8_15.wav	0.1680	9.6449	3	3	2	2		2
178	Spectrogram 1	1	1794.114083865	1794.327317149	5.388	190.733	2919.DSG_RAWD_HMS_15_ 5_ 0__DMY_16_ 8_15.wav	0.2132	4.5717	3	2	2	2		2
181	Spectrogram 1	1	1802.352655795	1803.134511170	32.328	151.940	2920.DSG_RAWD_HMS_15_10_ 0__DMY_16_ 8_15.wav	0.7819	2.1607	1	2	2	2		2
182	Spectrogram 1	1	1814.481127634	1814.655591230	16.164	133.621	2921.DSG_RAWD_HMS_15_15_ 0__DMY_16_ 8_15.wav	0.1745	3.6395	3	3	2	2		2
183	Spectrogram 1	1	1816.859001830	1817.072235114	8.621	215.517	2921.DSG_RAWD_HMS_15_15_ 0__DMY_16_ 8_15.wav	0.2132	6.0174	3	1	2	2		2
184	Spectrogram 1	1	1819.553495145	1819.773190044	19.397	173.491	2921.DSG_RAWD_HMS_15_15_ 0__DMY_16_ 8_15.wav	0.2197	8.7119	3	1	1	1		2
185	Spectrogram 1	1	1821.679377027	1821.840917394	25.862	165.948	2922.DSG_RAWD_HMS_15_20_ 0__DMY_16_ 8_15.wav	0.1615	0.1882	3	2	2	2		2
187	Spectrogram 1	1	1843.319355668	1843.487357649	7.543	203.664	2924.DSG_RAWD_HMS_15_30_ 0__DMY_16_ 8_15.wav	0.1680	0.5290	3	2	2	2		2
188	Spectrogram 1	1	1844.075364583	1844.256289794	24.784	171.336	2924.DSG_RAWD_HMS_15_30_ 0__DMY_16_ 8_15.wav	0.1809	1.2850	3	2	2	2		2
189	Spectrogram 1	1	1845.955694451	1846.091388359	20.474	148.707	2924.DSG_RAWD_HMS_15_30_ 0__DMY_16_ 8_15.wav	0.1357	3.1653	3	3	2	2		2
190	Spectrogram 1	1	1846.976629568	1847.099400246	22.629	161.638	2924.DSG_RAWD_HMS_15_30_ 0__DMY_16_ 8_15.wav	0.1228	4.1862	3	2	2	2		2
191	Spectrogram 1	1	1850.420680803	1850.556374711	20.474	163.793	2924.DSG_RAWD_HMS_15_30_ 0__DMY_16_ 8_15.wav	0.1357	7.6303	3	2	2	2		2
192	Spectrogram 1	1	1852.973018595	1853.095789274	10.776	141.164	2924.DSG_RAWD_HMS_15_30_ 0__DMY_16_ 8_15.wav	0.1228	10.1826	3	2	2	2		2
193	Spectrogram 1	1	1855.421970553	1855.557664461	12.931	176.724	2925.DSG_RAWD_HMS_15_35_ 0__DMY_16_ 8_15.wav	0.1357	1.9820	3	1	2	2		2
194	Spectrogram 1	1	1866.626431093	1866.755663386	26.940	199.353	2926.DSG_RAWD_HMS_15_40_ 0__DMY_16_ 8_15.wav	0.1292	2.5368	3	2	2	2		2
195	Spectrogram 1	1	1869.224000188	1869.392002169	11.853	190.733	2926.DSG_RAWD_HMS_15_40_ 0__DMY_16_ 8_15.wav	0.1680	5.1344	3	2	2	2		2
196	Spectrogram 1	1	1871.000954073	1871.156032825	20.474	203.664	2926.DSG_RAWD_HMS_15_40_ 0__DMY_16_ 8_15.wav	0.1551	6.9114	3	2	2	2		2
197	Spectrogram 1	1	1883.058346504	1883.265118173	18.319	128.233	2927.DSG_RAWD_HMS_15_45_ 0__DMY_16_ 8_15.wav	0.2068	8.3191	3	1	2	2		2
198	Spectrogram 1	1	1883.265118173	1883.400812081	24.784	129.310	2927.DSG_RAWD_HMS_15_45_ 0__DMY_16_ 8_15.wav	0.1357	8.5259	3	3	2	2		2
199	Spectrogram 1	1	1884.945137986	1885.119601582	20.474	171.336	2927.DSG_RAWD_HMS_15_45_ 0__DMY_16_ 8_15.wav	0.1745	10.2059	3	2	2	2		2
200	Spectrogram 1	1	1885.772224663	1885.946688259	26.940	172.414	2928.DSG_RAWD_HMS_15_50_ 0__DMY_16_ 8_15.wav	0.1745	0.3834	3	2	2	2		2
203	Spectrogram 1	1	1930.602976501	1930.796824941	1.078	193.966	2932.DSG_RAWD_HMS_16_10_ 0__DMY_16_ 8_15.wav	0.1938	2.6158	3	2	2	2		2
204	Spectrogram 1	1	1931.565757086	1931.727297452	9.698	302.802	2932.DSG_RAWD_HMS_16_10_ 0__DMY_16_ 8_15.wav	0.1615	3.5786	3	1	2	2		2
205	Spectrogram 1	1	1932.541460900	1932.774079028	3.233	343.750	2932.DSG_RAWD_HMS_16_10_ 0__DMY_16_ 8_15.wav	0.2326	4.5543	3	1	2	2		2
206	Spectrogram 1	1	1933.581780861	1933.711013154	9.698	140.086	2932.DSG_RAWD_HMS_16_10_ 0__DMY_16_ 8_15.wav	0.1292	5.5946	3	3	2	2		2
207	Spectrogram 1	1	1933.788552530	1934.059940346	6.466	310.345	2932.DSG_RAWD_HMS_16_10_ 0__DMY_16_ 8_15.wav	0.2714	5.8014	3	1	2	2		2
208	Spectrogram 1	1	1952.410961585	1952.546655493	18.319	130.388	2934.DSG_RAWD_HMS_16_20_ 0__DMY_16_ 8_15.wav	0.1357	3.1246	3	3	2	2		2
210	Spectrogram 1	1	1969.321033063	1969.489035044	14.009	167.026	2935.DSG_RAWD_HMS_16_25_ 0__DMY_16_ 8_15.wav	0.1680	9.3850	3	2	2	2		2
211	Spectrogram 1	1	1972.209374818	1972.538917165	5.388	145.474	2936.DSG_RAWD_HMS_16_30_ 0__DMY_16_ 8_15.wav	0.3295	1.6238	3	1	2	2		2
212	Spectrogram 1	1	1988.053276256	1988.227739852	8.621	200.431	2937.DSG_RAWD_HMS_16_35_ 0__DMY_16_ 8_15.wav	0.1745	6.8181	3	1	2	2		2
213	Spectrogram 1	1	1991.361630606	1991.542555816	22.629	170.259	2937.DSG_RAWD_HMS_16_35_ 0__DMY_16_ 8_15.wav	0.1809	10.1264	3	2	2	2		2
214	Spectrogram 1	1	1996.944475127	1997.151246796	14.009	219.828	2938.DSG_RAWD_HMS_16_40_ 0__DMY_16_ 8_15.wav	0.2068	5.0597	3	2	2	2		2
215	Spectrogram 1	1	1997.849101180	1998.030026390	2.155	127.155	2938.DSG_RAWD_HMS_16_40_ 0__DMY_16_ 8_15.wav	0.1809	5.9643	3	1	2	2		2
216	Spectrogram 1	1	2001.183302390	2001.351304371	19.397	150.862	2938.DSG_RAWD_HMS_16_40_ 0__DMY_16_ 8_15.wav	0.1680	9.2985	3	2	2	2		2
217	Spectrogram 1	1	2002.068543599	2002.243007195	19.397	106.681	2938.DSG_RAWD_HMS_16_40_ 0__DMY_16_ 8_15.wav	0.1745	10.1837	3	3	2	2		2
218	Spectrogram 1	1	2009.686792277	2009.964641707	0.000	290.948	2939.DSG_RAWD_HMS_16_45_ 0__DMY_16_ 8_15.wav	0.2778	7.1524	3	1	2	2		2
219	Spectrogram 1	1	2023.992838312	2024.193148366	32.328	158.405	2941.DSG_RAWD_HMS_16_55_ 0__DMY_16_ 8_15.wav	0.2003	0.1592	3	2	2	2		2
220	Spectrogram 1	1	2050.149469302	2050.317471283	11.853	274.784	2943.DSG_RAWD_HMS_17_ 5_ 0__DMY_16_ 8_15.wav	0.1680	5.0167	3	2	2	2		2
221	Spectrogram 1	1	2054.704900025	2054.911671694	6.466	140.086	2943.DSG_RAWD_HMS_17_ 5_ 0__DMY_16_ 8_15.wav	0.2068	9.5721	3	2	2	2		2
222	Spectrogram 1	1	2057.367085266	2060.475121920	38.793	184.267	2944.DSG_RAWD_HMS_17_10_ 0__DMY_16_ 8_15.wav	3.1080	1.5847	1	2	2	2		2
223	Spectrogram 1	1	2074.270667260	2075.873147697	44.181	197.198	2945.DSG_RAWD_HMS_17_15_ 0__DMY_16_ 8_15.wav	1.6025	7.8387	1	2	2	2		2
224	Spectrogram 1	1	2076.254382962	2076.403000100	35.560	183.190	2945.DSG_RAWD_HMS_17_15_ 0__DMY_16_ 8_15.wav	0.1486	9.8224	3	3	2	2		2
225	Spectrogram 1	1	2089.248687271	2089.532998317	6.466	293.103	2947.DSG_RAWD_HMS_17_25_ 0__DMY_16_ 8_15.wav	0.2843	1.5175	3	2	2	2		2
226	Spectrogram 1	1	2093.610277542	2093.739509835	18.319	190.733	2947.DSG_RAWD_HMS_17_25_ 0__DMY_16_ 8_15.wav	0.1292	5.8791	3	3	2	2		2
227	Spectrogram 1	1	2102.133149475	2102.359305988	22.629	144.397	2948.DSG_RAWD_HMS_17_30_ 0__DMY_16_ 8_15.wav	0.2262	3.7523	3	2	2	2		2
228	Spectrogram 1	1	2106.048889895	2109.014771026	35.560	209.052	2948.DSG_RAWD_HMS_17_30_ 0__DMY_16_ 8_15.wav	2.9659	7.6681	1	2	1	2		2
229	Spectrogram 1	1	2110.572020160	2110.811099903	0.000	363.147	2949.DSG_RAWD_HMS_17_35_ 0__DMY_16_ 8_15.wav	0.2391	1.5416	3	1	2	2		2
230	Spectrogram 1	1	2111.483107828	2111.676956268	16.164	175.647	2949.DSG_RAWD_HMS_17_35_ 0__DMY_16_ 8_15.wav	0.1938	2.4527	3	2	2	2		2
231	Spectrogram 1	1	2115.592691803	2115.831771545	2.155	255.388	2949.DSG_RAWD_HMS_17_35_ 0__DMY_16_ 8_15.wav	0.2391	6.5623	3	2	2	2		2
232	Spectrogram 1	1	2119.682893770	2119.818587678	20.474	168.103	2950.DSG_RAWD_HMS_17_40_ 0__DMY_16_ 8_15.wav	0.1357	0.0029	3	1	1	2		2
233	Spectrogram 1	1	2121.983228590	2122.254619833	22.629	188.578	2950.DSG_RAWD_HMS_17_40_ 0__DMY_16_ 8_15.wav	0.2714	2.3032	3	1	2	2		2
234	Spectrogram 1	1	2124.962036377	2125.375579716	4.310	242.457	2950.DSG_RAWD_HMS_17_40_ 0__DMY_16_ 8_15.wav	0.4135	5.2820	3	1	2	2		2
235	Spectrogram 1	1	2134.712613009	2134.912923063	6.466	148.707	2951.DSG_RAWD_HMS_17_45_ 0__DMY_16_ 8_15.wav	0.2003	4.3830	3	2	2	2		2
236	Spectrogram 1	1	2138.725275715	2138.899739311	17.241	107.759	2951.DSG_RAWD_HMS_17_45_ 0__DMY_16_ 8_15.wav	0.1745	8.3957	3	3	2	2		2
237	Spectrogram 1	1	2139.274512962	2139.623440153	5.388	264.009	2951.DSG_RAWD_HMS_17_45_ 0__DMY_16_ 8_15.wav	0.3489	8.9449	3	1	2	2		2
238	Spectrogram 1	1	2139.804365364	2139.985290575	7.543	157.328	2951.DSG_RAWD_HMS_17_45_ 0__DMY_16_ 8_15.wav	0.1809	9.4748	3	2	2	2		2
240	Spectrogram 1	1	2143.817027035	2144.017337090	18.319	160.560	2952.DSG_RAWD_HMS_17_50_ 0__DMY_16_ 8_15.wav	0.2003	2.8378	3	2	2	2		2
241	Spectrogram 1	1	2150.814954297	2151.150958259	16.164	239.224	2952.DSG_RAWD_HMS_17_50_ 0__DMY_16_ 8_15.wav	0.3360	9.8358	3	1	2	2		2
242	Spectrogram 1	1	2151.512808680	2151.622656130	20.474	158.405	2952.DSG_RAWD_HMS_17_50_ 0__DMY_16_ 8_15.wav	0.1098	10.5336	3	2	1	2		2
243	Spectrogram 1	1	2151.629117791	2154.271918189	11.853	159.483	2953.DSG_RAWD_HMS_17_55_ 0__DMY_16_ 8_15.wav	2.6428	0.0003	1	2	1	1		2
247	Spectrogram 1	1	2164.229262917	2164.403726513	25.862	232.759	2954.DSG_RAWD_HMS_18_ 0_ 0__DMY_16_ 8_15.wav	0.1745	1.9509	3	2	2	2		2
248	Spectrogram 1	1	2165.243736419	2165.385891942	25.862	167.026	2954.DSG_RAWD_HMS_18_ 0_ 0__DMY_16_ 8_15.wav	0.1422	2.9653	3	2	2	2		2
249	Spectrogram 1	1	2166.949602691	2167.091758213	21.552	143.319	2954.DSG_RAWD_HMS_18_ 0_ 0__DMY_16_ 8_15.wav	0.1422	4.6712	3	2	2	2		2
250	Spectrogram 1	1	2171.104419003	2171.240112911	10.776	192.888	2954.DSG_RAWD_HMS_18_ 0_ 0__DMY_16_ 8_15.wav	0.1357	8.8260	3	2	2	2		2
251	Spectrogram 1	1	2171.479192654	2171.595501718	23.707	158.405	2954.DSG_RAWD_HMS_18_ 0_ 0__DMY_16_ 8_15.wav	0.1163	9.2008	3	2	2	2		2
252	Spectrogram 1	1	2172.525974229	2172.745669128	26.940	177.802	2954.DSG_RAWD_HMS_18_ 0_ 0__DMY_16_ 8_15.wav	0.2197	10.2476	3	2	2	2		2
256	Spectrogram 1	1	2198.210893941	2198.359511078	7.543	192.888	2957.DSG_RAWD_HMS_18_15_ 0__DMY_16_ 8_15.wav	0.1486	3.9837	3	2	2	2		2
257	Spectrogram 1	1	2203.884192955	2204.058656551	16.164	151.940	2957.DSG_RAWD_HMS_18_15_ 0__DMY_16_ 8_15.wav	0.1745	9.6570	3	2	2	2		2
258	Spectrogram 1	1	2206.313760069	2206.501146894	1.078	271.552	2958.DSG_RAWD_HMS_18_20_ 0__DMY_16_ 8_15.wav	0.1874	1.4370	3	1	2	2		2
259	Spectrogram 1	1	2224.128431579	2224.412742624	2.155	220.905	2959.DSG_RAWD_HMS_18_25_ 0__DMY_16_ 8_15.wav	0.2843	8.6020	3	2	2	2		2
260	Spectrogram 1	1	2236.450728203	2236.573498881	28.017	125.000	2960.DSG_RAWD_HMS_18_30_ 0__DMY_16_ 8_15.wav	0.1228	10.2747	3	3	2	2		2
261	Spectrogram 1	1	2237.135659357	2237.323046182	28.017	147.629	2961.DSG_RAWD_HMS_18_35_ 0__DMY_16_ 8_15.wav	0.1874	0.3101	3	2	2	2		2
262	Spectrogram 1	1	2240.786473221	2242.091719383	39.871	146.552	2961.DSG_RAWD_HMS_18_35_ 0__DMY_16_ 8_15.wav	1.3052	3.9609	1	2	2	2		2
263	Spectrogram 1	1	2245.878225577	2246.000996255	11.853	120.690	2961.DSG_RAWD_HMS_18_35_ 0__DMY_16_ 8_15.wav	0.1228	9.0526	3	3	2	2		2
265	Spectrogram 1	1	2257.954986991	2258.116527358	8.621	261.853	2962.DSG_RAWD_HMS_18_40_ 0__DMY_16_ 8_15.wav	0.1615	10.4798	3	1	1	2		2
266	Spectrogram 1	1	2281.384806355	2281.526961877	19.397	164.871	2965.DSG_RAWD_HMS_18_55_ 0__DMY_16_ 8_15.wav	0.1422	1.9608	3	2	2	2		2
267	Spectrogram 1	1	2293.396944182	2293.552022934	29.095	133.621	2966.DSG_RAWD_HMS_19_ 0_ 0__DMY_16_ 8_15.wav	0.1551	3.3233	3	3	2	2		2
269	Spectrogram 1	1	2307.948505297	2308.116507278	22.629	141.164	2967.DSG_RAWD_HMS_19_ 5_ 0__DMY_16_ 8_15.wav	0.1680	7.2253	3	3	2	2		2
270	Spectrogram 1	1	2314.287349655	2314.448890021	26.940	165.948	2968.DSG_RAWD_HMS_19_10_ 0__DMY_16_ 8_15.wav	0.1615	2.9145	3	2	2	2		2
271	Spectrogram 1	1	2318.164317542	2318.293549835	7.543	169.181	2968.DSG_RAWD_HMS_19_10_ 0__DMY_16_ 8_15.wav	0.1292	6.7915	3	2	2	2		2
272	Spectrogram 1	1	2322.900679979	2323.152682951	4.310	140.086	2969.DSG_RAWD_HMS_19_15_ 0__DMY_16_ 8_15.wav	0.2520	0.8783	3	1	2	2		2
273	Spectrogram 1	1	2324.613007865	2324.852087607	1.078	185.345	2969.DSG_RAWD_HMS_19_15_ 0__DMY_16_ 8_15.wav	0.2391	2.5906	3	1	2	2		2
274	Spectrogram 1	1	2329.491526992	2329.762914808	6.466	292.026	2969.DSG_RAWD_HMS_19_15_ 0__DMY_16_ 8_15.wav	0.2714	7.4691	3	1	2	2		2
275	Spectrogram 1	1	2344.560010451	2344.721550818	30.172	213.362	2971.DSG_RAWD_HMS_19_25_ 0__DMY_16_ 8_15.wav	0.1615	1.2384	3	2	2	2		2
277	Spectrogram 1	1	2355.357370994	2355.505988131	12.931	172.414	2972.DSG_RAWD_HMS_19_30_ 0__DMY_16_ 8_15.wav	0.1486	1.3862	3	2	2	2		2
278	Spectrogram 1	1	2355.589989122	2355.719221415	1.078	160.560	2972.DSG_RAWD_HMS_19_30_ 0__DMY_16_ 8_15.wav	0.1292	1.6188	3	3	2	2		2
279	Spectrogram 1	1	2355.777375947	2355.913069855	4.310	161.638	2972.DSG_RAWD_HMS_19_30_ 0__DMY_16_ 8_15.wav	0.1357	1.8062	3	2	2	2		2
280	Spectrogram 1	1	2355.997070846	2356.145687983	7.543	154.095	2972.DSG_RAWD_HMS_19_30_ 0__DMY_16_ 8_15.wav	0.1486	2.0259	3	3	2	2		2
283	Spectrogram 1	1	2367.085201713	2367.291973382	15.086	169.181	2973.DSG_RAWD_HMS_19_35_ 0__DMY_16_ 8_15.wav	0.2068	2.4644	3	2	2	2		2
284	Spectrogram 1	1	2366.891353273	2367.059355254	17.241	173.491	2973.DSG_RAWD_HMS_19_35_ 0__DMY_16_ 8_15.wav	0.1680	2.2706	3	2	2	2		2
285	Spectrogram 1	1	2368.093213600	2368.254753967	11.853	158.405	2973.DSG_RAWD_HMS_19_35_ 0__DMY_16_ 8_15.wav	0.1615	3.4724	3	2	2	2		2
286	Spectrogram 1	1	2377.520708129	2377.947174697	2.155	285.560	2974.DSG_RAWD_HMS_19_40_ 0__DMY_16_ 8_15.wav	0.4265	2.2503	3	1	2	2		2
287	Spectrogram 1	1	2378.057022146	2378.302563504	12.931	139.009	2974.DSG_RAWD_HMS_19_40_ 0__DMY_16_ 8_15.wav	0.2455	2.7866	3	2	2	2		2
288	Spectrogram 1	1	2383.090621711	2383.271546922	10.776	167.026	2974.DSG_RAWD_HMS_19_40_ 0__DMY_16_ 8_15.wav	0.1809	7.8202	3	2	2	2		2
290	Spectrogram 1	1	2385.810961485	2386.024194769	7.543	241.379	2974.DSG_RAWD_HMS_19_40_ 0__DMY_16_ 8_15.wav	0.2132	10.5406	3	2	2	2		2
291	Spectrogram 1	1	2386.037117998	2386.243889667	7.543	241.379	2974.DSG_RAWD_HMS_19_40_ 0__DMY_16_ 8_15.wav	0.2068	10.7667	3	2	2	2		2
293	Spectrogram 1	1	2390.275937753	2390.495632651	15.086	176.724	2975.DSG_RAWD_HMS_19_45_ 0__DMY_16_ 8_15.wav	0.2197	3.9463	3	2	2	2		2
294	Spectrogram 1	1	2390.721789165	2390.870406302	12.931	142.241	2975.DSG_RAWD_HMS_19_45_ 0__DMY_16_ 8_15.wav	0.1486	4.3922	3	2	2	2		2
297	Spectrogram 1	1	2393.571360877	2393.694131555	12.931	184.267	2975.DSG_RAWD_HMS_19_45_ 0__DMY_16_ 8_15.wav	0.1228	7.2418	3	2	2	1		2
298	Spectrogram 1	1	2393.144894309	2394.314446563	31.250	158.405	2975.DSG_RAWD_HMS_19_45_ 0__DMY_16_ 8_15.wav	1.1696	6.8153	1	2	2	1		2
299	Spectrogram 1	1	2398.553266720	2401.803458896	23.707	169.181	2976.DSG_RAWD_HMS_19_50_ 0__DMY_16_ 8_15.wav	3.2502	1.5741	2	2	2	2		2
302	Spectrogram 1	1	2403.279940060	2403.641790481	2.155	422.414	2976.DSG_RAWD_HMS_19_50_ 0__DMY_16_ 8_15.wav	0.3619	6.3007	3	1	2	1		2
303	Spectrogram 1	1	2407.673838806	2409.567091903	36.638	178.879	2977.DSG_RAWD_HMS_19_55_ 0__DMY_16_ 8_15.wav	1.8933	0.0450	1	2	2	2		2
305	Spectrogram 1	1	2412.035430523	2412.164662816	24.784	150.862	2977.DSG_RAWD_HMS_19_55_ 0__DMY_16_ 8_15.wav	0.1292	4.4066	3	3	2	2		2
306	Spectrogram 1	1	2412.836670741	2412.978826264	25.862	137.931	2977.DSG_RAWD_HMS_19_55_ 0__DMY_16_ 8_15.wav	0.1422	5.2079	3	2	2	2		2
307	Spectrogram 1	1	2431.594744696	2431.743361834	7.543	147.629	2979.DSG_RAWD_HMS_20_ 5_ 0__DMY_16_ 8_15.wav	0.1486	2.6667	3	2	2	2		2
309	Spectrogram 1	1	2438.204983545	2439.548999395	33.405	186.422	2979.DSG_RAWD_HMS_20_ 5_ 0__DMY_16_ 8_15.wav	1.3440	9.2770	1	2	1	2		2
310	Spectrogram 1	1	2445.493689434	2445.790923708	0.000	380.388	2980.DSG_RAWD_HMS_20_10_ 0__DMY_16_ 8_15.wav	0.2972	5.9161	3	1	2	2		2
311	Spectrogram 1	1	2446.404777101	2446.598625541	19.397	228.448	2980.DSG_RAWD_HMS_20_10_ 0__DMY_16_ 8_15.wav	0.1938	6.8272	3	3	2	2		2
312	Spectrogram 1	1	2453.557792548	2453.680563227	7.543	187.500	2981.DSG_RAWD_HMS_20_15_ 0__DMY_16_ 8_15.wav	0.1228	3.3306	3	2	2	2		2
314	Spectrogram 1	1	2460.749575788	2460.885269696	16.164	168.103	2981.DSG_RAWD_HMS_20_15_ 0__DMY_16_ 8_15.wav	0.1357	10.5224	3	2	1	2		2
318	Spectrogram 1	1	2480.896906539	2481.032600447	9.698	191.810	2983.DSG_RAWD_HMS_20_25_ 0__DMY_16_ 8_15.wav	0.1357	9.3705	3	2	2	1		2
328	Spectrogram 1	1	2504.759671879	2504.966443548	24.784	228.448	2986.DSG_RAWD_HMS_20_40_ 0__DMY_16_ 8_15.wav	0.2068	1.2845	3	2	2	2		2
329	Spectrogram 1	1	2511.757605434	2513.075774825	32.328	118.534	2986.DSG_RAWD_HMS_20_40_ 0__DMY_16_ 8_15.wav	1.3182	8.2824	1	3	2	2		2
330	Spectrogram 1	1	2518.497076010	2518.658616377	16.164	165.948	2987.DSG_RAWD_HMS_20_45_ 0__DMY_16_ 8_15.wav	0.1615	4.3723	3	2	2	2		2
331	Spectrogram 1	1	2518.697386065	2520.248173584	31.250	142.241	2987.DSG_RAWD_HMS_20_45_ 0__DMY_16_ 8_15.wav	1.5508	4.5726	1	2	2	2		2
332	Spectrogram 1	1	2563.282560154	2563.437638906	2.155	144.397	2991.DSG_RAWD_HMS_21_ 5_ 0__DMY_16_ 8_15.wav	0.1551	6.5594	3	2	2	2		2
333	Spectrogram 1	1	2567.379229490	2571.030041776	21.552	221.983	2992.DSG_RAWD_HMS_21_10_ 0__DMY_16_ 8_15.wav	3.6508	0.0064	1	2	1	2		2
334	Spectrogram 1	1	2585.820679539	2586.266530951	0.000	243.534	2993.DSG_RAWD_HMS_21_15_ 0__DMY_16_ 8_15.wav	0.4459	7.7983	3	1	2	2		2
335	Spectrogram 1	1	2592.088442649	2595.551868109	37.716	155.172	2994.DSG_RAWD_HMS_21_20_ 0__DMY_16_ 8_15.wav	3.4634	3.4164	1	3	2	2		2
337	Spectrogram 1	1	2599.344838827	2601.832560472	29.095	226.293	2995.DSG_RAWD_HMS_21_25_ 0__DMY_16_ 8_15.wav	2.4877	0.0232	1	1	2	2		2
338	Spectrogram 1	1	2602.840572445	2606.652925097	17.241	203.664	2995.DSG_RAWD_HMS_21_25_ 0__DMY_16_ 8_15.wav	3.8124	3.5190	1	2	2	2		2
339	Spectrogram 1	1	2606.988927537	2607.124621445	9.698	155.172	2995.DSG_RAWD_HMS_21_25_ 0__DMY_16_ 8_15.wav	0.1357	7.6673	3	2	2	2		2
344	Spectrogram 1	1	2617.459981644	2617.647368469	4.310	284.483	2996.DSG_RAWD_HMS_21_30_ 0__DMY_16_ 8_15.wav	0.1874	7.4888	3	2	2	2		2
357	Spectrogram 1	1	2628.961665569	2631.249077161	28.017	174.569	2997.DSG_RAWD_HMS_21_35_ 0__DMY_16_ 8_15.wav	2.2874	8.3409	1	2	1	2		2
358	Spectrogram 1	1	2631.281385234	2632.198934516	29.095	169.181	2998.DSG_RAWD_HMS_21_40_ 0__DMY_16_ 8_15.wav	0.9175	0.0110	1	2	1	2		2
359	Spectrogram 1	1	2635.739906561	2638.731634151	32.328	126.078	2998.DSG_RAWD_HMS_21_40_ 0__DMY_16_ 8_15.wav	2.9917	4.4695	1	3	2	2		2
364	Spectrogram 1	1	2643.064146244	2643.199840152	20.474	164.871	2999.DSG_RAWD_HMS_21_45_ 0__DMY_16_ 8_15.wav	0.1357	1.1441	3	1	2	2		2
365	Spectrogram 1	1	2643.503536653	2648.478979945	26.940	242.457	2999.DSG_RAWD_HMS_21_45_ 0__DMY_16_ 8_15.wav	4.9754	1.5835	1	2	2	2		2
366	Spectrogram 1	1	2651.076547487	2652.562718859	28.017	159.483	2999.DSG_RAWD_HMS_21_45_ 0__DMY_16_ 8_15.wav	1.4862	9.1565	1	3	1	2		2
369	Spectrogram 1	1	2652.582103703	2654.695051699	12.931	212.284	3000.DSG_RAWD_HMS_21_50_ 0__DMY_16_ 8_15.wav	2.1129	0.0125	1	2	1	2		2
373	Spectrogram 1	1	2659.341542471	2660.440016964	23.707	219.828	3000.DSG_RAWD_HMS_21_50_ 0__DMY_16_ 8_15.wav	1.0985	6.7719	1	2	1	2		
