Selection	View	Channel	Begin Time (s)	End Time (s)	Low Freq (Hz)	High Freq (Hz)	Begin File	Delta Time (s)	File Offset (s)	call variant	level	call cutoff @ end	calls overlap	Notes	false positive
26	Spectrogram 1	1	403.981755923	404.070446829	23.511	137.147	2538.DSG_RAWD_HMS_ 7_20_ 0__DMY_15_ 8_15.wav	0.0887	9.5370	3	3	2	2		1
31	Spectrogram 1	1	461.049439938	462.547330791	25.470	338.950	2544.DSG_RAWD_HMS_ 7_50_ 0__DMY_15_ 8_15.wav	1.4979	2.7070	1	1	2	2		1
34	Spectrogram 1	1	462.941512800	465.010967268	33.307	158.699	2544.DSG_RAWD_HMS_ 7_50_ 0__DMY_15_ 8_15.wav	2.0695	4.5991	1	3	2	2		1
36	Spectrogram 1	1	503.345156110	504.025119721	41.144	133.229	2548.DSG_RAWD_HMS_ 8_10_ 0__DMY_15_ 8_15.wav	0.6800	2.4044	1	3	2	2		1
46	Spectrogram 1	1	565.192218764	567.882509573	31.348	135.188	2554.DSG_RAWD_HMS_ 8_40_ 0__DMY_15_ 8_15.wav	2.6903	0.3538	1	3	2	2		1
49	Spectrogram 1	1	586.300626914	588.517899558	41.144	172.414	2556.DSG_RAWD_HMS_ 8_50_ 0__DMY_15_ 8_15.wav	2.2173	0.1630	1	2	2	2		1
51	Spectrogram 1	1	614.346641965	616.031769175	48.981	162.618	2558.DSG_RAWD_HMS_ 9_ 0_ 0__DMY_15_ 8_15.wav	1.6851	6.9098	1	3	2	2		1
52	Spectrogram 1	1	646.295042521	649.409078767	41.144	180.251	2561.DSG_RAWD_HMS_ 9_15_ 0__DMY_15_ 8_15.wav	3.1140	6.9094	1	3	2	2		1
58	Spectrogram 1	1	688.630148875	689.221421580	48.981	115.596	2565.DSG_RAWD_HMS_ 9_35_ 0__DMY_15_ 8_15.wav	0.5913	6.6461	1	1	2	2		1
59	Spectrogram 1	1	710.408699015	711.877026233	48.981	139.107	2567.DSG_RAWD_HMS_ 9_45_ 0__DMY_15_ 8_15.wav	1.4683	7.1255	1	3	2	2		1
61	Spectrogram 1	1	727.200847403	731.743792687	31.348	176.332	2569.DSG_RAWD_HMS_ 9_55_ 0__DMY_15_ 8_15.wav	4.5429	2.6184	2	3	2	2		1
63	Spectrogram 1	1	740.612886139	742.327576984	29.389	131.270	2570.DSG_RAWD_HMS_10_ 0_ 0__DMY_15_ 8_15.wav	1.7147	5.3809	1	3	2	2		1
70	Spectrogram 1	1	773.024491610	774.640637003	37.226	133.229	2573.DSG_RAWD_HMS_10_15_ 0__DMY_15_ 8_15.wav	1.6161	5.8437	1	2	2	2		1
72	Spectrogram 1	1	786.830712843	788.446858237	45.063	148.903	2574.DSG_RAWD_HMS_10_20_ 0__DMY_15_ 8_15.wav	1.6161	9.0003	1	3	1	1		1
74	Spectrogram 1	1	799.040496739	799.119333099	35.266	162.618	2575.DSG_RAWD_HMS_10_25_ 0__DMY_15_ 8_15.wav	0.0788	10.5605	3	3	1	2		1
75	Spectrogram 1	1	805.583914619	805.721878251	25.470	143.025	2576.DSG_RAWD_HMS_10_30_ 0__DMY_15_ 8_15.wav	0.1380	6.4543	3	2	2	2		1
76	Spectrogram 1	1	819.399990646	819.626645183	23.511	186.129	2577.DSG_RAWD_HMS_10_35_ 0__DMY_15_ 8_15.wav	0.2267	9.6208	3	2	2	2		1
77	Spectrogram 1	1	820.168645162	820.375590609	25.470	137.147	2577.DSG_RAWD_HMS_10_35_ 0__DMY_15_ 8_15.wav	0.2069	10.3894	3	3	2	2		1
80	Spectrogram 1	1	851.653923692	852.363450938	54.859	150.862	2580.DSG_RAWD_HMS_10_50_ 0__DMY_15_ 8_15.wav	0.7095	9.9259	1	3	1	2		1
83	Spectrogram 1	1	879.650693119	879.749238570	21.552	133.229	2583.DSG_RAWD_HMS_11_ 5_ 0__DMY_15_ 8_15.wav	0.0985	5.9739	3	3	2	2		1
86	Spectrogram 1	1	920.438664490	920.566773576	23.511	182.210	2587.DSG_RAWD_HMS_11_25_ 0__DMY_15_ 8_15.wav	0.1281	4.1635	3	2	2	2		1
88	Spectrogram 1	1	942.000413393	942.089104299	21.552	164.577	2589.DSG_RAWD_HMS_11_35_ 0__DMY_15_ 8_15.wav	0.0887	4.4260	3	2	2	2		1
92	Spectrogram 1	1	962.409180513	963.966198637	33.307	144.984	2591.DSG_RAWD_HMS_11_45_ 0__DMY_15_ 8_15.wav	1.5570	3.5356	1	3	2	1		1
95	Spectrogram 1	1	964.429362900	965.533071950	48.981	160.658	2591.DSG_RAWD_HMS_11_45_ 0__DMY_15_ 8_15.wav	1.1037	5.5558	1	3	2	2		1
104	Spectrogram 1	1	1043.531795923	1043.620486829	29.389	162.618	2598.DSG_RAWD_HMS_12_20_ 0__DMY_15_ 8_15.wav	0.0887	10.1110	3	3	2	2		1
106	Spectrogram 1	1	1070.276981035	1070.365671941	25.470	199.843	2601.DSG_RAWD_HMS_12_35_ 0__DMY_15_ 8_15.wav	0.0887	4.9074	3	2	2	2		1
108	Spectrogram 1	1	1076.022180820	1077.490496569	37.226	190.047	2602.DSG_RAWD_HMS_12_40_ 0__DMY_15_ 8_15.wav	1.4683	0.0030	1	1	1	2		1
110	Spectrogram 1	1	1087.867324292	1087.965869742	35.266	152.821	2603.DSG_RAWD_HMS_12_45_ 0__DMY_15_ 8_15.wav	0.0985	1.1985	3	3	2	2		1
113	Spectrogram 1	1	1110.118859119	1110.217404570	29.389	129.310	2605.DSG_RAWD_HMS_12_55_ 0__DMY_15_ 8_15.wav	0.0985	2.1509	3	3	2	2		1
115	Spectrogram 1	1	1112.148895407	1112.247440857	30.368	158.699	2605.DSG_RAWD_HMS_12_55_ 0__DMY_15_ 8_15.wav	0.0985	4.1809	3	3	2	2		1
118	Spectrogram 1	1	1125.541197896	1126.605488765	21.552	103.840	2606.DSG_RAWD_HMS_13_ 0_ 0__DMY_15_ 8_15.wav	1.0643	6.9236	1	2	2	2		1
119	Spectrogram 1	1	1155.361005009	1156.868750407	54.859	135.188	2609.DSG_RAWD_HMS_13_15_ 0__DMY_15_ 8_15.wav	1.5077	4.7946	1	3	2	2		1
135	Spectrogram 1	1	1318.039606470	1318.187424647	31.348	184.169	2624.DSG_RAWD_HMS_14_30_ 0__DMY_15_ 8_15.wav	0.1478	7.3196	3	3	2	2		1
146	Spectrogram 1	1	1388.598131455	1388.706531451	23.511	148.903	2631.DSG_RAWD_HMS_15_ 5_ 0__DMY_15_ 8_15.wav	0.1084	3.3309	3	3	2	2		1
148	Spectrogram 1	1	1404.513225286	1404.611770737	15.674	121.473	2632.DSG_RAWD_HMS_15_10_ 0__DMY_15_ 8_15.wav	0.0985	8.5964	3	2	2	2		1
153	Spectrogram 1	1	1432.539766656	1432.617329882	19.592	213.558	2635.DSG_RAWD_HMS_15_25_ 0__DMY_15_ 8_15.wav	0.0776	4.6742	3	3	2	1		1
155	Spectrogram 1	1	1450.494544897	1451.401163045	41.144	156.740	2637.DSG_RAWD_HMS_15_35_ 0__DMY_15_ 8_15.wav	0.9066	1.3297	1	3	2	2		1
156	Spectrogram 1	1	1452.209235742	1455.441526530	27.429	229.232	2637.DSG_RAWD_HMS_15_35_ 0__DMY_15_ 8_15.wav	3.2323	3.0444	2	2	2	1		1
167	Spectrogram 1	1	1503.147390603	1503.245936054	39.185	199.843	2642.DSG_RAWD_HMS_16_ 0_ 0__DMY_15_ 8_15.wav	0.0985	0.7346	3	2	2	2		1
170	Spectrogram 1	1	1506.478227183	1512.272699693	25.470	150.862	2642.DSG_RAWD_HMS_16_ 0_ 0__DMY_15_ 8_15.wav	5.7945	4.0654	2	2	2	2		1
175	Spectrogram 1	1	1531.597468751	1533.519105043	37.226	168.495	2644.DSG_RAWD_HMS_16_10_ 0__DMY_15_ 8_15.wav	1.9216	7.8855	1	2	2	2		1
177	Spectrogram 1	1	1543.580598599	1543.698853140	21.552	129.310	2645.DSG_RAWD_HMS_16_15_ 0__DMY_15_ 8_15.wav	0.1183	9.2190	3	3	2	2		1
182	Spectrogram 1	1	1575.499478209	1576.938241791	29.389	256.661	2648.DSG_RAWD_HMS_16_30_ 0__DMY_15_ 8_15.wav	1.4388	9.1891	2	1	1	2		1
187	Spectrogram 1	1	1609.438539053	1609.546939048	31.348	148.903	2652.DSG_RAWD_HMS_16_50_ 0__DMY_15_ 8_15.wav	0.1084	0.5297	3	3	2	2		1
190	Spectrogram 1	1	1625.353633231	1625.856215031	48.981	127.351	2653.DSG_RAWD_HMS_16_55_ 0__DMY_15_ 8_15.wav	0.5026	5.7952	1	3	2	2		1
191	Spectrogram 1	1	1642.806037385	1647.004073591	33.307	131.270	2655.DSG_RAWD_HMS_17_ 5_ 0__DMY_15_ 8_15.wav	4.1980	1.9484	1	3	2	2		1
203	Spectrogram 1	1	1699.006518341	1699.105063792	21.552	154.781	2660.DSG_RAWD_HMS_17_30_ 0__DMY_15_ 8_15.wav	0.0985	4.9009	3	2	2	2		1
205	Spectrogram 1	1	1719.908014762	1719.996705668	23.511	141.066	2662.DSG_RAWD_HMS_17_40_ 0__DMY_15_ 8_15.wav	0.0887	4.5032	3	2	2	2		1
206	Spectrogram 1	1	1721.829651053	1721.928196504	23.511	172.414	2662.DSG_RAWD_HMS_17_40_ 0__DMY_15_ 8_15.wav	0.0985	6.4249	3	3	2	2		1
210	Spectrogram 1	1	1733.142672132	1733.251072128	23.511	190.047	2663.DSG_RAWD_HMS_17_45_ 0__DMY_15_ 8_15.wav	0.1084	7.0883	3	3	2	2		1
218	Spectrogram 1	1	1758.094385198	1760.104712395	31.348	141.066	2666.DSG_RAWD_HMS_18_ 0_ 0__DMY_15_ 8_15.wav	2.0103	0.0912	1	3	1	2		1
235	Spectrogram 1	1	1855.841641690	1857.723859801	35.266	144.984	2675.DSG_RAWD_HMS_18_45_ 0__DMY_15_ 8_15.wav	1.8822	1.9920	1	2	2	2		1
242	Spectrogram 1	1	1867.755789821	1867.962735268	31.348	152.821	2676.DSG_RAWD_HMS_18_50_ 0__DMY_15_ 8_15.wav	0.2069	3.2566	3	2	2	2		1
248	Spectrogram 1	1	1899.191795278	1899.270631639	29.389	125.392	2679.DSG_RAWD_HMS_19_ 5_ 0__DMY_15_ 8_15.wav	0.0788	2.7438	3	3	2	2		1
255	Spectrogram 1	1	1902.916814560	1904.493541773	35.266	201.803	2679.DSG_RAWD_HMS_19_ 5_ 0__DMY_15_ 8_15.wav	1.5767	6.4688	1	3	2	1		1
258	Spectrogram 1	1	1907.262670231	1907.361215682	37.226	129.310	2680.DSG_RAWD_HMS_19_10_ 0__DMY_15_ 8_15.wav	0.0985	0.1651	3	2	2	2		1
260	Spectrogram 1	1	1912.584125866	1912.692525862	31.348	139.107	2680.DSG_RAWD_HMS_19_10_ 0__DMY_15_ 8_15.wav	0.1084	5.4865	3	2	2	2		1
261	Spectrogram 1	1	1917.373435967	1917.550817778	23.511	137.147	2680.DSG_RAWD_HMS_19_10_ 0__DMY_15_ 8_15.wav	0.1774	10.2758	3	2	2	2		1
262	Spectrogram 1	1	1919.945472234	1920.053872230	21.552	148.903	2681.DSG_RAWD_HMS_19_15_ 0__DMY_15_ 8_15.wav	0.1084	2.1983	3	3	2	2		1
265	Spectrogram 1	1	1921.985364207	1922.083909658	25.470	121.473	2681.DSG_RAWD_HMS_19_15_ 0__DMY_15_ 8_15.wav	0.0985	4.2382	3	2	2	2		1
266	Spectrogram 1	1	1922.212018744	1922.320418740	23.511	144.984	2681.DSG_RAWD_HMS_19_15_ 0__DMY_15_ 8_15.wav	0.1084	4.4648	3	2	2	2		1
269	Spectrogram 1	1	1922.862418719	1923.384709609	39.185	158.699	2681.DSG_RAWD_HMS_19_15_ 0__DMY_15_ 8_15.wav	0.5223	5.1152	1	2	2	2		1
282	Spectrogram 1	1	1949.223333960	1949.321879411	29.389	129.310	2683.DSG_RAWD_HMS_19_25_ 0__DMY_15_ 8_15.wav	0.0985	9.7673	3	3	2	2		1
285	Spectrogram 1	1	1950.169370288	1951.322352063	48.981	180.251	2684.DSG_RAWD_HMS_19_30_ 0__DMY_15_ 8_15.wav	1.1530	0.0638	1	2	2	2		1
286	Spectrogram 1	1	1956.742353843	1957.442026544	41.144	119.514	2684.DSG_RAWD_HMS_19_30_ 0__DMY_15_ 8_15.wav	0.6997	6.6368	1	2	2	2		1
289	Spectrogram 1	1	1964.133263896	1966.656027437	25.470	170.455	2685.DSG_RAWD_HMS_19_35_ 0__DMY_15_ 8_15.wav	2.5228	3.3781	1	2	2	2		1
293	Spectrogram 1	1	1975.308320947	1975.456139123	25.470	160.658	2686.DSG_RAWD_HMS_19_40_ 0__DMY_15_ 8_15.wav	0.1478	3.9035	3	2	2	2		1
294	Spectrogram 1	1	1979.250140666	1981.309740589	27.429	199.843	2686.DSG_RAWD_HMS_19_40_ 0__DMY_15_ 8_15.wav	2.0596	7.8453	2	2	2	2		1
296	Spectrogram 1	1	1983.083559795	1984.877087000	33.307	164.577	2687.DSG_RAWD_HMS_19_45_ 0__DMY_15_ 8_15.wav	1.7935	1.0292	1	2	2	2		1
299	Spectrogram 1	1	1987.537814669	1991.390941797	50.940	164.577	2687.DSG_RAWD_HMS_19_45_ 0__DMY_15_ 8_15.wav	3.8531	5.4834	1	3	2	1		1
300	Spectrogram 1	1	1990.760250912	1990.848941817	21.552	180.251	2687.DSG_RAWD_HMS_19_45_ 0__DMY_15_ 8_15.wav	0.0887	8.7059	3	2	2	1		1
302	Spectrogram 1	1	1993.578652244	1995.382033994	47.022	135.188	2688.DSG_RAWD_HMS_19_50_ 0__DMY_15_ 8_15.wav	1.8034	0.8747	1	2	2	2		1
307	Spectrogram 1	1	2029.764549671	2031.715749598	33.307	217.476	2691.DSG_RAWD_HMS_20_ 5_ 0__DMY_15_ 8_15.wav	1.9512	5.1117	1	2	2	2		1
312	Spectrogram 1	1	2048.103863032	2050.833572020	39.185	225.313	2693.DSG_RAWD_HMS_20_15_ 0__DMY_15_ 8_15.wav	2.7297	2.1519	1	2	2	2		1
313	Spectrogram 1	1	2056.263424113	2056.578769556	54.859	144.984	2693.DSG_RAWD_HMS_20_15_ 0__DMY_15_ 8_15.wav	0.3153	10.3114	1	2	1	2		1
323	Spectrogram 1	1	2084.585356117	2084.674047023	23.511	184.169	2696.DSG_RAWD_HMS_20_30_ 0__DMY_15_ 8_15.wav	0.0887	6.6846	3	2	2	2		1
334	Spectrogram 1	1	2124.121744219	2125.205744179	41.144	115.596	2700.DSG_RAWD_HMS_20_50_ 0__DMY_15_ 8_15.wav	1.0840	3.6225	1	2	2	2		1
336	Spectrogram 1	1	2130.950939066	2131.118466332	25.470	197.884	2700.DSG_RAWD_HMS_20_50_ 0__DMY_15_ 8_15.wav	0.1675	10.4517	3	3	1	2		1
337	Spectrogram 1	1	2131.670315919	2131.759006825	35.266	205.721	2701.DSG_RAWD_HMS_20_55_ 0__DMY_15_ 8_15.wav	0.0887	0.5215	3	1	2	2		1
340	Spectrogram 1	1	2136.518748160	2140.854747997	25.470	137.147	2701.DSG_RAWD_HMS_20_55_ 0__DMY_15_ 8_15.wav	4.3360	5.3699	2	2	2	1		1
343	Spectrogram 1	1	2152.148041652	2152.384550734	33.307	184.169	2702.DSG_RAWD_HMS_21_ 0_ 0__DMY_15_ 8_15.wav	0.2365	10.3496	3	2	1	2		1
344	Spectrogram 1	1	2152.463387095	2163.051925484	29.389	364.420	2703.DSG_RAWD_HMS_21_ 5_ 0__DMY_15_ 8_15.wav	10.5885	0.0154	6	1	1	1		1
345	Spectrogram 1	1	2163.118265847	2173.696017211	39.185	223.354	2704.DSG_RAWD_HMS_21_10_ 0__DMY_15_ 8_15.wav	10.5778	0.0207	6	2	1	1		1
346	Spectrogram 1	1	2173.800536335	2184.364349634	25.470	193.966	2705.DSG_RAWD_HMS_21_15_ 0__DMY_15_ 8_15.wav	10.5638	0.0533	6	2	1	1		1
347	Spectrogram 1	1	2184.487888398	2195.009885265	29.389	188.088	2706.DSG_RAWD_HMS_21_20_ 0__DMY_15_ 8_15.wav	10.5220	0.0911	6	2	1	1		1
348	Spectrogram 1	1	2195.085822004	2205.649636937	35.266	213.558	2707.DSG_RAWD_HMS_21_25_ 0__DMY_15_ 8_15.wav	10.5638	0.0394	6	2	1	1		1
349	Spectrogram 1	1	2205.724555035	2216.302306399	31.348	240.987	2708.DSG_RAWD_HMS_21_30_ 0__DMY_15_ 8_15.wav	10.5778	0.0286	6	2	1	1		1
350	Spectrogram 1	1	2216.391786572	2226.955601505	31.348	313.480	2709.DSG_RAWD_HMS_21_35_ 0__DMY_15_ 8_15.wav	10.5638	0.0462	6	1	1	1		1
351	Spectrogram 1	1	2227.039171844	2237.616923208	31.348	248.824	2710.DSG_RAWD_HMS_21_40_ 0__DMY_15_ 8_15.wav	10.5778	0.0440	6	2	1	1		1
376	Spectrogram 1	1	2483.063778430	2493.599720500	31.348	225.313	2734.DSG_RAWD_HMS_23_40_ 0__DMY_15_ 8_15.wav	10.5359	0.0686	6	2	1	1		1
390	Spectrogram 1	1	2593.705015181	2593.858315925	31.348	143.025	2744.DSG_RAWD_HMS_ 0_30_ 0__DMY_16_ 8_15.wav	0.1533	4.2138	3	2	2	2		1
392	Spectrogram 1	1	2603.585938689	2605.829704130	41.144	121.473	2745.DSG_RAWD_HMS_ 0_35_ 0__DMY_16_ 8_15.wav	2.2438	3.4451	1	3	2	2		1
393	Spectrogram 1	1	2606.526525695	2609.620413446	45.063	133.229	2745.DSG_RAWD_HMS_ 0_35_ 0__DMY_16_ 8_15.wav	3.0939	6.3857	1	3	2	2		1
394	Spectrogram 1	1	2609.787650622	2610.038506385	21.552	180.251	2745.DSG_RAWD_HMS_ 0_35_ 0__DMY_16_ 8_15.wav	0.2509	9.6469	3	2	2	2		1
395	Spectrogram 1	1	2610.163934267	2610.400853599	17.633	186.129	2745.DSG_RAWD_HMS_ 0_35_ 0__DMY_16_ 8_15.wav	0.2369	10.0231	3	2	2	2		1
396	Spectrogram 1	1	2643.109630293	2643.262931038	35.266	139.107	2749.DSG_RAWD_HMS_ 0_55_ 0__DMY_16_ 8_15.wav	0.1533	0.3704	3	2	2	2		1
1	Spectrogram 1	1	10.703177981	10.814669431	25.470	168.495	2502.DSG_RAWD_HMS_ 4_20_ 0__DMY_15_ 8_15.wav	0.1115	0.0536	3	3	1	2		2
2	Spectrogram 1	1	19.399481141	19.538845455	25.470	162.618	2502.DSG_RAWD_HMS_ 4_20_ 0__DMY_15_ 8_15.wav	0.1394	8.7499	3	3	2	2		2
3	Spectrogram 1	1	35.523905902	35.649333784	27.429	146.944	2504.DSG_RAWD_HMS_ 4_30_ 0__DMY_15_ 8_15.wav	0.1254	3.5751	3	3	2	2		2
4	Spectrogram 1	1	45.058342256	46.589418609	43.103	156.740	2505.DSG_RAWD_HMS_ 4_35_ 0__DMY_15_ 8_15.wav	1.5311	2.4599	1	2	2	2		2
5	Spectrogram 1	1	63.006528380	63.173765556	31.348	162.618	2506.DSG_RAWD_HMS_ 4_40_ 0__DMY_15_ 8_15.wav	0.1672	9.7585	3	3	2	2		2
6	Spectrogram 1	1	76.984763958	77.207746859	29.389	162.618	2508.DSG_RAWD_HMS_ 4_50_ 0__DMY_15_ 8_15.wav	0.2230	2.4376	3	3	2	2		2
7	Spectrogram 1	1	150.485469932	150.680579971	37.226	174.373	2515.DSG_RAWD_HMS_ 5_25_ 0__DMY_15_ 8_15.wav	0.1951	1.3911	3	3	2	2		2
8	Spectrogram 1	1	151.739748750	151.893049495	21.552	164.577	2515.DSG_RAWD_HMS_ 5_25_ 0__DMY_15_ 8_15.wav	0.1533	2.6453	3	1	2	2		2
9	Spectrogram 1	1	152.743171804	152.910408980	17.633	178.292	2515.DSG_RAWD_HMS_ 5_25_ 0__DMY_15_ 8_15.wav	0.1672	3.6488	3	2	2	2		2
10	Spectrogram 1	1	190.552694712	190.775677613	23.511	211.599	2518.DSG_RAWD_HMS_ 5_40_ 0__DMY_15_ 8_15.wav	0.2230	9.5095	3	1	2	2		2
11	Spectrogram 1	1	221.477634406	223.303306907	39.185	125.392	2521.DSG_RAWD_HMS_ 5_55_ 0__DMY_15_ 8_15.wav	1.8257	8.4856	1	3	2	2		2
12	Spectrogram 1	1	237.323355496	237.476656240	27.429	168.495	2523.DSG_RAWD_HMS_ 6_ 5_ 0__DMY_15_ 8_15.wav	0.1533	3.0322	3	3	2	2		2
13	Spectrogram 1	1	243.552940291	243.734113898	19.592	229.232	2523.DSG_RAWD_HMS_ 6_ 5_ 0__DMY_15_ 8_15.wav	0.1812	9.2617	3	1	2	2		2
14	Spectrogram 1	1	252.430446973	252.611620580	33.307	160.658	2524.DSG_RAWD_HMS_ 6_10_ 0__DMY_15_ 8_15.wav	0.1812	7.4896	3	3	2	2		2
15	Spectrogram 1	1	256.165410564	256.332647740	29.389	152.821	2525.DSG_RAWD_HMS_ 6_15_ 0__DMY_15_ 8_15.wav	0.1672	0.5750	3	3	2	2		2
16	Spectrogram 1	1	256.862232130	257.071278599	21.552	135.188	2525.DSG_RAWD_HMS_ 6_15_ 0__DMY_15_ 8_15.wav	0.2090	1.2718	3	3	2	2		2
17	Spectrogram 1	1	278.533371493	278.742417962	29.389	197.884	2527.DSG_RAWD_HMS_ 6_25_ 0__DMY_15_ 8_15.wav	0.2090	1.6438	3	3	2	2		2
18	Spectrogram 1	1	290.323588601	290.490825776	27.429	164.577	2528.DSG_RAWD_HMS_ 6_30_ 0__DMY_15_ 8_15.wav	0.1672	2.7844	3	2	2	2		2
19	Spectrogram 1	1	290.685935815	290.867109422	31.348	148.903	2528.DSG_RAWD_HMS_ 6_30_ 0__DMY_15_ 8_15.wav	0.1812	3.1467	3	2	2	2		2
20	Spectrogram 1	1	294.410548381	294.532389592	15.674	168.495	2528.DSG_RAWD_HMS_ 6_30_ 0__DMY_15_ 8_15.wav	0.1218	6.8713	3	2	2	2		2
21	Spectrogram 1	1	325.499086179	325.652386924	21.552	190.047	2531.DSG_RAWD_HMS_ 6_45_ 0__DMY_15_ 8_15.wav	0.1533	6.0111	3	2	2	2		2
22	Spectrogram 1	1	364.443161027	367.355875171	41.144	123.433	2535.DSG_RAWD_HMS_ 7_ 5_ 0__DMY_15_ 8_15.wav	2.9127	2.3568	1	3	2	2		2
23	Spectrogram 1	1	377.264677804	377.543406430	23.511	280.172	2536.DSG_RAWD_HMS_ 7_10_ 0__DMY_15_ 8_15.wav	0.2787	4.5287	3	1	2	2		2
25	Spectrogram 1	1	398.975646877	399.162883234	25.470	144.984	2538.DSG_RAWD_HMS_ 7_20_ 0__DMY_15_ 8_15.wav	0.1872	4.5308	3	3	2	2		2
27	Spectrogram 1	1	414.506412701	414.673939968	23.511	174.373	2539.DSG_RAWD_HMS_ 7_25_ 0__DMY_15_ 8_15.wav	0.1675	9.4120	3	2	2	2		2
28	Spectrogram 1	1	417.039031779	417.176995411	27.429	164.577	2540.DSG_RAWD_HMS_ 7_30_ 0__DMY_15_ 8_15.wav	0.1380	1.2950	3	3	2	2		2
29	Spectrogram 1	1	432.175616599	432.323434775	27.429	170.455	2541.DSG_RAWD_HMS_ 7_35_ 0__DMY_15_ 8_15.wav	0.1478	5.7820	3	3	2	2		2
30	Spectrogram 1	1	432.628925673	432.806307484	31.348	168.495	2541.DSG_RAWD_HMS_ 7_35_ 0__DMY_15_ 8_15.wav	0.1774	6.2353	3	2	2	2		2
37	Spectrogram 1	1	508.351265013	508.538501370	17.633	211.599	2548.DSG_RAWD_HMS_ 8_10_ 0__DMY_15_ 8_15.wav	0.1872	7.4105	3	2	2	2		2
38	Spectrogram 1	1	510.391156831	510.558684098	31.348	164.577	2548.DSG_RAWD_HMS_ 8_10_ 0__DMY_15_ 8_15.wav	0.1675	9.4504	3	3	2	2		2
39	Spectrogram 1	1	521.556345539	521.723872805	23.511	150.862	2549.DSG_RAWD_HMS_ 8_15_ 0__DMY_15_ 8_15.wav	0.1675	9.9659	3	3	2	2		2
40	Spectrogram 1	1	536.515523540	536.633778081	29.389	152.821	2551.DSG_RAWD_HMS_ 8_25_ 0__DMY_15_ 8_15.wav	0.1183	3.6259	3	2	2	2		2
41	Spectrogram 1	1	536.840723528	537.018105339	21.552	174.373	2551.DSG_RAWD_HMS_ 8_25_ 0__DMY_15_ 8_15.wav	0.1774	3.9511	3	1	2	2		2
42	Spectrogram 1	1	544.665223645	544.803187276	37.226	235.110	2552.DSG_RAWD_HMS_ 8_30_ 0__DMY_15_ 8_15.wav	0.1380	1.1260	3	2	2	2		2
43	Spectrogram 1	1	546.655841752	546.823369019	27.429	227.273	2552.DSG_RAWD_HMS_ 8_30_ 0__DMY_15_ 8_15.wav	0.1675	3.1166	3	3	2	2		2
44	Spectrogram 1	1	556.539940943	556.717322755	31.348	207.680	2553.DSG_RAWD_HMS_ 8_35_ 0__DMY_15_ 8_15.wav	0.1774	2.3511	3	1	2	2		2
45	Spectrogram 1	1	559.634268100	559.801795366	19.592	158.699	2553.DSG_RAWD_HMS_ 8_35_ 0__DMY_15_ 8_15.wav	0.1675	5.4455	3	2	2	2		2
50	Spectrogram 1	1	607.763810941	607.882065482	27.429	158.699	2558.DSG_RAWD_HMS_ 9_ 0_ 0__DMY_15_ 8_15.wav	0.1183	0.3270	3	2	2	2		2
53	Spectrogram 1	1	662.160850275	662.288959361	31.348	131.270	2563.DSG_RAWD_HMS_ 9_25_ 0__DMY_15_ 8_15.wav	0.1281	1.4761	3	3	2	2		2
54	Spectrogram 1	1	663.491213861	663.629177492	29.389	213.558	2563.DSG_RAWD_HMS_ 9_25_ 0__DMY_15_ 8_15.wav	0.1380	2.8064	3	2	2	2		2
55	Spectrogram 1	1	665.954844296	670.290844133	45.063	127.351	2563.DSG_RAWD_HMS_ 9_25_ 0__DMY_15_ 8_15.wav	4.3360	5.2700	1	3	2	2		2
56	Spectrogram 1	1	677.622620782	677.809857139	29.389	195.925	2564.DSG_RAWD_HMS_ 9_30_ 0__DMY_15_ 8_15.wav	0.1872	6.2882	3	3	2	2		2
57	Spectrogram 1	1	680.647966123	680.815493390	27.429	344.828	2564.DSG_RAWD_HMS_ 9_30_ 0__DMY_15_ 8_15.wav	0.1675	9.3136	3	1	2	2		2
60	Spectrogram 1	1	724.599246906	726.264663687	47.022	162.618	2569.DSG_RAWD_HMS_ 9_55_ 0__DMY_15_ 8_15.wav	1.6654	0.0168	1	3	1	2		2
62	Spectrogram 1	1	732.009865405	732.137974491	29.389	137.147	2569.DSG_RAWD_HMS_ 9_55_ 0__DMY_15_ 8_15.wav	0.1281	7.4275	3	3	2	2		2
64	Spectrogram 1	1	743.510122394	744.042267829	43.103	99.922	2570.DSG_RAWD_HMS_10_ 0_ 0__DMY_15_ 8_15.wav	0.5321	8.2781	1	3	2	2		2
65	Spectrogram 1	1	746.052596464	746.160996460	31.348	237.069	2571.DSG_RAWD_HMS_10_ 5_ 0__DMY_15_ 8_15.wav	0.1084	0.1710	3	2	2	2		2
66	Spectrogram 1	1	750.792632649	751.019287186	13.715	217.476	2571.DSG_RAWD_HMS_10_ 5_ 0__DMY_15_ 8_15.wav	0.2267	4.9110	3	1	2	2		2
67	Spectrogram 1	1	754.438815967	754.596488688	23.511	262.539	2571.DSG_RAWD_HMS_10_ 5_ 0__DMY_15_ 8_15.wav	0.1577	8.5572	3	1	2	2		2
68	Spectrogram 1	1	765.613871723	765.761689899	33.307	193.966	2572.DSG_RAWD_HMS_10_10_ 0__DMY_15_ 8_15.wav	0.1478	9.0827	3	2	2	2		2
69	Spectrogram 1	1	765.416780821	765.554744452	29.389	184.169	2572.DSG_RAWD_HMS_10_10_ 0__DMY_15_ 8_15.wav	0.1380	8.8856	3	2	2	2		2
71	Spectrogram 1	1	786.663185576	786.840567388	21.552	242.947	2574.DSG_RAWD_HMS_10_20_ 0__DMY_15_ 8_15.wav	0.1774	8.8328	3	1	2	1		2
78	Spectrogram 1	1	823.361518910	823.479773451	35.266	182.210	2578.DSG_RAWD_HMS_10_40_ 0__DMY_15_ 8_15.wav	0.1183	2.9327	3	2	2	2		2
79	Spectrogram 1	1	845.435704157	845.632795059	35.266	338.950	2580.DSG_RAWD_HMS_10_50_ 0__DMY_15_ 8_15.wav	0.1971	3.7077	3	1	2	2		2
81	Spectrogram 1	1	868.239127581	868.367236667	19.592	195.925	2582.DSG_RAWD_HMS_11_ 0_ 0__DMY_15_ 8_15.wav	0.1281	5.2119	3	1	2	2		2
82	Spectrogram 1	1	874.605165094	874.733274180	37.226	209.639	2583.DSG_RAWD_HMS_11_ 5_ 0__DMY_15_ 8_15.wav	0.1281	0.9284	3	2	2	2		2
84	Spectrogram 1	1	892.964185853	893.102149484	23.511	278.213	2584.DSG_RAWD_HMS_11_10_ 0__DMY_15_ 8_15.wav	0.1380	8.6378	3	1	2	2		2
85	Spectrogram 1	1	903.045388003	905.420333368	31.348	154.781	2585.DSG_RAWD_HMS_11_15_ 0__DMY_15_ 8_15.wav	2.3749	8.0694	2	2	2	2		2
87	Spectrogram 1	1	920.951100834	921.138337191	17.633	297.806	2587.DSG_RAWD_HMS_11_25_ 0__DMY_15_ 8_15.wav	0.1872	4.6759	3	1	2	2		2
89	Spectrogram 1	1	943.941758775	944.089576951	25.470	148.903	2589.DSG_RAWD_HMS_11_35_ 0__DMY_15_ 8_15.wav	0.1478	6.3674	3	1	2	2		2
90	Spectrogram 1	1	948.415723582	948.553687213	35.266	233.150	2590.DSG_RAWD_HMS_11_40_ 0__DMY_15_ 8_15.wav	0.1380	0.1917	3	1	2	2		2
91	Spectrogram 1	1	961.049253292	961.226635103	33.307	280.172	2591.DSG_RAWD_HMS_11_45_ 0__DMY_15_ 8_15.wav	0.1774	2.1757	3	1	2	2		2
93	Spectrogram 1	1	963.857798641	963.976053182	21.552	233.150	2591.DSG_RAWD_HMS_11_45_ 0__DMY_15_ 8_15.wav	0.1183	4.9842	3	1	2	1		2
94	Spectrogram 1	1	966.252453741	966.488962823	21.552	252.743	2591.DSG_RAWD_HMS_11_45_ 0__DMY_15_ 8_15.wav	0.2365	7.3789	3	1	2	2		2
96	Spectrogram 1	1	982.660275918	982.827803184	23.511	213.558	2593.DSG_RAWD_HMS_11_55_ 0__DMY_15_ 8_15.wav	0.1675	2.4875	3	2	2	2		2
97	Spectrogram 1	1	993.401732836	993.519987377	27.429	135.188	2594.DSG_RAWD_HMS_12_ 0_ 0__DMY_15_ 8_15.wav	0.1183	2.5793	3	2	2	2		2
98	Spectrogram 1	1	995.352932763	995.481041849	19.592	197.884	2594.DSG_RAWD_HMS_12_ 0_ 0__DMY_15_ 8_15.wav	0.1281	4.5305	3	2	2	2		2
99	Spectrogram 1	1	1003.896825979	1004.034789610	23.511	148.903	2595.DSG_RAWD_HMS_12_ 5_ 0__DMY_15_ 8_15.wav	0.1380	2.4248	3	1	2	2		2
100	Spectrogram 1	1	1021.763119038	1021.881373579	29.389	160.658	2596.DSG_RAWD_HMS_12_10_ 0__DMY_15_ 8_15.wav	0.1183	9.6415	3	2	2	2		2
101	Spectrogram 1	1	1031.657074239	1031.775328780	25.470	170.455	2597.DSG_RAWD_HMS_12_15_ 0__DMY_15_ 8_15.wav	0.1183	8.8859	3	2	2	2		2
102	Spectrogram 1	1	1032.011837862	1032.159656038	21.552	152.821	2597.DSG_RAWD_HMS_12_15_ 0__DMY_15_ 8_15.wav	0.1478	9.2406	3	2	2	2		2
103	Spectrogram 1	1	1032.534128751	1032.701656018	27.429	135.188	2597.DSG_RAWD_HMS_12_15_ 0__DMY_15_ 8_15.wav	0.1675	9.7629	3	2	2	2		2
105	Spectrogram 1	1	1053.612972466	1053.731227007	29.389	186.129	2599.DSG_RAWD_HMS_12_25_ 0__DMY_15_ 8_15.wav	0.1183	9.5426	3	1	2	2		2
107	Spectrogram 1	1	1071.715744618	1071.824144614	23.511	201.803	2601.DSG_RAWD_HMS_12_35_ 0__DMY_15_ 8_15.wav	0.1084	6.3461	3	3	2	2		2
109	Spectrogram 1	1	1087.157797045	1087.295760677	31.348	209.639	2603.DSG_RAWD_HMS_12_45_ 0__DMY_15_ 8_15.wav	0.1380	0.4890	3	2	2	2		2
111	Spectrogram 1	1	1088.616269718	1088.764087894	33.307	150.862	2603.DSG_RAWD_HMS_12_45_ 0__DMY_15_ 8_15.wav	0.1478	1.9475	3	1	2	2		2
112	Spectrogram 1	1	1104.541192140	1104.826973947	13.715	190.047	2604.DSG_RAWD_HMS_12_50_ 0__DMY_15_ 8_15.wav	0.2858	7.2228	3	1	2	2		2
114	Spectrogram 1	1	1111.183149988	1111.301404529	27.429	195.925	2605.DSG_RAWD_HMS_12_55_ 0__DMY_15_ 8_15.wav	0.1183	3.2151	3	3	2	2		2
116	Spectrogram 1	1	1119.628476532	1119.727021983	29.389	103.840	2606.DSG_RAWD_HMS_13_ 0_ 0__DMY_15_ 8_15.wav	0.0985	1.0109	3	1	2	2		2
117	Spectrogram 1	1	1124.141858181	1124.279821812	23.511	252.743	2606.DSG_RAWD_HMS_13_ 0_ 0__DMY_15_ 8_15.wav	0.1380	5.5243	3	1	2	2		2
120	Spectrogram 1	1	1190.384004646	1193.547313618	41.144	221.395	2612.DSG_RAWD_HMS_13_30_ 0__DMY_15_ 8_15.wav	3.1633	7.4592	2	2	1	2		2
121	Spectrogram 1	1	1247.752162123	1247.855634846	35.266	170.455	2618.DSG_RAWD_HMS_14_ 0_ 0__DMY_15_ 8_15.wav	0.1035	0.9298	3	1	2	2		2
122	Spectrogram 1	1	1248.338507555	1248.476471186	31.348	144.984	2618.DSG_RAWD_HMS_14_ 0_ 0__DMY_15_ 8_15.wav	0.1380	1.5161	3	2	2	2		2
123	Spectrogram 1	1	1248.673562088	1248.890362080	33.307	164.577	2618.DSG_RAWD_HMS_14_ 0_ 0__DMY_15_ 8_15.wav	0.2168	1.8512	3	2	2	2		2
124	Spectrogram 1	1	1249.323962064	1249.501343875	31.348	188.088	2618.DSG_RAWD_HMS_14_ 0_ 0__DMY_15_ 8_15.wav	0.1774	2.5016	3	2	2	2		2
125	Spectrogram 1	1	1249.846252953	1250.023634765	33.307	190.047	2618.DSG_RAWD_HMS_14_ 0_ 0__DMY_15_ 8_15.wav	0.1774	3.0239	3	1	2	2		2
126	Spectrogram 1	1	1250.654325650	1250.851416552	27.429	144.984	2618.DSG_RAWD_HMS_14_ 0_ 0__DMY_15_ 8_15.wav	0.1971	3.8319	3	2	2	2		2
127	Spectrogram 1	1	1265.357285374	1265.519567085	29.389	158.699	2619.DSG_RAWD_HMS_14_ 5_ 0__DMY_15_ 8_15.wav	0.1623	7.8853	3	2	2	2		2
128	Spectrogram 1	1	1273.447861152	1273.595679328	23.511	174.373	2620.DSG_RAWD_HMS_14_10_ 0__DMY_15_ 8_15.wav	0.1478	5.3263	3	2	2	2		2
129	Spectrogram 1	1	1274.324915664	1274.531861111	25.470	215.517	2620.DSG_RAWD_HMS_14_10_ 0__DMY_15_ 8_15.wav	0.2069	6.2033	3	3	2	2		2
130	Spectrogram 1	1	1282.937762052	1283.046162048	19.592	148.903	2621.DSG_RAWD_HMS_14_15_ 0__DMY_15_ 8_15.wav	0.1084	4.1666	3	2	2	2		2
131	Spectrogram 1	1	1283.302380220	1283.430489306	17.633	168.495	2621.DSG_RAWD_HMS_14_15_ 0__DMY_15_ 8_15.wav	0.1281	4.5312	3	1	2	2		2
132	Spectrogram 1	1	1294.152219600	1294.329601412	17.633	111.677	2622.DSG_RAWD_HMS_14_20_ 0__DMY_15_ 8_15.wav	0.1774	4.7314	3	1	2	2		2
133	Spectrogram 1	1	1305.721443460	1305.829843456	21.552	215.517	2623.DSG_RAWD_HMS_14_25_ 0__DMY_15_ 8_15.wav	0.1084	5.6510	3	1	2	2		2
134	Spectrogram 1	1	1314.078083485	1314.216047116	29.389	170.455	2624.DSG_RAWD_HMS_14_30_ 0__DMY_15_ 8_15.wav	0.1380	3.3581	3	1	2	2		2
136	Spectrogram 1	1	1321.380293462	1323.824220643	48.981	186.129	2625.DSG_RAWD_HMS_14_35_ 0__DMY_15_ 8_15.wav	2.4439	0.0107	1	2	1	2		2
137	Spectrogram 1	1	1326.918547844	1327.056511475	15.674	160.658	2625.DSG_RAWD_HMS_14_35_ 0__DMY_15_ 8_15.wav	0.1380	5.5489	3	1	2	2		2
138	Spectrogram 1	1	1328.850038680	1328.978147766	19.592	176.332	2625.DSG_RAWD_HMS_14_35_ 0__DMY_15_ 8_15.wav	0.1281	7.4804	3	1	2	2		2
139	Spectrogram 1	1	1335.600389102	1335.708789098	21.552	141.066	2626.DSG_RAWD_HMS_14_40_ 0__DMY_15_ 8_15.wav	0.1084	3.5812	3	1	2	2		2
140	Spectrogram 1	1	1339.621034723	1339.739289264	23.511	162.618	2626.DSG_RAWD_HMS_14_40_ 0__DMY_15_ 8_15.wav	0.1183	7.6018	3	2	2	2		2
141	Spectrogram 1	1	1340.340416514	1340.438961965	23.511	127.351	2626.DSG_RAWD_HMS_14_40_ 0__DMY_15_ 8_15.wav	0.0985	8.3212	3	1	2	2		2
142	Spectrogram 1	1	1363.863218092	1363.951908998	29.389	329.154	2628.DSG_RAWD_HMS_14_50_ 0__DMY_15_ 8_15.wav	0.0887	10.5448	3	1	1	2		2
143	Spectrogram 1	1	1377.393510570	1377.541328746	15.674	168.495	2630.DSG_RAWD_HMS_15_ 0_ 0__DMY_15_ 8_15.wav	0.1478	2.7759	3	2	2	2		2
144	Spectrogram 1	1	1382.488311668	1382.655838934	23.511	174.373	2630.DSG_RAWD_HMS_15_ 0_ 0__DMY_15_ 8_15.wav	0.1675	7.8707	3	1	2	2		2
145	Spectrogram 1	1	1383.394929816	1384.804129763	29.389	143.025	2630.DSG_RAWD_HMS_15_ 0_ 0__DMY_15_ 8_15.wav	1.4092	8.7773	1	2	2	2		2
147	Spectrogram 1	1	1403.843116221	1404.040207122	17.633	225.313	2632.DSG_RAWD_HMS_15_10_ 0__DMY_15_ 8_15.wav	0.1971	7.9263	3	1	2	2		2
149	Spectrogram 1	1	1412.919154375	1413.066972552	27.429	276.254	2633.DSG_RAWD_HMS_15_15_ 0__DMY_15_ 8_15.wav	0.1478	6.3528	3	1	2	2		2
150	Spectrogram 1	1	1418.191337434	1418.329301065	35.266	154.781	2634.DSG_RAWD_HMS_15_20_ 0__DMY_15_ 8_15.wav	0.1380	0.9753	3	1	2	2		2
151	Spectrogram 1	1	1421.532028217	1421.650282758	29.389	180.251	2634.DSG_RAWD_HMS_15_20_ 0__DMY_15_ 8_15.wav	0.1183	4.3160	3	2	2	2		2
152	Spectrogram 1	1	1432.263631285	1432.441013096	27.429	221.395	2635.DSG_RAWD_HMS_15_25_ 0__DMY_15_ 8_15.wav	0.1774	4.3980	3	1	2	1		2
154	Spectrogram 1	1	1436.924832349	1437.112068706	31.348	205.721	2635.DSG_RAWD_HMS_15_25_ 0__DMY_15_ 8_15.wav	0.1872	9.0592	3	3	2	2		2
157	Spectrogram 1	1	1453.992908402	1454.121017488	27.429	160.658	2637.DSG_RAWD_HMS_15_35_ 0__DMY_15_ 8_15.wav	0.1281	4.8281	3	1	2	1		2
158	Spectrogram 1	1	1454.318108390	1454.485635656	17.633	219.436	2637.DSG_RAWD_HMS_15_35_ 0__DMY_15_ 8_15.wav	0.1675	5.1533	3	1	2	1		2
159	Spectrogram 1	1	1455.678035612	1455.855417423	29.389	209.639	2637.DSG_RAWD_HMS_15_35_ 0__DMY_15_ 8_15.wav	0.1774	6.5132	3	2	2	2		2
160	Spectrogram 1	1	1459.836655125	1459.994327846	25.470	237.069	2638.DSG_RAWD_HMS_15_40_ 0__DMY_15_ 8_15.wav	0.1577	0.0223	3	1	1	2		2
161	Spectrogram 1	1	1466.399784333	1470.430293272	27.429	158.699	2638.DSG_RAWD_HMS_15_40_ 0__DMY_15_ 8_15.wav	4.0305	6.5854	2	2	1	2		2
162	Spectrogram 1	1	1478.717968316	1478.865786492	33.307	152.821	2639.DSG_RAWD_HMS_15_45_ 0__DMY_15_ 8_15.wav	0.1478	8.2540	3	3	2	2		2
163	Spectrogram 1	1	1481.832005901	1482.009387713	23.511	178.292	2640.DSG_RAWD_HMS_15_50_ 0__DMY_15_ 8_15.wav	0.1774	0.7184	3	1	2	2		2
164	Spectrogram 1	1	1484.877060332	1485.015023964	17.633	201.803	2640.DSG_RAWD_HMS_15_50_ 0__DMY_15_ 8_15.wav	0.1380	3.7635	3	1	2	2		2
165	Spectrogram 1	1	1486.985933972	1487.123897603	19.592	250.784	2640.DSG_RAWD_HMS_15_50_ 0__DMY_15_ 8_15.wav	0.1380	5.8723	3	1	2	2		2
166	Spectrogram 1	1	1500.989245230	1502.388590632	35.266	160.658	2641.DSG_RAWD_HMS_15_55_ 0__DMY_15_ 8_15.wav	1.3993	9.2260	2	2	1	2		2
168	Spectrogram 1	1	1503.679536038	1503.787936034	31.348	139.107	2642.DSG_RAWD_HMS_16_ 0_ 0__DMY_15_ 8_15.wav	0.1084	1.2667	3	2	2	2		2
169	Spectrogram 1	1	1512.617608771	1512.726008767	23.511	205.721	2642.DSG_RAWD_HMS_16_ 0_ 0__DMY_15_ 8_15.wav	0.1084	10.2048	3	1	2	2		2
172	Spectrogram 1	1	1513.918410408	1514.056374039	31.348	207.680	2643.DSG_RAWD_HMS_16_ 5_ 0__DMY_15_ 8_15.wav	0.1380	0.8560	3	1	2	2		2
173	Spectrogram 1	1	1516.234228502	1516.362337589	17.633	199.843	2643.DSG_RAWD_HMS_16_ 5_ 0__DMY_15_ 8_15.wav	0.1281	3.1718	3	1	2	2		2
176	Spectrogram 1	1	1534.967723170	1535.115541347	27.429	180.251	2645.DSG_RAWD_HMS_16_15_ 0__DMY_15_ 8_15.wav	0.1478	0.6061	3	1	2	2		2
178	Spectrogram 1	1	1545.551507616	1547.867325710	31.348	127.351	2646.DSG_RAWD_HMS_16_20_ 0__DMY_15_ 8_15.wav	2.3158	0.5403	2	2	2	2		2
179	Spectrogram 1	1	1552.154054458	1552.292018090	27.429	144.984	2646.DSG_RAWD_HMS_16_20_ 0__DMY_15_ 8_15.wav	0.1380	7.1429	3	1	2	2		2
180	Spectrogram 1	1	1568.847657996	1568.946203447	17.633	162.618	2648.DSG_RAWD_HMS_16_30_ 0__DMY_15_ 8_15.wav	0.0985	2.5373	3	2	2	2		2
181	Spectrogram 1	1	1569.931657956	1570.069621587	17.633	186.129	2648.DSG_RAWD_HMS_16_30_ 0__DMY_15_ 8_15.wav	0.1380	3.6213	3	1	2	2		2
183	Spectrogram 1	1	1580.485878022	1580.633696198	21.552	242.947	2649.DSG_RAWD_HMS_16_35_ 0__DMY_15_ 8_15.wav	0.1478	3.5259	3	2	2	2		2
184	Spectrogram 1	1	1595.238136624	1595.346536620	33.307	154.781	2650.DSG_RAWD_HMS_16_40_ 0__DMY_15_ 8_15.wav	0.1084	7.6285	3	3	2	2		2
185	Spectrogram 1	1	1594.784827997	1594.952355263	25.470	162.618	2650.DSG_RAWD_HMS_16_40_ 0__DMY_15_ 8_15.wav	0.1675	7.1752	3	2	2	2		2
186	Spectrogram 1	1	1603.338575064	1605.230647720	29.389	154.781	2651.DSG_RAWD_HMS_16_45_ 0__DMY_15_ 8_15.wav	1.8921	5.0794	2	2	2	2		2
188	Spectrogram 1	1	1618.041559192	1618.169668278	23.511	137.147	2652.DSG_RAWD_HMS_16_50_ 0__DMY_15_ 8_15.wav	0.1281	9.1328	3	1	2	2		2
189	Spectrogram 1	1	1621.884831775	1621.973522681	31.348	188.088	2653.DSG_RAWD_HMS_16_55_ 0__DMY_15_ 8_15.wav	0.0887	2.3264	3	2	2	2		2
192	Spectrogram 1	1	1653.251857208	1653.429239019	15.674	158.699	2656.DSG_RAWD_HMS_17_10_ 0__DMY_15_ 8_15.wav	0.1774	1.7447	3	2	2	2		2
193	Spectrogram 1	1	1659.036476561	1659.184294737	23.511	201.803	2656.DSG_RAWD_HMS_17_10_ 0__DMY_15_ 8_15.wav	0.1478	7.5293	3	1	2	2		2
194	Spectrogram 1	1	1660.356985602	1660.554076504	23.511	368.385	2656.DSG_RAWD_HMS_17_10_ 0__DMY_15_ 8_15.wav	0.1971	8.8498	3	1	2	2		2
195	Spectrogram 1	1	1667.649351642	1669.639969749	37.226	135.188	2657.DSG_RAWD_HMS_17_15_ 0__DMY_15_ 8_15.wav	1.9906	5.4926	1	2	2	2		2
196	Spectrogram 1	1	1675.247207439	1675.395025615	19.592	229.232	2658.DSG_RAWD_HMS_17_20_ 0__DMY_15_ 8_15.wav	0.1478	2.4408	3	1	2	2		2
197	Spectrogram 1	1	1679.563499326	1679.671120836	29.389	229.232	2658.DSG_RAWD_HMS_17_20_ 0__DMY_15_ 8_15.wav	0.1076	6.7571	3	2	2	2		2
198	Spectrogram 1	1	1688.067974164	1690.748410427	37.226	148.903	2659.DSG_RAWD_HMS_17_25_ 0__DMY_15_ 8_15.wav	2.6804	4.6120	1	3	2	1		2
199	Spectrogram 1	1	1688.876046861	1689.073137762	17.633	242.947	2659.DSG_RAWD_HMS_17_25_ 0__DMY_15_ 8_15.wav	0.1971	5.4200	3	1	2	1		2
200	Spectrogram 1	1	1693.369719766	1693.517537943	25.470	158.699	2659.DSG_RAWD_HMS_17_25_ 0__DMY_15_ 8_15.wav	0.1478	9.9137	3	2	2	2		2
201	Spectrogram 1	1	1693.793465205	1693.951137926	25.470	180.251	2659.DSG_RAWD_HMS_17_25_ 0__DMY_15_ 8_15.wav	0.1577	10.3375	3	2	2	2		2
204	Spectrogram 1	1	1713.019685269	1713.167503445	23.511	137.147	2661.DSG_RAWD_HMS_17_35_ 0__DMY_15_ 8_15.wav	0.1478	8.2645	3	2	2	2		2
207	Spectrogram 1	1	1726.944161588	1727.062416129	25.470	158.699	2663.DSG_RAWD_HMS_17_45_ 0__DMY_15_ 8_15.wav	0.1183	0.8898	3	1	2	2		2
208	Spectrogram 1	1	1727.160961580	1727.279216121	33.307	229.232	2663.DSG_RAWD_HMS_17_45_ 0__DMY_15_ 8_15.wav	0.1183	1.1066	3	1	2	2		2
209	Spectrogram 1	1	1730.550925089	1730.669179630	27.429	127.351	2663.DSG_RAWD_HMS_17_45_ 0__DMY_15_ 8_15.wav	0.1183	4.4965	3	2	2	2		2
211	Spectrogram 1	1	1733.812781198	1733.931035739	25.470	190.047	2663.DSG_RAWD_HMS_17_45_ 0__DMY_15_ 8_15.wav	0.1183	7.7584	3	2	2	2		2
213	Spectrogram 1	1	1744.150201232	1744.278310318	15.674	127.351	2664.DSG_RAWD_HMS_17_50_ 0__DMY_15_ 8_15.wav	0.1281	7.4462	3	1	2	2		2
214	Spectrogram 1	1	1746.298492060	1746.495582962	19.592	297.806	2664.DSG_RAWD_HMS_17_50_ 0__DMY_15_ 8_15.wav	0.1971	9.5945	3	1	2	2		2
215	Spectrogram 1	1	1747.816092047	1747.924492043	29.389	323.276	2665.DSG_RAWD_HMS_17_55_ 0__DMY_15_ 8_15.wav	0.1084	0.4625	3	1	2	2		2
216	Spectrogram 1	1	1752.812347496	1752.940456582	29.389	266.458	2665.DSG_RAWD_HMS_17_55_ 0__DMY_15_ 8_15.wav	0.1281	5.4587	3	1	2	2		2
217	Spectrogram 1	1	1753.029147488	1753.157256574	25.470	199.843	2665.DSG_RAWD_HMS_17_55_ 0__DMY_15_ 8_15.wav	0.1281	5.6755	3	1	2	2		2
219	Spectrogram 1	1	1764.588530409	1764.746203130	21.552	209.639	2666.DSG_RAWD_HMS_18_ 0_ 0__DMY_15_ 8_15.wav	0.1577	6.5853	3	2	2	2		2
220	Spectrogram 1	1	1768.136169019	1768.283987195	21.552	188.088	2666.DSG_RAWD_HMS_18_ 0_ 0__DMY_15_ 8_15.wav	0.1478	10.1330	3	2	2	2		2
221	Spectrogram 1	1	1773.329515022	1773.526605924	15.674	239.028	2667.DSG_RAWD_HMS_18_ 5_ 0__DMY_15_ 8_15.wav	0.1971	4.6767	3	1	2	2		2
222	Spectrogram 1	1	1776.946134209	1777.064388750	21.552	101.881	2667.DSG_RAWD_HMS_18_ 5_ 0__DMY_15_ 8_15.wav	0.1183	8.2933	3	2	2	2		2
223	Spectrogram 1	1	1781.479862903	1781.627044512	27.429	182.210	2668.DSG_RAWD_HMS_18_10_ 0__DMY_15_ 8_15.wav	0.1472	2.1775	3	2	2	2		2
224	Spectrogram 1	1	1787.342682297	1787.520064109	25.470	164.577	2668.DSG_RAWD_HMS_18_10_ 0__DMY_15_ 8_15.wav	0.1774	8.0403	3	1	2	2		2
225	Spectrogram 1	1	1802.173776616	1802.341303882	33.307	148.903	2670.DSG_RAWD_HMS_18_20_ 0__DMY_15_ 8_15.wav	0.1675	1.5722	3	2	2	2		2
226	Spectrogram 1	1	1805.987485564	1806.155012830	13.715	160.658	2670.DSG_RAWD_HMS_18_20_ 0__DMY_15_ 8_15.wav	0.1675	5.3859	3	1	2	2		2
227	Spectrogram 1	1	1808.224468835	1808.382141556	31.348	221.395	2670.DSG_RAWD_HMS_18_20_ 0__DMY_15_ 8_15.wav	0.1577	7.6229	3	1	2	2		2
228	Spectrogram 1	1	1811.772105065	1811.880505061	29.389	166.536	2671.DSG_RAWD_HMS_18_25_ 0__DMY_15_ 8_15.wav	0.1084	0.5209	3	1	2	2		2
229	Spectrogram 1	1	1822.799344585	1825.568471753	33.307	205.721	2672.DSG_RAWD_HMS_18_30_ 0__DMY_15_ 8_15.wav	2.7691	0.8985	2	2	2	2		2
230	Spectrogram 1	1	1833.166328542	1833.294437628	23.511	203.762	2673.DSG_RAWD_HMS_18_35_ 0__DMY_15_ 8_15.wav	0.1281	0.6159	3	1	2	2		2
231	Spectrogram 1	1	1833.777310337	1833.895564878	27.429	166.536	2673.DSG_RAWD_HMS_18_35_ 0__DMY_15_ 8_15.wav	0.1183	1.2269	3	2	2	2		2
232	Spectrogram 1	1	1836.270511186	1840.310874670	27.429	164.577	2673.DSG_RAWD_HMS_18_35_ 0__DMY_15_ 8_15.wav	4.0404	3.7201	1	2	2	2		2
233	Spectrogram 1	1	1843.227821602	1843.803357639	25.470	144.984	2674.DSG_RAWD_HMS_18_40_ 0__DMY_15_ 8_15.wav	0.5755	0.0278	1	2	1	2		2
234	Spectrogram 1	1	1851.022768697	1851.141023238	15.674	152.821	2674.DSG_RAWD_HMS_18_40_ 0__DMY_15_ 8_15.wav	0.1183	7.8228	3	1	2	2		2
236	Spectrogram 1	1	1858.384115611	1858.502370152	25.470	164.577	2675.DSG_RAWD_HMS_18_45_ 0__DMY_15_ 8_15.wav	0.1183	4.5345	3	2	2	2		2
237	Spectrogram 1	1	1858.551642877	1858.709315599	19.592	166.536	2675.DSG_RAWD_HMS_18_45_ 0__DMY_15_ 8_15.wav	0.1577	4.7020	3	1	2	2		2
238	Spectrogram 1	1	1860.167788271	1860.492988259	31.348	407.524	2675.DSG_RAWD_HMS_18_45_ 0__DMY_15_ 8_15.wav	0.3252	6.3182	3	1	2	2		2
239	Spectrogram 1	1	1860.561970075	1860.749206431	27.429	174.373	2675.DSG_RAWD_HMS_18_45_ 0__DMY_15_ 8_15.wav	0.1872	6.7124	3	2	2	2		2
240	Spectrogram 1	1	1860.956151878	1861.113824599	27.429	170.455	2675.DSG_RAWD_HMS_18_45_ 0__DMY_15_ 8_15.wav	0.1577	7.1066	3	2	2	2		2
241	Spectrogram 1	1	1864.533353578	1867.558698919	35.266	176.332	2676.DSG_RAWD_HMS_18_50_ 0__DMY_15_ 8_15.wav	3.0253	0.0342	1	1	1	2		2
243	Spectrogram 1	1	1869.519753391	1869.647862477	25.470	225.313	2676.DSG_RAWD_HMS_18_50_ 0__DMY_15_ 8_15.wav	0.1281	5.0206	3	1	2	2		2
244	Spectrogram 1	1	1872.476118602	1872.604227688	23.511	162.618	2676.DSG_RAWD_HMS_18_50_ 0__DMY_15_ 8_15.wav	0.1281	7.9769	3	1	2	2		2
245	Spectrogram 1	1	1886.528703016	1888.765684750	47.022	148.903	2678.DSG_RAWD_HMS_19_ 0_ 0__DMY_15_ 8_15.wav	2.2370	0.7303	1	3	2	2		2
246	Spectrogram 1	1	1897.605213520	1897.772740786	33.307	190.047	2679.DSG_RAWD_HMS_19_ 5_ 0__DMY_15_ 8_15.wav	0.1675	1.1572	3	2	2	2		2
247	Spectrogram 1	1	1898.777904385	1898.896158926	25.470	115.596	2679.DSG_RAWD_HMS_19_ 5_ 0__DMY_15_ 8_15.wav	0.1183	2.3299	3	2	2	2		2
249	Spectrogram 1	1	1900.068849791	1900.216667967	21.552	260.580	2679.DSG_RAWD_HMS_19_ 5_ 0__DMY_15_ 8_15.wav	0.1478	3.6208	3	1	2	2		2
250	Spectrogram 1	1	1902.384700000	1902.502923666	25.470	201.803	2679.DSG_RAWD_HMS_19_ 5_ 0__DMY_15_ 8_15.wav	0.1182	5.9367	3	2	2	1		2
256	Spectrogram 1	1	1903.882559978	1904.030378154	15.674	154.781	2679.DSG_RAWD_HMS_19_ 5_ 0__DMY_15_ 8_15.wav	0.1478	7.4346	3	1	2	1		2
257	Spectrogram 1	1	1905.084814478	1905.203069019	19.592	160.658	2679.DSG_RAWD_HMS_19_ 5_ 0__DMY_15_ 8_15.wav	0.1183	8.6368	3	2	2	2		2
259	Spectrogram 1	1	1909.647470142	1909.746015592	25.470	135.188	2680.DSG_RAWD_HMS_19_10_ 0__DMY_15_ 8_15.wav	0.0985	2.5499	3	2	2	2		2
263	Spectrogram 1	1	1920.162272226	1920.408635853	15.674	250.784	2681.DSG_RAWD_HMS_19_15_ 0__DMY_15_ 8_15.wav	0.2464	2.4151	3	3	2	2		2
264	Spectrogram 1	1	1921.167435824	1921.315254001	17.633	205.721	2681.DSG_RAWD_HMS_19_15_ 0__DMY_15_ 8_15.wav	0.1478	3.4202	3	2	2	2		2
267	Spectrogram 1	1	1922.369691465	1922.517509641	19.592	170.455	2681.DSG_RAWD_HMS_19_15_ 0__DMY_15_ 8_15.wav	0.1478	4.6225	3	1	2	2		2
268	Spectrogram 1	1	1922.566782367	1922.665327818	17.633	109.718	2681.DSG_RAWD_HMS_19_15_ 0__DMY_15_ 8_15.wav	0.0985	4.8196	3	2	2	2		2
270	Spectrogram 1	1	1927.365947310	1927.494056396	33.307	148.903	2681.DSG_RAWD_HMS_19_15_ 0__DMY_15_ 8_15.wav	0.1281	9.6187	3	2	2	2		2
271	Spectrogram 1	1	1928.272565458	1928.371110909	19.592	223.354	2681.DSG_RAWD_HMS_19_15_ 0__DMY_15_ 8_15.wav	0.0985	10.5254	3	1	1	2		2
272	Spectrogram 1	1	1928.440092725	1931.790638053	37.226	180.251	2682.DSG_RAWD_HMS_19_20_ 0__DMY_15_ 8_15.wav	3.3505	0.0433	1	2	1	2		2
273	Spectrogram 1	1	1932.667694450	1934.444830058	33.307	152.821	2682.DSG_RAWD_HMS_19_20_ 0__DMY_15_ 8_15.wav	1.7771	4.2709	1	2	2	2		2
274	Spectrogram 1	1	1936.146348865	1936.313876131	19.592	231.191	2682.DSG_RAWD_HMS_19_20_ 0__DMY_15_ 8_15.wav	0.1675	7.7495	3	1	2	1		2
275	Spectrogram 1	1	1936.639076119	1936.767185205	21.552	242.947	2682.DSG_RAWD_HMS_19_20_ 0__DMY_15_ 8_15.wav	0.1281	8.2423	3	2	2	1		2
276	Spectrogram 1	1	1937.259912459	1937.388021545	19.592	282.132	2682.DSG_RAWD_HMS_19_20_ 0__DMY_15_ 8_15.wav	0.1281	8.8631	3	1	2	1		2
277	Spectrogram 1	1	1940.590750136	1941.241150111	33.307	174.373	2683.DSG_RAWD_HMS_19_25_ 0__DMY_15_ 8_15.wav	0.6504	1.1348	1	3	2	2		2
278	Spectrogram 1	1	1943.704786382	1945.705259035	11.755	162.618	2683.DSG_RAWD_HMS_19_25_ 0__DMY_15_ 8_15.wav	2.0005	4.2488	2	2	2	2		2
279	Spectrogram 1	1	1941.911259177	1942.068931898	23.511	199.843	2683.DSG_RAWD_HMS_19_25_ 0__DMY_15_ 8_15.wav	0.1577	2.4553	3	1	2	1		2
280	Spectrogram 1	1	1942.087263801	1943.069731341	41.144	129.310	2683.DSG_RAWD_HMS_19_25_ 0__DMY_15_ 8_15.wav	0.9825	2.6313	1	2	2	2		2
281	Spectrogram 1	1	1945.902349936	1946.050168113	21.552	164.577	2683.DSG_RAWD_HMS_19_25_ 0__DMY_15_ 8_15.wav	0.1478	6.4463	3	2	2	2		2
283	Spectrogram 1	1	1949.755479395	1949.863879391	17.633	190.047	2683.DSG_RAWD_HMS_19_25_ 0__DMY_15_ 8_15.wav	0.1084	10.2995	3	1	2	2		2
284	Spectrogram 1	1	1949.913152116	1950.060970292	17.633	158.699	2683.DSG_RAWD_HMS_19_25_ 0__DMY_15_ 8_15.wav	0.1478	10.4572	3	2	1	2		2
287	Spectrogram 1	1	1958.772390130	1958.910353761	27.429	227.273	2684.DSG_RAWD_HMS_19_30_ 0__DMY_15_ 8_15.wav	0.1380	8.6668	3	1	2	2		2
288	Spectrogram 1	1	1960.861554928	1963.433591195	45.063	152.821	2685.DSG_RAWD_HMS_19_35_ 0__DMY_15_ 8_15.wav	2.5720	0.1064	1	2	1	2		2
290	Spectrogram 1	1	1969.789774311	1969.927737942	23.511	233.150	2685.DSG_RAWD_HMS_19_35_ 0__DMY_15_ 8_15.wav	0.1380	9.0346	3	1	2	2		2
291	Spectrogram 1	1	1970.292356110	1970.469737922	17.633	164.577	2685.DSG_RAWD_HMS_19_35_ 0__DMY_15_ 8_15.wav	0.1774	9.5372	3	1	2	2		2
292	Spectrogram 1	1	1974.234175533	1974.344496082	17.633	192.006	2686.DSG_RAWD_HMS_19_40_ 0__DMY_15_ 8_15.wav	0.1103	2.8294	3	2	2	2		2
295	Spectrogram 1	1	1981.487122400	1981.605376941	23.511	180.251	2686.DSG_RAWD_HMS_19_40_ 0__DMY_15_ 8_15.wav	0.1183	10.0823	3	1	2	2		2
297	Spectrogram 1	1	1985.162868808	1985.340250619	23.511	186.129	2687.DSG_RAWD_HMS_19_45_ 0__DMY_15_ 8_15.wav	0.1774	3.1085	3	2	2	2		2
298	Spectrogram 1	1	1987.064796009	1987.173196005	19.592	150.862	2687.DSG_RAWD_HMS_19_45_ 0__DMY_15_ 8_15.wav	0.1084	5.0104	3	2	2	2		2
301	Spectrogram 1	1	1993.184470440	1993.420979522	31.348	319.357	2688.DSG_RAWD_HMS_19_50_ 0__DMY_15_ 8_15.wav	0.2365	0.4805	3	1	2	2		2
303	Spectrogram 1	1	2003.393781875	2004.832545457	41.144	121.473	2689.DSG_RAWD_HMS_19_55_ 0__DMY_15_ 8_15.wav	1.4388	0.0402	1	2	1	1		2
304	Spectrogram 1	1	2003.965345490	2004.113163666	27.429	209.639	2689.DSG_RAWD_HMS_19_55_ 0__DMY_15_ 8_15.wav	0.1478	0.6117	3	1	2	1		2
305	Spectrogram 1	1	2017.948948485	2021.467021080	35.266	164.577	2690.DSG_RAWD_HMS_20_ 0_ 0__DMY_15_ 8_15.wav	3.5181	3.9457	1	2	2	2		2
306	Spectrogram 1	1	2024.669749720	2028.020295049	45.063	156.740	2691.DSG_RAWD_HMS_20_ 5_ 0__DMY_15_ 8_15.wav	3.3505	0.0169	1	2	1	2		2
308	Spectrogram 1	1	2033.883750558	2035.253532325	41.144	133.229	2691.DSG_RAWD_HMS_20_ 5_ 0__DMY_15_ 8_15.wav	1.3698	9.2310	1	2	1	2		2
309	Spectrogram 1	1	2035.312659595	2035.992623206	41.144	125.392	2692.DSG_RAWD_HMS_20_10_ 0__DMY_15_ 8_15.wav	0.6800	0.0103	1	2	1	2		2
310	Spectrogram 1	1	2039.648660672	2041.550587873	35.266	146.944	2692.DSG_RAWD_HMS_20_10_ 0__DMY_15_ 8_15.wav	1.9019	4.3463	1	2	2	2		2
311	Spectrogram 1	1	2042.654296923	2042.802115099	21.552	186.129	2692.DSG_RAWD_HMS_20_10_ 0__DMY_15_ 8_15.wav	0.1478	7.3519	3	2	2	2		2
315	Spectrogram 1	1	2061.506033622	2065.704069828	25.470	166.536	2694.DSG_RAWD_HMS_20_20_ 0__DMY_15_ 8_15.wav	4.1980	4.9044	2	1	2	1		2
316	Spectrogram 1	1	2061.979051786	2062.057888147	19.592	193.966	2694.DSG_RAWD_HMS_20_20_ 0__DMY_15_ 8_15.wav	0.0788	5.3775	3	1	2	1		2
317	Spectrogram 1	1	2062.580179036	2062.737851758	23.511	258.896	2694.DSG_RAWD_HMS_20_20_ 0__DMY_15_ 8_15.wav	0.1577	5.9786	3	1	2	1		2
318	Spectrogram 1	1	2068.816935985	2070.572207969	43.103	125.392	2695.DSG_RAWD_HMS_20_25_ 0__DMY_15_ 8_15.wav	1.7553	1.5657	1	2	2	2		2
319	Spectrogram 1	1	2073.617256068	2073.814346970	27.429	282.132	2695.DSG_RAWD_HMS_20_25_ 0__DMY_15_ 8_15.wav	0.1971	6.3661	3	1	2	2		2
320	Spectrogram 1	1	2075.154565101	2075.272819642	27.429	227.273	2695.DSG_RAWD_HMS_20_25_ 0__DMY_15_ 8_15.wav	0.1183	7.9034	3	2	2	2		2
321	Spectrogram 1	1	2076.642601409	2077.775874094	50.940	131.270	2695.DSG_RAWD_HMS_20_25_ 0__DMY_15_ 8_15.wav	1.1333	9.3914	1	2	1	2		2
322	Spectrogram 1	1	2079.569397755	2079.658088661	15.674	154.781	2696.DSG_RAWD_HMS_20_30_ 0__DMY_15_ 8_15.wav	0.0887	1.6686	3	1	2	2		2
324	Spectrogram 1	1	2083.402810707	2083.511210703	29.389	162.618	2696.DSG_RAWD_HMS_20_30_ 0__DMY_15_ 8_15.wav	0.1084	5.5020	3	2	2	2		2
326	Spectrogram 1	1	2085.501828810	2087.857065085	45.063	146.944	2696.DSG_RAWD_HMS_20_30_ 0__DMY_15_ 8_15.wav	2.3552	7.6010	1	2	2	2		2
327	Spectrogram 1	1	2089.029746626	2091.444110171	41.144	154.781	2697.DSG_RAWD_HMS_20_35_ 0__DMY_15_ 8_15.wav	2.4144	0.4793	1	2	2	2		2
328	Spectrogram 1	1	2096.016614103	2097.504650411	29.389	144.984	2697.DSG_RAWD_HMS_20_35_ 0__DMY_15_ 8_15.wav	1.4880	7.4662	3	2	2	2		2
329	Spectrogram 1	1	2103.594751194	2107.408460142	43.103	154.781	2698.DSG_RAWD_HMS_20_40_ 0__DMY_15_ 8_15.wav	3.8137	4.3948	1	2	2	1		2
330	Spectrogram 1	1	2104.511223887	2104.629478428	27.429	193.966	2698.DSG_RAWD_HMS_20_40_ 0__DMY_15_ 8_15.wav	0.1183	5.3112	3	1	2	1		2
331	Spectrogram 1	1	2113.626665674	2113.804047486	13.715	143.025	2699.DSG_RAWD_HMS_20_45_ 0__DMY_15_ 8_15.wav	0.1774	3.7771	3	1	2	2		2
332	Spectrogram 1	1	2118.839715284	2120.298187957	31.348	201.803	2699.DSG_RAWD_HMS_20_45_ 0__DMY_15_ 8_15.wav	1.4585	8.9901	1	1	2	2		2
333	Spectrogram 1	1	2121.924187896	2122.052296982	29.389	201.803	2700.DSG_RAWD_HMS_20_50_ 0__DMY_15_ 8_15.wav	0.1281	1.4250	3	1	2	2		2
335	Spectrogram 1	1	2125.659053253	2125.737889613	29.389	184.169	2700.DSG_RAWD_HMS_20_50_ 0__DMY_15_ 8_15.wav	0.0788	5.1599	3	1	2	2		2
338	Spectrogram 1	1	2131.788570460	2134.725224895	37.226	348.746	2701.DSG_RAWD_HMS_20_55_ 0__DMY_15_ 8_15.wav	2.9367	0.6398	1	1	2	2		2
339	Spectrogram 1	1	2134.981443067	2135.139115789	25.470	160.658	2701.DSG_RAWD_HMS_20_55_ 0__DMY_15_ 8_15.wav	0.1577	3.8326	3	2	2	2		2
341	Spectrogram 1	1	2137.080457230	2137.188857226	17.633	127.351	2701.DSG_RAWD_HMS_20_55_ 0__DMY_15_ 8_15.wav	0.1084	5.9317	3	1	2	1		2
342	Spectrogram 1	1	2151.941096206	2152.069205292	29.389	182.210	2702.DSG_RAWD_HMS_21_ 0_ 0__DMY_15_ 8_15.wav	0.1281	10.1427	3	2	2	2		2
352	Spectrogram 1	1	2237.686591896	2248.250406829	33.307	237.069	2711.DSG_RAWD_HMS_21_45_ 0__DMY_15_ 8_15.wav	10.5638	0.0418	6	1	1	1		2
353	Spectrogram 1	1	2248.354051514	2258.878705665	35.266	237.069	2712.DSG_RAWD_HMS_21_50_ 0__DMY_15_ 8_15.wav	10.5247	0.0597	6	1	1	1		2
354	Spectrogram 1	1	2258.987031390	2269.522973460	29.389	252.743	2713.DSG_RAWD_HMS_21_55_ 0__DMY_15_ 8_15.wav	10.5359	0.0430	6	2	1	1		2
355	Spectrogram 1	1	2269.634461128	2280.198276061	29.389	229.232	2714.DSG_RAWD_HMS_22_ 0_ 0__DMY_15_ 8_15.wav	10.5638	0.0409	6	1	1	1		2
356	Spectrogram 1	1	2280.295823552	2290.831765622	37.226	299.765	2715.DSG_RAWD_HMS_22_ 5_ 0__DMY_15_ 8_15.wav	10.5359	0.0526	6	1	1	1		2
357	Spectrogram 1	1	2290.971119909	2301.479189117	29.389	278.213	2716.DSG_RAWD_HMS_22_10_ 0__DMY_15_ 8_15.wav	10.5081	0.0783	6	1	1	1		2
358	Spectrogram 1	1	2301.618544656	2312.140550295	35.266	276.254	2717.DSG_RAWD_HMS_22_15_ 0__DMY_15_ 8_15.wav	10.5220	0.0761	6	1	1	1		2
359	Spectrogram 1	1	2312.238097790	2323.178196368	37.226	317.398	2718.DSG_RAWD_HMS_22_20_ 0__DMY_15_ 8_15.wav	10.9401	0.0461	6	1	1	1		2
360	Spectrogram 1	1	2323.303612979	2333.839555049	33.307	309.561	2719.DSG_RAWD_HMS_22_25_ 0__DMY_15_ 8_15.wav	10.5359	0.0524	6	1	1	1		2
361	Spectrogram 1	1	2333.923169854	2344.514857649	31.348	342.868	2720.DSG_RAWD_HMS_22_30_ 0__DMY_15_ 8_15.wav	10.5917	0.0224	6	1	1	1		2
362	Spectrogram 1	1	2344.584531027	2355.162282391	39.185	346.787	2721.DSG_RAWD_HMS_22_35_ 0__DMY_15_ 8_15.wav	10.5778	0.0341	6	1	1	1		2
363	Spectrogram 1	1	2355.231958269	2365.809709633	29.389	338.950	2722.DSG_RAWD_HMS_22_40_ 0__DMY_15_ 8_15.wav	10.5778	0.0320	6	1	1	1		2
365	Spectrogram 1	1	2365.942094996	2376.450164204	35.266	350.705	2723.DSG_RAWD_HMS_22_45_ 0__DMY_15_ 8_15.wav	10.5081	0.0925	6	1	1	1		2
366	Spectrogram 1	1	2376.533774014	2387.097588947	35.266	358.542	2724.DSG_RAWD_HMS_22_50_ 0__DMY_15_ 8_15.wav	10.5638	0.0346	6	1	1	1		2
367	Spectrogram 1	1	2387.209074116	2397.731079755	35.266	317.398	2725.DSG_RAWD_HMS_22_55_ 0__DMY_15_ 8_15.wav	10.5220	0.0603	6	1	1	1		2
368	Spectrogram 1	1	2397.842564926	2408.392443427	33.307	342.868	2726.DSG_RAWD_HMS_23_ 0_ 0__DMY_15_ 8_15.wav	10.5499	0.0442	6	1	1	1		2
369	Spectrogram 1	1	2408.503926105	2419.039858152	33.307	297.806	2727.DSG_RAWD_HMS_23_ 5_ 0__DMY_15_ 8_15.wav	10.5359	0.0559	6	1	1	1		2
370	Spectrogram 1	1	2419.193158897	2429.715164536	37.226	303.683	2728.DSG_RAWD_HMS_23_10_ 0__DMY_15_ 8_15.wav	10.5220	0.0956	6	1	1	1		2
371	Spectrogram 1	1	2429.812713275	2440.362591777	31.348	258.621	2729.DSG_RAWD_HMS_23_15_ 0__DMY_15_ 8_15.wav	10.5499	0.0655	6	1	1	1		2
372	Spectrogram 1	1	2440.446202838	2451.023954202	33.307	237.069	2730.DSG_RAWD_HMS_23_20_ 0__DMY_15_ 8_15.wav	10.5778	0.0494	6	1	1	1		2
373	Spectrogram 1	1	2451.079694895	2461.671382691	29.389	240.987	2731.DSG_RAWD_HMS_23_25_ 0__DMY_15_ 8_15.wav	10.5917	0.0333	6	1	1	1		2
374	Spectrogram 1	1	2461.754990006	2472.318804939	31.348	227.273	2732.DSG_RAWD_HMS_23_30_ 0__DMY_15_ 8_15.wav	10.5638	0.0590	6	1	1	1		2
375	Spectrogram 1	1	2472.472100658	2482.952297003	35.266	221.395	2733.DSG_RAWD_HMS_23_35_ 0__DMY_15_ 8_15.wav	10.4802	0.1265	6	1	1	1		2
377	Spectrogram 1	1	2493.683326636	2504.261078000	35.266	217.476	2735.DSG_RAWD_HMS_23_45_ 0__DMY_15_ 8_15.wav	10.5778	0.0385	6	2	1	1		2
378	Spectrogram 1	1	2504.953913023	2508.832073687	29.389	201.803	2736.DSG_RAWD_HMS_23_50_ 0__DMY_15_ 8_15.wav	3.8782	0.6595	2	2	2	2		2
379	Spectrogram 1	1	2519.786247430	2519.981357468	25.470	199.843	2737.DSG_RAWD_HMS_23_55_ 0__DMY_15_ 8_15.wav	0.1951	4.8422	3	2	2	2		2
380	Spectrogram 1	1	2523.967170560	2524.134407736	19.592	182.210	2737.DSG_RAWD_HMS_23_55_ 0__DMY_15_ 8_15.wav	0.1672	9.0232	3	2	2	2		2
381	Spectrogram 1	1	2533.642111123	2536.203350992	29.389	174.373	2738.DSG_RAWD_HMS_ 0_ 0_ 0__DMY_16_ 8_15.wav	2.5612	8.0485	1	1	1	2		2
382	Spectrogram 1	1	2540.621193437	2540.760557750	17.633	154.781	2739.DSG_RAWD_HMS_ 0_ 5_ 0__DMY_16_ 8_15.wav	0.1394	4.3780	3	2	2	2		2
383	Spectrogram 1	1	2541.903345117	2542.014836568	27.429	223.354	2739.DSG_RAWD_HMS_ 0_ 5_ 0__DMY_16_ 8_15.wav	0.1115	5.6601	3	2	2	2		2
384	Spectrogram 1	1	2547.547599797	2547.673027679	33.307	164.577	2740.DSG_RAWD_HMS_ 0_10_ 0__DMY_16_ 8_15.wav	0.1254	0.6548	3	2	2	2		2
385	Spectrogram 1	1	2555.017518189	2557.526075824	37.226	193.966	2740.DSG_RAWD_HMS_ 0_10_ 0__DMY_16_ 8_15.wav	2.5086	8.1247	1	2	1	2		2
386	Spectrogram 1	1	2558.947589313	2559.100890058	31.348	172.414	2741.DSG_RAWD_HMS_ 0_15_ 0__DMY_16_ 8_15.wav	0.1533	1.4052	3	2	2	2		2
387	Spectrogram 1	1	2566.375703428	2567.560300089	52.900	107.759	2741.DSG_RAWD_HMS_ 0_15_ 0__DMY_16_ 8_15.wav	1.1846	8.8333	1	3	2	2		2
388	Spectrogram 1	1	2568.229248792	2570.263967763	47.022	137.147	2742.DSG_RAWD_HMS_ 0_20_ 0__DMY_16_ 8_15.wav	2.0347	0.0372	1	2	1	2		2
389	Spectrogram 1	1	2584.367618719	2587.684489371	29.389	168.495	2743.DSG_RAWD_HMS_ 0_25_ 0__DMY_16_ 8_15.wav	3.3169	5.5260	1	2	2	2		2
391	Spectrogram 1	1	2594.751205889	2597.216995871	35.266	193.966	2744.DSG_RAWD_HMS_ 0_30_ 0__DMY_16_ 8_15.wav	2.4658	5.2600	1	2	2	2		2
