Selection	View	Channel	Begin Time (s)	End Time (s)	Low Freq (Hz)	High Freq (Hz)	Begin File	Delta Time (s)	File Offset (s)	call variant	level	call cutoff @ end	calls overlap	Notes	false positive
1	Spectrogram 1	1	25.577514725	25.751951489	6.466	167.026	4003.DSG_RAWD_HMS_ 9_25_ 0__DMY_20_ 8_15.wav	0.1744	4.2783	3	2	2	2		2
2	Spectrogram 1	1	44.242242493	47.175364370	17.241	170.259	4005.DSG_RAWD_HMS_ 9_35_ 0__DMY_20_ 8_15.wav	2.9331	1.6438	1	2	2	2		2
3	Spectrogram 1	1	81.048421904	81.184094942	11.813	155.713	4008.DSG_RAWD_HMS_ 9_50_ 0__DMY_20_ 8_15.wav	0.1357	6.5012	3	3	2	2		2
4	Spectrogram 1	1	81.377913568	81.513586607	13.960	156.787	4008.DSG_RAWD_HMS_ 9_50_ 0__DMY_20_ 8_15.wav	0.1357	6.8307	3	2	2	2		2
5	Spectrogram 1	1	137.630573424	137.792088946	22.552	147.122	4013.DSG_RAWD_HMS_10_15_ 0__DMY_20_ 8_15.wav	0.1615	9.8354	3	2	2	2		2
6	Spectrogram 1	1	276.747283053	276.863574229	16.108	198.668	4026.DSG_RAWD_HMS_11_20_ 0__DMY_20_ 8_15.wav	0.1163	10.5073	3	2	1	2		2
7	Spectrogram 1	1	303.358614952	303.461984886	13.960	148.196	4029.DSG_RAWD_HMS_11_35_ 0__DMY_20_ 8_15.wav	0.1034	5.1698	3	3	2	2		2
8	Spectrogram 1	1	307.241448098	307.467569829	18.256	223.368	4029.DSG_RAWD_HMS_11_35_ 0__DMY_20_ 8_15.wav	0.2261	9.0526	3	2	2			2
9	Spectrogram 1	1	339.357230685	339.602734279	10.739	144.974	4032.DSG_RAWD_HMS_11_50_ 0__DMY_20_ 8_15.wav	0.2455	9.2196	3	2	2	2		2
10	Spectrogram 1	1	347.898186964	348.046781244	4.296	164.304	4033.DSG_RAWD_HMS_11_55_ 0__DMY_20_ 8_15.wav	0.1486	7.1110	3	2	2	2		2
11	Spectrogram 1	1	348.524867189	348.718685815	0.000	168.600	4033.DSG_RAWD_HMS_11_55_ 0__DMY_20_ 8_15.wav	0.1938	7.7377	3	1	2	2		2
12	Spectrogram 1	1	349.513342183	349.687778946	12.887	171.821	4033.DSG_RAWD_HMS_11_55_ 0__DMY_20_ 8_15.wav	0.1744	8.7261	3	2	2	2		2
13	Spectrogram 1	1	511.513656092	511.694553477	18.256	149.270	4049.DSG_RAWD_HMS_13_15_ 0__DMY_20_ 8_15.wav	0.1809	0.3329	3	3	2	2		2
14	Spectrogram 1	1	575.842134143	576.113480220	0.000	149.270	4055.DSG_RAWD_HMS_13_45_ 0__DMY_20_ 8_15.wav	0.2713	0.7637	3	1	2	2		2
15	Spectrogram 1	1	632.892714326	633.031617675	6.980	149.807	4060.DSG_RAWD_HMS_14_10_ 0__DMY_20_ 8_15.wav	0.1389	4.5663	3	2	2	2		2
16	Spectrogram 1	1	656.173590170	656.348026934	19.330	166.452	4062.DSG_RAWD_HMS_14_20_ 0__DMY_20_ 8_15.wav	0.1744	6.5480	3	2	2	2		2
17	Spectrogram 1	1	687.992181259	688.263527335	3.222	209.407	4065.DSG_RAWD_HMS_14_35_ 0__DMY_20_ 8_15.wav	0.2713	6.4178	3	2	2	2		2
19	Spectrogram 1	1	759.240012845	759.446752713	0.000	152.491	4072.DSG_RAWD_HMS_15_10_ 0__DMY_20_ 8_15.wav	0.2067	3.1184	3	2	2	2		2
20	Spectrogram 1	1	766.036596260	766.288560474	4.296	161.082	4072.DSG_RAWD_HMS_15_10_ 0__DMY_20_ 8_15.wav	0.2520	9.9150	3	1	2	2		2
21	Spectrogram 1	1	800.432994841	800.633274088	3.222	158.935	4076.DSG_RAWD_HMS_15_30_ 0__DMY_20_ 8_15.wav	0.2003	1.7130	3	2	2	2		2
22	Spectrogram 1	1	810.912138148	811.112417395	2.148	171.821	4077.DSG_RAWD_HMS_15_35_ 0__DMY_20_ 8_15.wav	0.2003	1.5425	3	2	2	2		2
23	Spectrogram 1	1	951.101360031	951.282257416	0.000	354.381	4090.DSG_RAWD_HMS_16_40_ 0__DMY_20_ 8_15.wav	0.1809	3.2870	3	2	2	2		2
24	Spectrogram 1	1	995.227462056	995.440662545	7.517	173.969	4094.DSG_RAWD_HMS_17_ 0_ 0__DMY_20_ 8_15.wav	0.2132	4.8147	3	2	2	2		2
25	Spectrogram 1	1	1003.645669755	1003.878252106	5.369	209.407	4095.DSG_RAWD_HMS_17_ 5_ 0__DMY_20_ 8_15.wav	0.2326	2.5833	3	1	2	2		2
26	Spectrogram 1	1	1011.973423697	1012.348139707	1.074	263.101	4096.DSG_RAWD_HMS_17_10_ 0__DMY_20_ 8_15.wav	0.3747	0.2614	3	1	2	2		2
27	Spectrogram 1	1	1019.080119728	1019.241635250	0.000	208.333	4096.DSG_RAWD_HMS_17_10_ 0__DMY_20_ 8_15.wav	0.1615	7.3681	3	2	2	2		2
28	Spectrogram 1	1	1025.999452728	1026.173889491	4.296	168.600	4097.DSG_RAWD_HMS_17_15_ 0__DMY_20_ 8_15.wav	0.1744	3.6379	3	2	2	2		2
29	Spectrogram 1	1	1025.631197338	1025.844397827	13.960	272.766	4097.DSG_RAWD_HMS_17_15_ 0__DMY_20_ 8_15.wav	0.2132	3.2696	3	3	2	2		2
30	Spectrogram 1	1	1030.076104500	1030.237620022	9.665	150.344	4097.DSG_RAWD_HMS_17_15_ 0__DMY_20_ 8_15.wav	0.1615	7.7145	3	2	2	2		2
31	Spectrogram 1	1	1044.412238401	1044.702966341	2.148	212.629	4099.DSG_RAWD_HMS_17_25_ 0__DMY_20_ 8_15.wav	0.2907	0.7514	3	1	2	2		2
33	Spectrogram 1	1	1248.128665306	1248.335405174	8.591	182.560	4118.DSG_RAWD_HMS_19_ 0_ 0__DMY_20_ 8_15.wav	0.2067	2.1255	3	2	2	2		2
34	Spectrogram 1	1	1336.929958538	1337.227147098	2.148	135.309	4126.DSG_RAWD_HMS_19_40_ 0__DMY_20_ 8_15.wav	0.2972	5.7300	3	2	2	2		1
35	Spectrogram 1	1	1360.724452258	1361.034562060	1.074	306.057	4128.DSG_RAWD_HMS_19_50_ 0__DMY_20_ 8_15.wav	0.3101	8.2253	3	1	2	2		2
36	Spectrogram 1	1	1365.621611488	1365.899418186	7.517	169.674	4129.DSG_RAWD_HMS_19_55_ 0__DMY_20_ 8_15.wav	0.2778	2.4728	3	2	2	2		2
37	Spectrogram 1	1	1400.689910820	1400.851426342	3.222	171.821	4132.DSG_RAWD_HMS_20_10_ 0__DMY_20_ 8_15.wav	0.1615	5.5923	3	2	2	2		2
38	Spectrogram 1	1	1401.794676990	1401.988495616	1.074	186.856	4132.DSG_RAWD_HMS_20_10_ 0__DMY_20_ 8_15.wav	0.1938	6.6971	3	2	2	2		2
39	Spectrogram 1	1	1444.415461186	1445.520227356	26.847	139.605	4136.DSG_RAWD_HMS_20_30_ 0__DMY_20_ 8_15.wav	1.1048	6.7195	1	2	2	2		2
40	Spectrogram 1	1	1450.087894156	1450.288173403	0.000	137.457	4137.DSG_RAWD_HMS_20_35_ 0__DMY_20_ 8_15.wav	0.2003	1.7423	3	2	2	2		2
41	Spectrogram 1	1	1484.358307093	1484.687798758	4.296	205.112	4140.DSG_RAWD_HMS_20_50_ 0__DMY_20_ 8_15.wav	0.3295	4.0639	3	2	2	2		2
42	Spectrogram 1	1	1491.716966133	1491.936627242	0.000	165.378	4141.DSG_RAWD_HMS_20_55_ 0__DMY_20_ 8_15.wav	0.2197	0.7730	3	1	2	2		2
43	Spectrogram 1	1	1532.645060439	1532.864721549	0.000	207.259	4144.DSG_RAWD_HMS_21_10_ 0__DMY_20_ 8_15.wav	0.2197	9.3427	3	2	2	2		2
44	Spectrogram 1	1	1537.413011915	1538.730978574	37.586	127.792	4145.DSG_RAWD_HMS_21_15_ 0__DMY_20_ 8_15.wav	1.3180	3.4610	1	2	2	2		2
45	Spectrogram 1	1	1540.158775787	1541.547809275	37.586	123.497	4145.DSG_RAWD_HMS_21_15_ 0__DMY_20_ 8_15.wav	1.3890	6.2068	1	3	2	2		2
46	Spectrogram 1	1	1542.610583742	1544.568151867	34.364	123.497	4145.DSG_RAWD_HMS_21_15_ 0__DMY_20_ 8_15.wav	1.9576	8.6586	1	2	1	2		2
47	Spectrogram 1	1	1548.186109610	1548.379928236	15.034	208.333	4146.DSG_RAWD_HMS_21_20_ 0__DMY_20_ 8_15.wav	0.1938	3.5845	3	2	2	2		2
48	Spectrogram 1	1	1550.977097828	1551.267825768	4.296	163.230	4146.DSG_RAWD_HMS_21_20_ 0__DMY_20_ 8_15.wav	0.2907	6.3755	3	1	2	2		2
49	Spectrogram 1	1	1558.077335451	1558.309917802	4.296	151.418	4147.DSG_RAWD_HMS_21_25_ 0__DMY_20_ 8_15.wav	0.2326	2.8261	3	2	2	2		2
50	Spectrogram 1	1	1573.602230536	1573.770206678	5.369	164.304	4148.DSG_RAWD_HMS_21_30_ 0__DMY_20_ 8_15.wav	0.1680	7.7014	3	2	2	2		2
51	Spectrogram 1	1	1602.384338958	1602.616921310	0.000	190.077	4151.DSG_RAWD_HMS_21_45_ 0__DMY_20_ 8_15.wav	0.2326	4.5347	3	2	2	2		2
52	Spectrogram 1	1	1692.122503215	1692.245255012	5.369	182.560	4159.DSG_RAWD_HMS_22_25_ 0__DMY_20_ 8_15.wav	0.1228	9.0761	3	2	2	2		2
53	Spectrogram 1	1	1752.781361768	1752.949337910	10.739	161.082	4165.DSG_RAWD_HMS_22_55_ 0__DMY_20_ 8_15.wav	0.1680	5.8374	3	2	2	2		2
54	Spectrogram 1	1	1819.881473646	1820.236807794	0.000	291.022	4171.DSG_RAWD_HMS_23_25_ 0__DMY_20_ 8_15.wav	0.3553	9.0399	3	1	2	2		2
55	Spectrogram 1	1	1832.951330146	1833.326046157	0.000	198.668	4173.DSG_RAWD_HMS_23_35_ 0__DMY_20_ 8_15.wav	0.3747	0.8105	3	1	2	2		2
56	Spectrogram 1	1	2160.085252399	2160.369519718	0.000	358.677	4203.DSG_RAWD_HMS_ 2_ 5_ 0__DMY_21_ 8_15.wav	0.2843	8.4565	3	1	2	2		2
57	Spectrogram 1	1	2196.193684995	2196.465031071	0.000	199.742	4207.DSG_RAWD_HMS_ 2_25_ 0__DMY_21_ 8_15.wav	0.2713	1.9665	3	2	2	2		2
58	Spectrogram 1	1	2386.090834217	2386.329877189	13.960	206.186	4225.DSG_RAWD_HMS_ 3_55_ 0__DMY_21_ 8_15.wav	0.2390	0.1708	3	2	2	2		2
