Selection	View	Channel	Begin Time (s)	End Time (s)	Low Freq (Hz)	High Freq (Hz)	Begin File	Delta Time (s)	File Offset (s)	call variant	level	call cutoff @ end	calls overlap	Notes	false positive
1	Spectrogram 1	1	4.510900700	7.580639715	39.871	173.491	2001.DSG_RAWD_HMS_10_35_ 0__DMY_13_ 8_15.wav	3.0697	4.5109	1	3	2	1		2
12	Spectrogram 1	1	75.366917282	76.459098111	33.405	130.388	2008.DSG_RAWD_HMS_11_10_ 0__DMY_13_ 8_15.wav	1.0922	0.8197	1	3	2	2		2
13	Spectrogram 1	1	77.312162426	80.123397104	43.103	211.207	2008.DSG_RAWD_HMS_11_10_ 0__DMY_13_ 8_15.wav	2.8112	2.7650	1	3	2	1		2
18	Spectrogram 1	1	95.472091882	95.821072739	44.181	154.095	2009.DSG_RAWD_HMS_11_15_ 0__DMY_13_ 8_15.wav	0.3490	10.2753	1	2	1	2		1
28	Spectrogram 1	1	162.928789449	164.977436329	18.688	158.846	2016.DSG_RAWD_HMS_11_50_ 0__DMY_13_ 8_15.wav	2.0486	3.1848	1	2	2	2		2
30	Spectrogram 1	1	175.227134970	179.537694808	39.452	145.349	2017.DSG_RAWD_HMS_11_55_ 0__DMY_13_ 8_15.wav	4.3106	4.8335	1	2	2	1		2
35	Spectrogram 1	1	216.116069923	216.852807286	46.719	149.502	2021.DSG_RAWD_HMS_12_15_ 0__DMY_13_ 8_15.wav	0.7367	3.1241	1	3	2	2		1
43	Spectrogram 1	1	244.955608599	245.463965057	29.095	162.900	2024.DSG_RAWD_HMS_12_30_ 0__DMY_13_ 8_15.wav	0.5084	0.0148	1	3	1	2		1
47	Spectrogram 1	1	273.395849161	275.105775425	36.034	254.908	2026.DSG_RAWD_HMS_12_40_ 0__DMY_13_ 8_15.wav	1.7099	7.1558	1	2	2	2		2
48	Spectrogram 1	1	289.538475742	290.624509991	0.000	193.067	2028.DSG_RAWD_HMS_12_50_ 0__DMY_13_ 8_15.wav	1.0860	1.9993	1	3	2	2		1
53	Spectrogram 1	1	320.797771233	322.711040081	25.862	199.100	2031.DSG_RAWD_HMS_13_ 5_ 0__DMY_13_ 8_15.wav	1.9133	1.3098	1	3	2	2		1
61	Spectrogram 1	1	434.762041582	436.476589269	45.617	184.017	2041.DSG_RAWD_HMS_13_55_ 0__DMY_13_ 8_15.wav	1.7145	8.7780	1	3	2	2		1
63	Spectrogram 1	1	440.816108634	441.301357979	22.629	193.067	2042.DSG_RAWD_HMS_14_ 0_ 0__DMY_13_ 8_15.wav	0.4852	4.1825	1	3	2	2		1
66	Spectrogram 1	1	456.852451424	457.892271450	24.133	138.767	2043.DSG_RAWD_HMS_14_ 5_ 0__DMY_13_ 8_15.wav	1.0398	9.5693	1	3	1	2		2
68	Spectrogram 1	1	465.295803049	466.483508589	20.474	190.050	2044.DSG_RAWD_HMS_14_10_ 0__DMY_13_ 8_15.wav	1.1877	7.3630	1	2	2	2		1
69	Spectrogram 1	1	467.051943537	468.549284374	23.707	177.983	2044.DSG_RAWD_HMS_14_10_ 0__DMY_13_ 8_15.wav	1.4973	9.1191	1	3	2	2		1
72	Spectrogram 1	1	477.875326363	479.220160263	21.552	158.375	2045.DSG_RAWD_HMS_14_15_ 0__DMY_13_ 8_15.wav	1.3448	9.2929	1	3	1	2		2
77	Spectrogram 1	1	500.959358323	501.329072110	27.150	173.458	2048.DSG_RAWD_HMS_14_30_ 0__DMY_13_ 8_15.wav	0.3697	0.4282	1	3	2	2		1
82	Spectrogram 1	1	529.866350334	530.480999505	21.552	191.558	2050.DSG_RAWD_HMS_14_40_ 0__DMY_13_ 8_15.wav	0.6146	8.0360	1	3	2	2		1
83	Spectrogram 1	1	542.048418520	542.847924584	28.658	200.608	2051.DSG_RAWD_HMS_14_45_ 0__DMY_13_ 8_15.wav	0.7995	9.5684	1	3	2	2		1
84	Spectrogram 1	1	543.148317036	544.756572009	41.358	200.608	2052.DSG_RAWD_HMS_14_50_ 0__DMY_13_ 8_15.wav	1.6083	0.0187	1	2	1	2		2
90	Spectrogram 1	1	611.956656873	617.654870615	38.164	158.375	2058.DSG_RAWD_HMS_15_20_ 0__DMY_13_ 8_15.wav	5.6982	4.9295	1	2	1	1		2
96	Spectrogram 1	1	638.985031033	640.967621215	23.707	208.150	2061.DSG_RAWD_HMS_15_35_ 0__DMY_13_ 8_15.wav	1.9826	0.0090	1	3	1	1		2
99	Spectrogram 1	1	642.871643645	643.712742511	22.629	181.000	2061.DSG_RAWD_HMS_15_35_ 0__DMY_13_ 8_15.wav	0.8411	3.8956	1	3	2	2		1
101	Spectrogram 1	1	661.500592459	664.000781944	24.784	144.800	2063.DSG_RAWD_HMS_15_45_ 0__DMY_13_ 8_15.wav	2.5002	1.2254	1	3	2	2		1
107	Spectrogram 1	1	690.361380447	692.209949382	23.707	202.117	2065.DSG_RAWD_HMS_15_55_ 0__DMY_13_ 8_15.wav	1.8486	8.7870	1	3	1	2		2
108	Spectrogram 1	1	702.890060778	703.740402488	41.358	184.017	2067.DSG_RAWD_HMS_16_ 5_ 0__DMY_13_ 8_15.wav	0.8503	0.0165	1	2	1	1		2
110	Spectrogram 1	1	705.644433961	706.471668559	21.552	197.592	2067.DSG_RAWD_HMS_16_ 5_ 0__DMY_13_ 8_15.wav	0.8272	2.7708	1	2	2	2		1
114	Spectrogram 1	1	724.398191475	725.983339336	24.133	188.542	2069.DSG_RAWD_HMS_16_15_ 0__DMY_13_ 8_15.wav	1.5851	0.2254	1	2	2	2		1
121	Spectrogram 1	1	750.573930684	753.360648353	21.552	244.350	2071.DSG_RAWD_HMS_16_25_ 0__DMY_13_ 8_15.wav	2.7867	5.1019	1	2	2	2		2
125	Spectrogram 1	1	776.398448077	777.137875651	21.552	194.575	2073.DSG_RAWD_HMS_16_35_ 0__DMY_13_ 8_15.wav	0.7394	9.6272	1	2	2	2		1
129	Spectrogram 1	1	785.461065409	788.049061918	21.552	193.067	2074.DSG_RAWD_HMS_16_40_ 0__DMY_13_ 8_15.wav	2.5880	8.0403	1	2	1	2		2
137	Spectrogram 1	1	822.963937927	828.865494251	22.193	193.067	2078.DSG_RAWD_HMS_17_ 0_ 0__DMY_13_ 8_15.wav	5.9016	2.9447	1	2	2	2		2
138	Spectrogram 1	1	841.329468652	842.484824237	43.487	220.217	2080.DSG_RAWD_HMS_17_10_ 0__DMY_13_ 8_15.wav	1.1554	0.0111	1	2	1	2		2
139	Spectrogram 1	1	842.531038460	843.959057962	29.095	214.183	2080.DSG_RAWD_HMS_17_10_ 0__DMY_13_ 8_15.wav	1.4280	1.2126	1	2	1	2		2
146	Spectrogram 1	1	847.268002768	850.022370481	0.000	162.900	2080.DSG_RAWD_HMS_17_10_ 0__DMY_13_ 8_15.wav	2.7544	5.9496	1	2	2	1		1
150	Spectrogram 1	1	867.953495995	869.145822958	24.784	146.308	2082.DSG_RAWD_HMS_17_20_ 0__DMY_13_ 8_15.wav	1.1923	5.3359	1	3	2	1		1
152	Spectrogram 1	1	874.881024299	877.006878574	23.707	185.525	2083.DSG_RAWD_HMS_17_25_ 0__DMY_13_ 8_15.wav	2.1259	1.6138	1	3	2	2		1
153	Spectrogram 1	1	877.043849953	878.185689041	23.707	182.508	2083.DSG_RAWD_HMS_17_25_ 0__DMY_13_ 8_15.wav	1.1418	3.7766	1	2	2	2		2
154	Spectrogram 1	1	878.906291265	881.374130793	40.293	152.090	2083.DSG_RAWD_HMS_17_25_ 0__DMY_13_ 8_15.wav	2.4678	5.6391	1	3	2	2		2
157	Spectrogram 1	1	883.934411028	884.747781359	23.707	193.067	2084.DSG_RAWD_HMS_17_30_ 0__DMY_13_ 8_15.wav	0.8134	0.0176	1	2	1	1		1
164	Spectrogram 1	1	891.601361226	894.535964410	22.629	168.933	2084.DSG_RAWD_HMS_17_30_ 0__DMY_13_ 8_15.wav	2.9346	7.6846	1	3	1	1		2
167	Spectrogram 1	1	894.577567207	897.294963542	29.095	336.358	2085.DSG_RAWD_HMS_17_35_ 0__DMY_13_ 8_15.wav	2.7174	0.0112	1	1	1	2		2
168	Spectrogram 1	1	897.844919423	900.590044291	22.629	444.958	2085.DSG_RAWD_HMS_17_35_ 0__DMY_13_ 8_15.wav	2.7451	3.2785	1	1	2	2		2
169	Spectrogram 1	1	900.932029544	901.750021298	0.000	129.717	2085.DSG_RAWD_HMS_17_35_ 0__DMY_13_ 8_15.wav	0.8180	6.3656	1	3	2	2		1
173	Spectrogram 1	1	906.847467677	907.928880503	23.707	203.625	2086.DSG_RAWD_HMS_17_40_ 0__DMY_13_ 8_15.wav	1.0814	1.6315	1	2	2	2		1
174	Spectrogram 1	1	908.497320732	909.158184126	22.629	208.150	2086.DSG_RAWD_HMS_17_40_ 0__DMY_13_ 8_15.wav	0.6609	3.2813	1	2	2	2		1
175	Spectrogram 1	1	909.814426098	911.431923916	23.707	184.017	2086.DSG_RAWD_HMS_17_40_ 0__DMY_13_ 8_15.wav	1.6175	4.5984	1	3	2	2		1
176	Spectrogram 1	1	911.459658297	913.298984387	0.000	211.167	2086.DSG_RAWD_HMS_17_40_ 0__DMY_13_ 8_15.wav	1.8393	6.2437	1	2	2	2		2
177	Spectrogram 1	1	913.326712921	914.449718549	0.000	211.167	2086.DSG_RAWD_HMS_17_40_ 0__DMY_13_ 8_15.wav	1.1230	8.1107	1	3	2	2		1
180	Spectrogram 1	1	938.419107923	939.366781254	34.483	159.883	2089.DSG_RAWD_HMS_17_55_ 0__DMY_13_ 8_15.wav	0.9477	1.2543	1	3	2	1		1
183	Spectrogram 1	1	943.320915922	945.967865571	24.784	215.692	2089.DSG_RAWD_HMS_17_55_ 0__DMY_13_ 8_15.wav	2.6469	6.1561	1	3	2	1		1
185	Spectrogram 1	1	948.588712451	950.647451067	24.784	215.692	2090.DSG_RAWD_HMS_18_ 0_ 0__DMY_13_ 8_15.wav	2.0587	0.7743	1	2	2	2		1
189	Spectrogram 1	1	957.287699655	958.447782526	28.017	245.858	2090.DSG_RAWD_HMS_18_ 0_ 0__DMY_13_ 8_15.wav	1.1601	9.4733	1	2	1	2		1
191	Spectrogram 1	1	969.195741959	970.430985129	40.948	202.117	2092.DSG_RAWD_HMS_18_10_ 0__DMY_13_ 8_15.wav	1.2352	0.0821	1	3	2	2		1
192	Spectrogram 1	1	973.470075263	975.764098292	30.711	153.850	2092.DSG_RAWD_HMS_18_10_ 0__DMY_13_ 8_15.wav	2.2940	4.3565	1	3	2	2		2
199	Spectrogram 1	1	994.913712284	996.086866511	24.784	199.100	2094.DSG_RAWD_HMS_18_20_ 0__DMY_13_ 8_15.wav	1.1732	4.5009	1	3	2	2		1
200	Spectrogram 1	1	996.240454948	999.550775929	26.940	247.367	2094.DSG_RAWD_HMS_18_20_ 0__DMY_13_ 8_15.wav	3.3103	5.8277	1	2	2	2		2
202	Spectrogram 1	1	1000.197844515	1001.034411318	33.405	236.808	2094.DSG_RAWD_HMS_18_20_ 0__DMY_13_ 8_15.wav	0.8366	9.7850	1	3	1	2		2
203	Spectrogram 1	1	1002.174911908	1005.913319808	30.172	303.175	2095.DSG_RAWD_HMS_18_25_ 0__DMY_13_ 8_15.wav	3.7384	1.1125	1	1	2	2		2
204	Spectrogram 1	1	1008.017807967	1009.158283803	23.707	181.000	2095.DSG_RAWD_HMS_18_25_ 0__DMY_13_ 8_15.wav	1.1405	6.9554	1	3	2	2		1
210	Spectrogram 1	1	1023.381619593	1027.936987261	40.293	209.658	2097.DSG_RAWD_HMS_18_35_ 0__DMY_13_ 8_15.wav	4.5554	1.0200	1	3	2	1		2
213	Spectrogram 1	1	1031.672136278	1033.338734205	23.707	174.967	2097.DSG_RAWD_HMS_18_35_ 0__DMY_13_ 8_15.wav	1.6666	9.3105	1	3	2	2		2
215	Spectrogram 1	1	1036.907214269	1039.753502101	0.000	143.292	2098.DSG_RAWD_HMS_18_40_ 0__DMY_13_ 8_15.wav	2.8463	3.4864	1	3	2	2		1
219	Spectrogram 1	1	1065.379960904	1066.242670419	35.560	170.442	2101.DSG_RAWD_HMS_18_55_ 0__DMY_13_ 8_15.wav	0.8627	0.0104	1	3	1	2		1
222	Spectrogram 1	1	1068.033446231	1068.693549724	25.642	141.783	2101.DSG_RAWD_HMS_18_55_ 0__DMY_13_ 8_15.wav	0.6601	2.6638	1	3	2	1		1
225	Spectrogram 1	1	1076.578876278	1083.506665778	28.017	187.033	2102.DSG_RAWD_HMS_19_ 0_ 0__DMY_13_ 8_15.wav	6.9278	0.5597	1	2	2	2		2
230	Spectrogram 1	1	1104.630615944	1105.606469820	31.250	145.474	2104.DSG_RAWD_HMS_19_10_ 0__DMY_13_ 8_15.wav	0.9759	7.3122	1	3	2	2		1
234	Spectrogram 1	1	1123.992583355	1125.853814590	34.483	155.172	2106.DSG_RAWD_HMS_19_20_ 0__DMY_13_ 8_15.wav	1.8612	5.3750	1	2	2	2		2
236	Spectrogram 1	1	1129.828319486	1130.965738574	21.552	157.328	2107.DSG_RAWD_HMS_19_25_ 0__DMY_13_ 8_15.wav	1.1374	0.5611	1	3	2	2		1
237	Spectrogram 1	1	1139.386517390	1139.890600850	1.078	229.526	2107.DSG_RAWD_HMS_19_25_ 0__DMY_13_ 8_15.wav	0.5041	10.1193	1	2	1	2		1
238	Spectrogram 1	1	1139.968149344	1141.538563198	22.629	167.026	2108.DSG_RAWD_HMS_19_30_ 0__DMY_13_ 8_15.wav	1.5704	0.0513	1	3	2	2		1
239	Spectrogram 1	1	1141.551488415	1143.108977052	20.474	178.879	2108.DSG_RAWD_HMS_19_30_ 0__DMY_13_ 8_15.wav	1.5575	1.6347	1	2	2	2		2
240	Spectrogram 1	1	1144.588914388	1146.346743887	19.397	185.345	2108.DSG_RAWD_HMS_19_30_ 0__DMY_13_ 8_15.wav	1.7578	4.6721	1	2	2	2		1
241	Spectrogram 1	1	1147.225645034	1148.802521496	21.552	173.491	2108.DSG_RAWD_HMS_19_30_ 0__DMY_13_ 8_15.wav	1.5769	7.3088	1	3	2	2		1
242	Spectrogram 1	1	1150.599124404	1151.982122613	34.483	209.052	2109.DSG_RAWD_HMS_19_35_ 0__DMY_13_ 8_15.wav	1.3830	0.0327	1	3	1	2		1
243	Spectrogram 1	1	1152.001510439	1154.696418164	22.629	241.379	2109.DSG_RAWD_HMS_19_35_ 0__DMY_13_ 8_15.wav	2.6949	1.4351	1	2	2	2		2
244	Spectrogram 1	1	1154.735192980	1155.820911200	12.931	184.267	2109.DSG_RAWD_HMS_19_35_ 0__DMY_13_ 8_15.wav	1.0857	4.1688	1	2	2	2		1
246	Spectrogram 1	1	1157.236219366	1159.310716680	29.095	192.888	2109.DSG_RAWD_HMS_19_35_ 0__DMY_13_ 8_15.wav	2.0745	6.6698	1	3	2	1		1
247	Spectrogram 1	1	1159.355954939	1160.713102714	22.629	200.431	2109.DSG_RAWD_HMS_19_35_ 0__DMY_13_ 8_15.wav	1.3571	8.7896	1	3	2	2		1
248	Spectrogram 1	1	1161.262421951	1163.879778374	32.328	203.664	2110.DSG_RAWD_HMS_19_40_ 0__DMY_13_ 8_15.wav	2.6174	0.0464	1	3	1	2		1
251	Spectrogram 1	1	1169.935234878	1171.841704372	22.629	204.741	2110.DSG_RAWD_HMS_19_40_ 0__DMY_13_ 8_15.wav	1.9065	8.7192	1	3	1	1		1
254	Spectrogram 1	1	1173.618920661	1174.652938014	36.638	184.267	2111.DSG_RAWD_HMS_19_45_ 0__DMY_13_ 8_15.wav	1.0340	1.7533	1	3	2	2		1
263	Spectrogram 1	1	1205.957760205	1206.810824521	26.940	211.207	2114.DSG_RAWD_HMS_20_ 0_ 0__DMY_13_ 8_15.wav	0.8531	2.1434	1	2	2	2		1
265	Spectrogram 1	1	1212.103699128	1212.943838227	29.095	188.578	2114.DSG_RAWD_HMS_20_ 0_ 0__DMY_13_ 8_15.wav	0.8401	8.2893	1	3	2	2		1
266	Spectrogram 1	1	1213.480228627	1214.443157286	28.017	181.034	2114.DSG_RAWD_HMS_20_ 0_ 0__DMY_13_ 8_15.wav	0.9629	9.6658	1	3	1	2		1
267	Spectrogram 1	1	1214.494858154	1216.821397197	34.483	218.750	2115.DSG_RAWD_HMS_20_ 5_ 0__DMY_13_ 8_15.wav	2.3265	0.0309	1	2	1	2		1
270	Spectrogram 1	1	1217.777852571	1218.689080362	28.017	154.095	2115.DSG_RAWD_HMS_20_ 5_ 0__DMY_13_ 8_15.wav	0.9112	3.3139	1	3	2	2		1
274	Spectrogram 1	1	1227.911217492	1235.711585895	25.862	240.302	2116.DSG_RAWD_HMS_20_10_ 0__DMY_13_ 8_15.wav	7.8004	2.7976	1	2	1	1		2
275	Spectrogram 1	1	1229.449318304	1230.289457403	33.405	227.371	2116.DSG_RAWD_HMS_20_10_ 0__DMY_13_ 8_15.wav	0.8401	4.3357	1	1	2	1		2
277	Spectrogram 1	1	1235.821427479	1237.721434364	23.707	224.138	2117.DSG_RAWD_HMS_20_15_ 0__DMY_13_ 8_15.wav	1.9000	0.0582	1	2	1	2		1
278	Spectrogram 1	1	1238.652049981	1243.356828935	24.784	316.810	2117.DSG_RAWD_HMS_20_15_ 0__DMY_13_ 8_15.wav	4.7048	2.8888	1	2	2	2		2
279	Spectrogram 1	1	1246.426566707	1248.365349243	25.862	187.500	2118.DSG_RAWD_HMS_20_20_ 0__DMY_13_ 8_15.wav	1.9388	0.0138	1	3	1	2		1
280	Spectrogram 1	1	1249.606160515	1251.835760431	17.241	185.345	2118.DSG_RAWD_HMS_20_20_ 0__DMY_13_ 8_15.wav	2.2296	3.1934	1	3	2	2		1
285	Spectrogram 1	1	1253.968418375	1255.144613114	33.405	175.647	2118.DSG_RAWD_HMS_20_20_ 0__DMY_13_ 8_15.wav	1.1762	7.5556	1	3	2	2		1
286	Spectrogram 1	1	1252.604807992	1253.548348826	30.172	168.103	2118.DSG_RAWD_HMS_20_20_ 0__DMY_13_ 8_15.wav	0.9435	6.1920	1	3	2	2		1
287	Spectrogram 1	1	1257.135077972	1259.241888328	23.707	212.284	2119.DSG_RAWD_HMS_20_25_ 0__DMY_13_ 8_15.wav	2.1068	0.0727	1	2	2	2		2
288	Spectrogram 1	1	1260.792914357	1263.132378617	32.328	175.647	2119.DSG_RAWD_HMS_20_25_ 0__DMY_13_ 8_15.wav	2.3395	3.7305	1	2	2	2		1
296	Spectrogram 1	1	1289.092625209	1290.773138363	33.405	157.328	2122.DSG_RAWD_HMS_20_40_ 0__DMY_13_ 8_15.wav	1.6805	0.0814	1	3	1	2		1
299	Spectrogram 1	1	1303.084152210	1304.428374768	29.095	186.422	2123.DSG_RAWD_HMS_20_45_ 0__DMY_13_ 8_15.wav	1.3442	3.4234	1	2	2	2		2
300	Spectrogram 1	1	1301.630065308	1309.275330111	30.172	141.164	2123.DSG_RAWD_HMS_20_45_ 0__DMY_13_ 8_15.wav	7.6453	1.9693	1	3	2	1		1
301	Spectrogram 1	1	1309.307644129	1310.277035397	18.319	205.819	2123.DSG_RAWD_HMS_20_45_ 0__DMY_13_ 8_15.wav	0.9694	9.6468	1	2	1	2		2
305	Spectrogram 1	1	1312.261056192	1313.501877015	30.172	167.026	2124.DSG_RAWD_HMS_20_50_ 0__DMY_13_ 8_15.wav	1.2408	1.9507	1	3	2	2		1
306	Spectrogram 1	1	1313.825001298	1316.506983806	21.552	174.569	2124.DSG_RAWD_HMS_20_50_ 0__DMY_13_ 8_15.wav	2.6820	3.5146	1	2	2	1		2
309	Spectrogram 1	1	1319.783518273	1320.946787794	35.560	199.353	2124.DSG_RAWD_HMS_20_50_ 0__DMY_13_ 8_15.wav	1.1633	9.4731	1	2	1	2		2
311	Spectrogram 1	1	1326.608017070	1330.685923003	24.784	225.216	2125.DSG_RAWD_HMS_20_55_ 0__DMY_13_ 8_15.wav	4.0779	5.6480	1	2	2	2		2
315	Spectrogram 1	1	1349.932795449	1352.886921971	32.840	191.537	2127.DSG_RAWD_HMS_21_ 5_ 0__DMY_13_ 8_15.wav	2.9541	7.6736	1	2	1	1		2
318	Spectrogram 1	1	1355.834481478	1363.494296265	33.956	225.609	2128.DSG_RAWD_HMS_21_10_ 0__DMY_13_ 8_15.wav	7.6598	2.9257	1	2	1	2		2
321	Spectrogram 1	1	1374.265013185	1377.931528625	32.891	211.767	2130.DSG_RAWD_HMS_21_20_ 0__DMY_13_ 8_15.wav	3.6665	0.0570	1	2	1	2		1
322	Spectrogram 1	1	1378.356329134	1384.826650499	38.215	237.321	2130.DSG_RAWD_HMS_21_20_ 0__DMY_13_ 8_15.wav	6.4703	4.1483	1	2	1	2		1
323	Spectrogram 1	1	1384.905050201	1386.421327531	28.632	233.062	2131.DSG_RAWD_HMS_21_25_ 0__DMY_13_ 8_15.wav	1.5163	0.0475	1	3	1	2		1
324	Spectrogram 1	1	1387.235015869	1389.980000691	22.244	229.816	2131.DSG_RAWD_HMS_21_25_ 0__DMY_13_ 8_15.wav	2.7450	2.3774	1	2	2	2		2
326	Spectrogram 1	1	1392.898155449	1395.479748317	35.021	213.896	2131.DSG_RAWD_HMS_21_25_ 0__DMY_13_ 8_15.wav	2.5816	8.0406	1	2	1	2		1
355	Spectrogram 1	1	1672.464598317	1676.614753940	31.942	289.608	2158.DSG_RAWD_HMS_23_40_ 0__DMY_13_ 8_15.wav	4.1502	0.0678	1	2	1	2		1
356	Spectrogram 1	1	1676.817333848	1683.013156731	31.942	244.889	2158.DSG_RAWD_HMS_23_40_ 0__DMY_13_ 8_15.wav	6.1958	4.4205	1	2	1	2		1
361	Spectrogram 1	1	1715.024812624	1716.769838689	29.813	232.112	2162.DSG_RAWD_HMS_ 0_ 0_ 0__DMY_14_ 8_15.wav	1.7450	0.0296	1	3	1	2		1
368	Spectrogram 1	1	1759.591572513	1763.624085929	28.748	214.012	2166.DSG_RAWD_HMS_ 0_20_ 0__DMY_14_ 8_15.wav	4.0325	1.9980	1	3	2	2		2
369	Spectrogram 1	1	1767.506278141	1768.212131381	34.072	212.947	2166.DSG_RAWD_HMS_ 0_20_ 0__DMY_14_ 8_15.wav	0.7059	9.9127	1	3	1	2		1
370	Spectrogram 1	1	1792.818957781	1794.694697409	24.489	119.250	2169.DSG_RAWD_HMS_ 0_35_ 0__DMY_14_ 8_15.wav	1.8757	3.2766	1	3	2	2		1
371	Spectrogram 1	1	1799.099711981	1800.184634554	34.072	161.840	2169.DSG_RAWD_HMS_ 0_35_ 0__DMY_14_ 8_15.wav	1.0849	9.5573	1	3	1	2		1
372	Spectrogram 1	1	1809.426082846	1810.641718981	31.942	150.128	2170.DSG_RAWD_HMS_ 0_40_ 0__DMY_14_ 8_15.wav	1.2156	9.2341	1	2	2	2		1
373	Spectrogram 1	1	1811.269144083	1813.027241504	24.489	206.559	2171.DSG_RAWD_HMS_ 0_45_ 0__DMY_14_ 8_15.wav	1.7581	0.0179	1	3	1	2		2
382	Spectrogram 1	1	1965.236602458	1968.569798312	30.877	144.804	2185.DSG_RAWD_HMS_ 1_55_ 0__DMY_14_ 8_15.wav	3.3332	4.8910	1	3	2	2		1
383	Spectrogram 1	1	1985.379561291	1987.359871769	30.877	126.704	2187.DSG_RAWD_HMS_ 2_ 5_ 0__DMY_14_ 8_15.wav	1.9803	3.7348	1	3	2	2		1
388	Spectrogram 1	1	2052.886533586	2056.134765625	28.748	210.818	2193.DSG_RAWD_HMS_ 2_35_ 0__DMY_14_ 8_15.wav	3.2482	7.3441	1	2	1	2		2
389	Spectrogram 1	1	2060.167277189	2066.827133220	31.942	177.811	2194.DSG_RAWD_HMS_ 2_40_ 0__DMY_14_ 8_15.wav	6.6599	3.9753	1	2	1	1		2
410	Spectrogram 1	1	2409.949865840	2414.570590289	30.877	132.027	2227.DSG_RAWD_HMS_ 5_25_ 0__DMY_14_ 8_15.wav	4.6207	2.3211	1	3	2	2		1
412	Spectrogram 1	1	2454.987201833	2457.346581644	29.813	113.927	2231.DSG_RAWD_HMS_ 5_45_ 0__DMY_14_ 8_15.wav	2.3594	4.7600	1	3	2	2		1
416	Spectrogram 1	1	2487.247254933	2491.671909038	28.748	158.646	2234.DSG_RAWD_HMS_ 6_ 0_ 0__DMY_14_ 8_15.wav	4.4247	5.0713	1	3	2	2		2
112	Spectrogram 1	1	713.551703235	715.104185324	7.542	224.742	2068.DSG_RAWD_HMS_16_10_ 0__DMY_13_ 8_15.wav	1.5525	0.0285	1	1	1	2		2
295	Spectrogram 1	1	1286.387722269	1288.989230688	40.293	193.966	2121.DSG_RAWD_HMS_20_35_ 0__DMY_13_ 8_15.wav	2.6015	8.0261	1	2	1	2		2
74	Spectrogram 1	1	487.455542242	488.402933821	0.000	174.967	2046.DSG_RAWD_HMS_14_20_ 0__DMY_13_ 8_15.wav	0.9474	8.2235	1	3	2	2		1
366	Spectrogram 1	1	1737.759153273	1741.638078253	29.813	226.789	2164.DSG_RAWD_HMS_ 0_10_ 0__DMY_14_ 8_15.wav	3.8789	1.4648	2	3	2	2		2
226	Spectrogram 1	1	1087.588158276	1092.666380196	33.405	182.508	2103.DSG_RAWD_HMS_19_ 5_ 0__DMY_13_ 8_15.wav	5.0782	0.9194	2	3	2	2		2
50	Spectrogram 1	1	309.868107082	313.444596149	29.095	208.150	2030.DSG_RAWD_HMS_13_ 0_ 0__DMY_13_ 8_15.wav	3.5765	1.0297	2	2	2	2		2
60	Spectrogram 1	1	420.528061878	425.958233124	0.000	250.383	2040.DSG_RAWD_HMS_13_50_ 0__DMY_13_ 8_15.wav	5.4302	5.1937	2	2	1	2		2
64	Spectrogram 1	1	442.188671068	445.807244758	0.000	199.100	2042.DSG_RAWD_HMS_14_ 0_ 0__DMY_13_ 8_15.wav	3.6186	5.5551	2	3	2	2		2
89	Spectrogram 1	1	607.044090648	609.548901555	0.000	224.742	2058.DSG_RAWD_HMS_15_20_ 0__DMY_13_ 8_15.wav	2.5048	0.0169	2	2	1	2		2
111	Spectrogram 1	1	709.692810868	713.496241451	0.000	217.200	2067.DSG_RAWD_HMS_16_ 5_ 0__DMY_13_ 8_15.wav	3.8034	6.8192	2	3	1	2		2
190	Spectrogram 1	1	965.133780861	969.097687660	0.000	271.500	2091.DSG_RAWD_HMS_18_ 5_ 0__DMY_13_ 8_15.wav	3.9639	6.6698	2	1	1	2		2
217	Spectrogram 1	1	1050.125634695	1054.690805880	0.000	185.525	2099.DSG_RAWD_HMS_18_45_ 0__DMY_13_ 8_15.wav	4.5652	6.0552	2	2	1	2		2
228	Spectrogram 1	1	1097.434217282	1101.675872399	0.000	229.267	2104.DSG_RAWD_HMS_19_10_ 0__DMY_13_ 8_15.wav	4.2417	0.1158	2	2	2	2		2
250	Spectrogram 1	1	1163.879778374	1168.061086043	0.000	175.647	2110.DSG_RAWD_HMS_19_40_ 0__DMY_13_ 8_15.wav	4.1813	2.6638	2	2	2	1		2
255	Spectrogram 1	1	1175.241035383	1182.466231633	0.000	261.853	2111.DSG_RAWD_HMS_19_45_ 0__DMY_13_ 8_15.wav	7.2252	3.3754	2	2	1	2		2
256	Spectrogram 1	1	1182.569633263	1186.143455737	0.000	217.672	2112.DSG_RAWD_HMS_19_50_ 0__DMY_13_ 8_15.wav	3.5738	0.0544	2	2	1	2		2
259	Spectrogram 1	1	1189.878831746	1193.129523798	0.000	212.284	2112.DSG_RAWD_HMS_19_50_ 0__DMY_13_ 8_15.wav	3.2507	7.3636	2	2	1	2		2
260	Spectrogram 1	1	1194.085974235	1197.440068022	0.000	220.905	2113.DSG_RAWD_HMS_19_55_ 0__DMY_13_ 8_15.wav	3.3541	0.9212	2	2	2	2		2
261	Spectrogram 1	1	1197.478838174	1203.779881416	0.000	216.595	2113.DSG_RAWD_HMS_19_55_ 0__DMY_13_ 8_15.wav	6.3010	4.3140	2	2	1	2		2
271	Spectrogram 1	1	1218.954047309	1222.695897603	0.000	207.974	2115.DSG_RAWD_HMS_20_ 5_ 0__DMY_13_ 8_15.wav	3.7419	4.4900	2	2	2	2		2
272	Spectrogram 1	1	1222.902701074	1225.093525339	1.078	172.414	2115.DSG_RAWD_HMS_20_ 5_ 0__DMY_13_ 8_15.wav	2.1908	8.4387	2	3	1	2		2
289	Spectrogram 1	1	1268.748371969	1278.325957697	0.000	244.612	2120.DSG_RAWD_HMS_20_30_ 0__DMY_13_ 8_15.wav	9.5776	1.0364	2	1	1	1		2
297	Spectrogram 1	1	1291.580729463	1293.655226776	0.000	169.181	2122.DSG_RAWD_HMS_20_40_ 0__DMY_13_ 8_15.wav	2.0745	2.5695	2	3	2	2		1
310	Spectrogram 1	1	1320.985557745	1326.439999280	0.000	256.466	2125.DSG_RAWD_HMS_20_55_ 0__DMY_13_ 8_15.wav	5.4544	0.0256	2	2	1	1		2
313	Spectrogram 1	1	1331.685220973	1338.005221741	0.000	242.644	2126.DSG_RAWD_HMS_21_ 0_ 0__DMY_13_ 8_15.wav	6.3200	0.0756	2	2	1	2		2
314	Spectrogram 1	1	1344.789242282	1349.200825031	0.000	207.508	2127.DSG_RAWD_HMS_21_ 5_ 0__DMY_13_ 8_15.wav	4.4116	2.5300	2	2	2	2		2
363	Spectrogram 1	1	1718.815492601	1725.619133552	0.000	207.624	2162.DSG_RAWD_HMS_ 0_ 0_ 0__DMY_14_ 8_15.wav	6.8036	3.8203	2	2	1	1		2
2	Spectrogram 1	1	5.189474588	5.331651974	0.000	142.241	2001.DSG_RAWD_HMS_10_35_ 0__DMY_13_ 8_15.wav	0.1422	5.1895	3	2	2	1		2
3	Spectrogram 1	1	20.984089651	21.268444423	0.000	226.293	2002.DSG_RAWD_HMS_10_40_ 0__DMY_13_ 8_15.wav	0.2844	10.3345	3	1	2	2		2
4	Spectrogram 1	1	27.298048807	27.517777494	0.000	151.940	2003.DSG_RAWD_HMS_10_45_ 0__DMY_13_ 8_15.wav	0.2197	5.9988	3	2	2	2		2
5	Spectrogram 1	1	34.057930537	34.258271399	0.000	272.629	2004.DSG_RAWD_HMS_10_50_ 0__DMY_13_ 8_15.wav	0.2003	2.1091	3	2	2	2		2
6	Spectrogram 1	1	45.664775321	45.800490098	0.000	130.388	2005.DSG_RAWD_HMS_10_55_ 0__DMY_13_ 8_15.wav	0.1357	3.0664	3	2	2	2		2
7	Spectrogram 1	1	42.142653714	42.310681533	0.000	116.379	2004.DSG_RAWD_HMS_10_50_ 0__DMY_13_ 8_15.wav	0.1680	10.1939	3	2	2	2		2
8	Spectrogram 1	1	47.862058553	48.030086373	0.000	215.517	2005.DSG_RAWD_HMS_10_55_ 0__DMY_13_ 8_15.wav	0.1680	5.2637	3	2	2	2		2
9	Spectrogram 1	1	55.972636719	56.160052364	0.000	145.474	2006.DSG_RAWD_HMS_11_ 0_ 0__DMY_13_ 8_15.wav	0.1874	2.7246	3	2	2	2		2
10	Spectrogram 1	1	58.021283599	58.312100979	0.000	266.164	2006.DSG_RAWD_HMS_11_ 0_ 0__DMY_13_ 8_15.wav	0.2908	4.7733	3	1	2	2		2
11	Spectrogram 1	1	70.700917466	70.862482678	0.000	153.017	2007.DSG_RAWD_HMS_11_ 5_ 0__DMY_13_ 8_15.wav	0.1616	6.8033	3	2	2	2		2
14	Spectrogram 1	1	79.457748433	79.671014512	2.155	196.121	2008.DSG_RAWD_HMS_11_10_ 0__DMY_13_ 8_15.wav	0.2133	4.9105	3	2	2	1		2
15	Spectrogram 1	1	81.312512489	81.790745515	0.000	274.784	2008.DSG_RAWD_HMS_11_10_ 0__DMY_13_ 8_15.wav	0.4782	6.7653	3	1	2	2		2
16	Spectrogram 1	1	90.321388674	90.528192145	0.000	299.569	2009.DSG_RAWD_HMS_11_15_ 0__DMY_13_ 8_15.wav	0.2068	5.1246	3	1	2	2		2
17	Spectrogram 1	1	94.825831037	95.019709290	0.000	193.966	2009.DSG_RAWD_HMS_11_15_ 0__DMY_13_ 8_15.wav	0.1939	9.6290	3	2	2	2		2
19	Spectrogram 1	1	101.508168179	101.702046433	0.000	136.853	2010.DSG_RAWD_HMS_11_20_ 0__DMY_13_ 8_15.wav	0.1939	5.6618	3	2	2	2		2
20	Spectrogram 1	1	118.330337986	118.569454499	0.000	178.879	2012.DSG_RAWD_HMS_11_30_ 0__DMY_13_ 8_15.wav	0.2391	1.1847	3	2	2	2		2
21	Spectrogram 1	1	124.004508208	124.217774287	0.000	178.879	2012.DSG_RAWD_HMS_11_30_ 0__DMY_13_ 8_15.wav	0.2133	6.8589	3	2	2	2		2
22	Spectrogram 1	1	127.817445952	127.946698121	0.000	160.560	2013.DSG_RAWD_HMS_11_35_ 0__DMY_13_ 8_15.wav	0.1293	0.0222	3	2	1	2		2
23	Spectrogram 1	1	136.399790359	136.625981655	0.000	204.741	2013.DSG_RAWD_HMS_11_35_ 0__DMY_13_ 8_15.wav	0.2262	8.6046	3	2	2	2		2
24	Spectrogram 1	1	148.019555627	148.155270404	0.000	163.793	2014.DSG_RAWD_HMS_11_40_ 0__DMY_13_ 8_15.wav	0.1357	9.5748	3	2	2	2		2
25	Spectrogram 1	1	148.200508664	148.387924309	0.000	162.716	2014.DSG_RAWD_HMS_11_40_ 0__DMY_13_ 8_15.wav	0.1874	9.7557	3	2	2	2		2
26	Spectrogram 1	1	156.983193553	157.099520505	0.000	204.741	2015.DSG_RAWD_HMS_11_45_ 0__DMY_13_ 8_15.wav	0.1163	7.8888	3	1	2	2		2
27	Spectrogram 1	1	157.118908331	157.274010933	3.115	170.266	2015.DSG_RAWD_HMS_11_45_ 0__DMY_13_ 8_15.wav	0.1551	8.0245	3	2	2	2		2
29	Spectrogram 1	1	168.641730110	168.822683146	0.000	199.336	2016.DSG_RAWD_HMS_11_50_ 0__DMY_13_ 8_15.wav	0.1810	8.8977	3	2	2	2		2
31	Spectrogram 1	1	178.555378323	178.697555709	0.000	146.387	2017.DSG_RAWD_HMS_11_55_ 0__DMY_13_ 8_15.wav	0.1422	8.1618	3	2	2	1		2
32	Spectrogram 1	1	193.147948214	193.412915161	0.000	250.208	2019.DSG_RAWD_HMS_12_ 5_ 0__DMY_13_ 8_15.wav	0.2650	1.4551	3	1	2	2		2
33	Spectrogram 1	1	193.639106457	193.852372536	0.000	245.017	2019.DSG_RAWD_HMS_12_ 5_ 0__DMY_13_ 8_15.wav	0.2133	1.9463	3	2	2	2		2
34	Spectrogram 1	1	194.770062936	194.963941189	1.038	248.131	2019.DSG_RAWD_HMS_12_ 5_ 0__DMY_13_ 8_15.wav	0.1939	3.0773	3	2	2	2		2
36	Spectrogram 1	1	219.043631552	219.224584589	0.000	162.998	2021.DSG_RAWD_HMS_12_15_ 0__DMY_13_ 8_15.wav	0.1810	6.0516	3	3	2	2		2
37	Spectrogram 1	1	225.099095674	225.241273060	0.000	173.380	2022.DSG_RAWD_HMS_12_20_ 0__DMY_13_ 8_15.wav	0.1422	1.4575	3	3	2	2		2
38	Spectrogram 1	1	237.695348808	237.954148459	0.000	606.350	2023.DSG_RAWD_HMS_12_25_ 0__DMY_13_ 8_15.wav	0.2588	3.4041	3	1	2	2		2
39	Spectrogram 1	1	238.822981706	239.183452648	0.000	561.100	2023.DSG_RAWD_HMS_12_25_ 0__DMY_13_ 8_15.wav	0.3605	4.5318	3	1	2	2		2
41	Spectrogram 1	1	240.528286548	240.898000335	0.000	327.308	2023.DSG_RAWD_HMS_12_25_ 0__DMY_13_ 8_15.wav	0.3697	6.2371	3	1	2	2		2
42	Spectrogram 1	1	243.245682335	243.458267762	0.000	188.542	2023.DSG_RAWD_HMS_12_25_ 0__DMY_13_ 8_15.wav	0.2126	8.9545	3	2	2	2		2
44	Spectrogram 1	1	247.566721462	247.705364132	0.000	176.475	2024.DSG_RAWD_HMS_12_30_ 0__DMY_13_ 8_15.wav	0.1386	2.6259	3	3	2	2		2
45	Spectrogram 1	1	264.823111232	264.989482436	0.000	191.558	2025.DSG_RAWD_HMS_12_35_ 0__DMY_13_ 8_15.wav	0.1664	9.2327	3	2	2	2		2
46	Spectrogram 1	1	272.258979225	272.406864739	0.000	205.133	2026.DSG_RAWD_HMS_12_40_ 0__DMY_13_ 8_15.wav	0.1479	6.0190	3	2	2	2		2
49	Spectrogram 1	1	307.857789756	307.987189582	1.508	158.375	2029.DSG_RAWD_HMS_12_55_ 0__DMY_13_ 8_15.wav	0.1294	9.6690	3	3	2	2		2
52	Spectrogram 1	1	318.362281662	318.537895711	0.000	203.625	2030.DSG_RAWD_HMS_13_ 0_ 0__DMY_13_ 8_15.wav	0.1756	9.5239	3	2	2	2		2
54	Spectrogram 1	1	340.508131985	340.688367457	0.000	262.450	2032.DSG_RAWD_HMS_13_10_ 0__DMY_13_ 8_15.wav	0.1802	10.3705	3	3	2	2		2
55	Spectrogram 1	1	352.154115180	352.320486384	0.000	336.358	2034.DSG_RAWD_HMS_13_20_ 0__DMY_13_ 8_15.wav	0.1664	0.7173	3	1	2	2		2
56	Spectrogram 1	1	370.778445556	370.944816761	0.000	184.017	2035.DSG_RAWD_HMS_13_25_ 0__DMY_13_ 8_15.wav	0.1664	8.6920	3	2	2	2		2
57	Spectrogram 1	1	399.098518901	399.260268683	0.000	159.883	2038.DSG_RAWD_HMS_13_40_ 0__DMY_13_ 8_15.wav	0.1617	5.0633	3	2	2	2		2
58	Spectrogram 1	1	411.867507724	412.043121773	0.000	218.708	2039.DSG_RAWD_HMS_13_45_ 0__DMY_13_ 8_15.wav	0.1756	7.1827	3	3	2	2		2
59	Spectrogram 1	1	417.117442951	417.320785534	0.000	283.567	2040.DSG_RAWD_HMS_13_50_ 0__DMY_13_ 8_15.wav	0.2033	1.7830	3	1	2	2		2
62	Spectrogram 1	1	439.244820701	439.374220527	0.000	218.708	2042.DSG_RAWD_HMS_14_ 0_ 0__DMY_13_ 8_15.wav	0.1294	2.6112	3	2	2	2		2
65	Spectrogram 1	1	448.173421370	448.307442618	0.000	176.475	2043.DSG_RAWD_HMS_14_ 5_ 0__DMY_13_ 8_15.wav	0.1340	0.8902	3	3	2	2		2
67	Spectrogram 1	1	458.345170839	458.553134845	0.000	188.542	2044.DSG_RAWD_HMS_14_10_ 0__DMY_13_ 8_15.wav	0.2080	0.4124	3	2	2	2		2
70	Spectrogram 1	1	471.289787273	471.460779899	0.000	245.858	2045.DSG_RAWD_HMS_14_15_ 0__DMY_13_ 8_15.wav	0.1710	2.7074	3	3	2	2		2
71	Spectrogram 1	1	477.561069644	477.695090892	0.000	199.100	2045.DSG_RAWD_HMS_14_15_ 0__DMY_13_ 8_15.wav	0.1340	8.9787	3	2	2	2		2
73	Spectrogram 1	1	486.656036178	486.831650227	0.000	187.033	2046.DSG_RAWD_HMS_14_20_ 0__DMY_13_ 8_15.wav	0.1756	7.4240	3	2	2	2		2
75	Spectrogram 1	1	490.279240344	490.454854392	0.000	182.508	2047.DSG_RAWD_HMS_14_25_ 0__DMY_13_ 8_15.wav	0.1756	0.3976	3	3	2	2		2
76	Spectrogram 1	1	493.967138764	494.119645701	0.000	211.167	2047.DSG_RAWD_HMS_14_25_ 0__DMY_13_ 8_15.wav	0.1525	4.0855	3	3	2	2		2
78	Spectrogram 1	1	502.290327956	502.521399073	0.000	386.133	2048.DSG_RAWD_HMS_14_30_ 0__DMY_13_ 8_15.wav	0.2311	1.7591	3	1	2	2		2
79	Spectrogram 1	1	504.097304090	504.457775032	0.000	230.775	2048.DSG_RAWD_HMS_14_30_ 0__DMY_13_ 8_15.wav	0.3605	3.5661	3	1	2	2		2
80	Spectrogram 1	1	507.313813489	507.628070208	0.000	399.708	2048.DSG_RAWD_HMS_14_30_ 0__DMY_13_ 8_15.wav	0.3143	6.7826	3	2	2	2		2
81	Spectrogram 1	1	510.359330809	510.761394552	0.000	298.650	2048.DSG_RAWD_HMS_14_30_ 0__DMY_13_ 8_15.wav	0.4021	9.8281	3	1	2	2		2
85	Spectrogram 1	1	584.616329496	585.036878929	0.000	386.133	2055.DSG_RAWD_HMS_15_ 5_ 0__DMY_13_ 8_15.wav	0.4205	9.5379	3	1	2	2		2
86	Spectrogram 1	1	587.116520908	587.250542156	0.000	161.392	2056.DSG_RAWD_HMS_15_10_ 0__DMY_13_ 8_15.wav	0.1340	1.3885	3	2	2	2		2
87	Spectrogram 1	1	596.137536921	596.285422436	0.000	247.367	2056.DSG_RAWD_HMS_15_10_ 0__DMY_13_ 8_15.wav	0.1479	10.4095	3	2	2	2		2
88	Spectrogram 1	1	601.308905657	601.452169749	0.000	150.833	2057.DSG_RAWD_HMS_15_15_ 0__DMY_13_ 8_15.wav	0.1433	4.9313	3	2	2	2		2
91	Spectrogram 1	1	612.700705870	612.936398409	0.000	342.392	2058.DSG_RAWD_HMS_15_20_ 0__DMY_13_ 8_15.wav	0.2357	5.6735	3	1	2	1		2
92	Spectrogram 1	1	614.808074455	614.960581392	0.000	174.967	2058.DSG_RAWD_HMS_15_20_ 0__DMY_13_ 8_15.wav	0.1525	7.7809	3	1	2	1		2
93	Spectrogram 1	1	616.388600033	616.591942616	0.000	266.975	2058.DSG_RAWD_HMS_15_20_ 0__DMY_13_ 8_15.wav	0.2033	9.3614	3	1	2	1		2
94	Spectrogram 1	1	619.789962847	619.914741250	0.000	158.375	2059.DSG_RAWD_HMS_15_25_ 0__DMY_13_ 8_15.wav	0.1248	2.1132	3	3	2	2		2
95	Spectrogram 1	1	622.553570244	622.715320026	0.000	152.342	2059.DSG_RAWD_HMS_15_25_ 0__DMY_13_ 8_15.wav	0.1617	4.8768	3	2	2	2		2
97	Spectrogram 1	1	639.280802062	639.447173266	0.000	167.425	2061.DSG_RAWD_HMS_15_35_ 0__DMY_13_ 8_15.wav	0.1664	0.3048	3	2	2	1		2
98	Spectrogram 1	1	642.340180076	642.501929858	0.000	161.392	2061.DSG_RAWD_HMS_15_35_ 0__DMY_13_ 8_15.wav	0.1617	3.3642	3	2	2	2		2
100	Spectrogram 1	1	652.442608009	652.784593262	0.000	398.200	2062.DSG_RAWD_HMS_15_40_ 0__DMY_13_ 8_15.wav	0.3420	2.8170	3	1	2	2		2
102	Spectrogram 1	1	671.191707919	671.390429079	0.000	218.708	2064.DSG_RAWD_HMS_15_50_ 0__DMY_13_ 8_15.wav	0.1987	0.2669	3	1	2	2		2
103	Spectrogram 1	1	678.923346941	679.061989612	0.000	156.867	2064.DSG_RAWD_HMS_15_50_ 0__DMY_13_ 8_15.wav	0.1386	7.9985	3	3	2	2		2
104	Spectrogram 1	1	680.878215757	681.026101272	0.000	211.167	2064.DSG_RAWD_HMS_15_50_ 0__DMY_13_ 8_15.wav	0.1479	9.9534	3	2	2	2		2
105	Spectrogram 1	1	685.758437198	685.934051247	0.000	223.233	2065.DSG_RAWD_HMS_15_55_ 0__DMY_13_ 8_15.wav	0.1756	4.1840	3	2	2	2		2
106	Spectrogram 1	1	689.663545674	689.889995369	0.000	239.825	2065.DSG_RAWD_HMS_15_55_ 0__DMY_13_ 8_15.wav	0.2264	8.0891	3	2	2	2		2
109	Spectrogram 1	1	703.366067279	703.504709949	0.000	143.292	2067.DSG_RAWD_HMS_16_ 5_ 0__DMY_13_ 8_15.wav	0.1386	0.4925	3	1	2	1		2
113	Spectrogram 1	1	716.726624718	716.920724457	0.000	185.525	2068.DSG_RAWD_HMS_16_10_ 0__DMY_13_ 8_15.wav	0.1941	3.2034	3	3	2	2		2
115	Spectrogram 1	1	728.058357966	728.280186238	0.000	168.933	2069.DSG_RAWD_HMS_16_15_ 0__DMY_13_ 8_15.wav	0.2218	3.8856	3	2	2	2		2
116	Spectrogram 1	1	733.345264572	733.460800130	0.000	150.833	2069.DSG_RAWD_HMS_16_15_ 0__DMY_13_ 8_15.wav	0.1155	9.1725	3	3	2	2		2
117	Spectrogram 1	1	738.387235794	738.646035445	0.000	269.992	2070.DSG_RAWD_HMS_16_20_ 0__DMY_13_ 8_15.wav	0.2588	3.5648	3	2	2	2		2
118	Spectrogram 1	1	743.609442488	743.835892182	0.000	279.042	2070.DSG_RAWD_HMS_16_20_ 0__DMY_13_ 8_15.wav	0.2264	8.7870	3	1	2	2		2
119	Spectrogram 1	1	743.341399992	743.470799818	0.000	170.442	2070.DSG_RAWD_HMS_16_20_ 0__DMY_13_ 8_15.wav	0.1294	8.5190	3	3	2	2		2
120	Spectrogram 1	1	743.493906930	743.595578221	0.000	181.000	2070.DSG_RAWD_HMS_16_20_ 0__DMY_13_ 8_15.wav	0.1017	8.6715	3	3	2	2		2
122	Spectrogram 1	1	766.323741894	766.637998613	0.000	383.117	2072.DSG_RAWD_HMS_16_30_ 0__DMY_13_ 8_15.wav	0.3143	10.2021	3	1	2	2		2
123	Spectrogram 1	1	771.462762986	771.698455525	0.000	306.192	2073.DSG_RAWD_HMS_16_35_ 0__DMY_13_ 8_15.wav	0.2357	4.6916	3	1	2	2		2
124	Spectrogram 1	1	775.312413828	775.492649299	0.000	251.892	2073.DSG_RAWD_HMS_16_35_ 0__DMY_13_ 8_15.wav	0.1802	8.5412	3	2	2	2		2
126	Spectrogram 1	1	779.125095933	779.328438515	0.000	171.950	2074.DSG_RAWD_HMS_16_40_ 0__DMY_13_ 8_15.wav	0.2033	1.7043	3	2	2	2		2
127	Spectrogram 1	1	780.224994449	780.340530007	0.000	140.275	2074.DSG_RAWD_HMS_16_40_ 0__DMY_13_ 8_15.wav	0.1155	2.8042	3	2	2	2		2
128	Spectrogram 1	1	780.345151430	780.451444143	0.000	161.392	2074.DSG_RAWD_HMS_16_40_ 0__DMY_13_ 8_15.wav	0.1063	2.9244	3	2	2	2		2
130	Spectrogram 1	1	788.802359795	788.982595266	0.000	168.933	2075.DSG_RAWD_HMS_16_45_ 0__DMY_13_ 8_15.wav	0.1802	0.7320	3	3	2	2		2
131	Spectrogram 1	1	790.392129079	790.563121705	0.000	150.833	2075.DSG_RAWD_HMS_16_45_ 0__DMY_13_ 8_15.wav	0.1710	2.3217	3	2	2	2		2
132	Spectrogram 1	1	796.936065767	797.190243996	0.000	556.575	2075.DSG_RAWD_HMS_16_45_ 0__DMY_13_ 8_15.wav	0.2542	8.8657	3	1	2	2		2
133	Spectrogram 1	1	799.866056394	799.986213374	0.000	232.283	2076.DSG_RAWD_HMS_16_50_ 0__DMY_13_ 8_15.wav	0.1202	1.1461	3	1	2	2		2
134	Spectrogram 1	1	803.077944918	803.373715948	0.000	233.792	2076.DSG_RAWD_HMS_16_50_ 0__DMY_13_ 8_15.wav	0.2958	4.3579	3	1	2	2		2
135	Spectrogram 1	1	808.318643714	808.489636340	0.000	164.408	2076.DSG_RAWD_HMS_16_50_ 0__DMY_13_ 8_15.wav	0.1710	9.5986	3	2	2	2		2
136	Spectrogram 1	1	808.780785947	808.924050040	0.000	206.642	2076.DSG_RAWD_HMS_16_50_ 0__DMY_13_ 8_15.wav	0.1433	10.0608	3	3	2	2		2
140	Spectrogram 1	1	844.601442080	844.772434706	0.000	152.342	2080.DSG_RAWD_HMS_17_10_ 0__DMY_13_ 8_15.wav	0.1710	3.2830	3	2	2	2		2
141	Spectrogram 1	1	845.151391338	845.359355343	0.000	229.267	2080.DSG_RAWD_HMS_17_10_ 0__DMY_13_ 8_15.wav	0.2080	3.8330	3	1	2	2		2
142	Spectrogram 1	1	844.966534445	845.105177115	0.000	149.325	2080.DSG_RAWD_HMS_17_10_ 0__DMY_13_ 8_15.wav	0.1386	3.6481	3	2	2	2		2
143	Spectrogram 1	1	846.043325849	846.445389592	0.000	556.575	2080.DSG_RAWD_HMS_17_10_ 0__DMY_13_ 8_15.wav	0.4021	4.7249	3	1	2	2		2
144	Spectrogram 1	1	846.718053510	846.805860535	0.000	274.517	2080.DSG_RAWD_HMS_17_10_ 0__DMY_13_ 8_15.wav	0.0878	5.3997	3	2	2	1		2
145	Spectrogram 1	1	846.801239112	846.962988894	0.000	162.900	2080.DSG_RAWD_HMS_17_10_ 0__DMY_13_ 8_15.wav	0.1617	5.4828	3	2	2	1		2
147	Spectrogram 1	1	848.543515333	848.793072140	0.000	443.450	2080.DSG_RAWD_HMS_17_10_ 0__DMY_13_ 8_15.wav	0.2496	7.2251	3	1	2	1		2
148	Spectrogram 1	1	862.347711247	862.454003961	0.000	277.533	2081.DSG_RAWD_HMS_17_15_ 0__DMY_13_ 8_15.wav	0.1063	10.3797	3	1	2	2		2
149	Spectrogram 1	1	867.186339887	867.315739712	0.000	199.100	2082.DSG_RAWD_HMS_17_20_ 0__DMY_13_ 8_15.wav	0.1294	4.5687	3	2	2	2		2
151	Spectrogram 1	1	868.956344642	869.067258778	0.000	230.775	2082.DSG_RAWD_HMS_17_20_ 0__DMY_13_ 8_15.wav	0.1109	6.3387	3	2	2	1		2
155	Spectrogram 1	1	882.816020975	882.991635024	0.000	176.475	2083.DSG_RAWD_HMS_17_25_ 0__DMY_13_ 8_15.wav	0.1756	9.5488	3	1	2	2		2
156	Spectrogram 1	1	883.010120713	883.134899116	0.000	164.408	2083.DSG_RAWD_HMS_17_25_ 0__DMY_13_ 8_15.wav	0.1248	9.7429	3	3	2	2		2
158	Spectrogram 1	1	884.396553261	884.516710242	0.000	247.367	2084.DSG_RAWD_HMS_17_30_ 0__DMY_13_ 8_15.wav	0.1202	0.4798	3	2	2	1		2
159	Spectrogram 1	1	886.933719028	887.058497431	0.000	143.292	2084.DSG_RAWD_HMS_17_30_ 0__DMY_13_ 8_15.wav	0.1248	3.0169	3	3	2	2		2
160	Spectrogram 1	1	888.209231593	888.343252841	0.000	197.592	2084.DSG_RAWD_HMS_17_30_ 0__DMY_13_ 8_15.wav	0.1340	4.2924	3	2	2	2		2
161	Spectrogram 1	1	888.634402448	888.768423696	0.000	168.933	2084.DSG_RAWD_HMS_17_30_ 0__DMY_13_ 8_15.wav	0.1340	4.7176	3	3	2	2		2
162	Spectrogram 1	1	888.777666541	889.073437570	0.000	224.742	2084.DSG_RAWD_HMS_17_30_ 0__DMY_13_ 8_15.wav	0.2958	4.8609	3	1	2	2		1
163	Spectrogram 1	1	891.023683434	891.162326104	0.000	159.883	2084.DSG_RAWD_HMS_17_30_ 0__DMY_13_ 8_15.wav	0.1386	7.1069	3	3	2	2		2
165	Spectrogram 1	1	892.382381601	892.594967028	0.000	369.542	2084.DSG_RAWD_HMS_17_30_ 0__DMY_13_ 8_15.wav	0.2126	8.4656	3	1	2	1		1
166	Spectrogram 1	1	893.177266243	893.315908913	0.000	176.475	2084.DSG_RAWD_HMS_17_30_ 0__DMY_13_ 8_15.wav	0.1386	9.2605	3	2	2	1		2
170	Spectrogram 1	1	902.304598580	902.540291119	0.000	206.642	2085.DSG_RAWD_HMS_17_35_ 0__DMY_13_ 8_15.wav	0.2357	7.7382	3	2	2	2		2
171	Spectrogram 1	1	904.365760675	904.499781923	0.000	212.675	2085.DSG_RAWD_HMS_17_35_ 0__DMY_13_ 8_15.wav	0.1340	9.7994	3	3	2	2		2
172	Spectrogram 1	1	904.772445841	904.975788424	0.000	253.400	2085.DSG_RAWD_HMS_17_35_ 0__DMY_13_ 8_15.wav	0.2033	10.2060	3	2	2	2		2
178	Spectrogram 1	1	934.585298676	934.714698502	0.000	159.883	2088.DSG_RAWD_HMS_17_50_ 0__DMY_13_ 8_15.wav	0.1294	8.0701	3	3	2	2		2
179	Spectrogram 1	1	937.670772775	937.785147143	0.000	147.817	2089.DSG_RAWD_HMS_17_55_ 0__DMY_13_ 8_15.wav	0.1144	0.5060	3	2	2	2		2
181	Spectrogram 1	1	938.768766704	938.876605393	0.000	260.942	2089.DSG_RAWD_HMS_17_55_ 0__DMY_13_ 8_15.wav	0.1078	1.6040	3	2	2	1		2
182	Spectrogram 1	1	940.644533218	940.820996528	0.000	223.233	2089.DSG_RAWD_HMS_17_55_ 0__DMY_13_ 8_15.wav	0.1765	3.4797	3	3	2	2		2
184	Spectrogram 1	1	943.461433002	943.585610887	9.050	263.958	2089.DSG_RAWD_HMS_17_55_ 0__DMY_13_ 8_15.wav	0.1242	6.2966	3	2	2	1		2
186	Spectrogram 1	1	947.840377303	947.951483831	0.000	211.167	2090.DSG_RAWD_HMS_18_ 0_ 0__DMY_13_ 8_15.wav	0.1111	0.0260	3	2	2	2		2
187	Spectrogram 1	1	954.343376854	954.516572325	0.000	259.433	2090.DSG_RAWD_HMS_18_ 0_ 0__DMY_13_ 8_15.wav	0.1732	6.5290	3	1	2	2		2
188	Spectrogram 1	1	953.327078903	953.487203017	0.000	165.917	2090.DSG_RAWD_HMS_18_ 0_ 0__DMY_13_ 8_15.wav	0.1601	5.5127	3	1	2	2		2
193	Spectrogram 1	1	973.329558183	973.460271746	3.017	200.608	2092.DSG_RAWD_HMS_18_10_ 0__DMY_13_ 8_15.wav	0.1307	4.2160	3	2	2	2		2
194	Spectrogram 1	1	984.969608992	985.100322555	0.000	259.433	2093.DSG_RAWD_HMS_18_15_ 0__DMY_13_ 8_15.wav	0.1307	5.2064	3	3	2	2		2
195	Spectrogram 1	1	985.878068254	986.110084828	0.000	300.158	2093.DSG_RAWD_HMS_18_15_ 0__DMY_13_ 8_15.wav	0.2320	6.1149	3	1	2	2		2
196	Spectrogram 1	1	986.845378436	986.998966873	0.000	205.133	2093.DSG_RAWD_HMS_18_15_ 0__DMY_13_ 8_15.wav	0.1536	7.0822	3	1	2	2		2
197	Spectrogram 1	1	988.557726111	988.701511030	0.000	203.625	2093.DSG_RAWD_HMS_18_15_ 0__DMY_13_ 8_15.wav	0.1438	8.7945	3	2	2	2		2
198	Spectrogram 1	1	992.086992105	992.292865967	0.000	227.758	2094.DSG_RAWD_HMS_18_20_ 0__DMY_13_ 8_15.wav	0.2059	1.6742	3	1	2	2		2
201	Spectrogram 1	1	1000.037720401	1000.158630447	0.000	269.992	2094.DSG_RAWD_HMS_18_20_ 0__DMY_13_ 8_15.wav	0.1209	9.6249	3	2	2	2		2
207	Spectrogram 1	1	1017.300154103	1017.434135505	0.000	162.900	2096.DSG_RAWD_HMS_18_30_ 0__DMY_13_ 8_15.wav	0.1340	5.5882	3	3	2	2		2
208	Spectrogram 1	1	1017.623670171	1017.744580217	0.000	171.950	2096.DSG_RAWD_HMS_18_30_ 0__DMY_13_ 8_15.wav	0.1209	5.9117	3	2	2	2		2
209	Spectrogram 1	1	1018.973287709	1019.113804789	0.000	184.017	2096.DSG_RAWD_HMS_18_30_ 0__DMY_13_ 8_15.wav	0.1405	7.2613	3	2	2	2		2
211	Spectrogram 1	1	1027.165777240	1027.325901355	0.000	236.808	2097.DSG_RAWD_HMS_18_35_ 0__DMY_13_ 8_15.wav	0.1601	4.8042	3	1	2	1		2
212	Spectrogram 1	1	1030.979350952	1031.234242400	0.000	140.275	2097.DSG_RAWD_HMS_18_35_ 0__DMY_13_ 8_15.wav	0.2549	8.6178	3	1	2	2		2
214	Spectrogram 1	1	1035.665435421	1035.845166570	0.000	184.017	2098.DSG_RAWD_HMS_18_40_ 0__DMY_13_ 8_15.wav	0.1797	2.2446	3	2	2	2		2
216	Spectrogram 1	1	1049.132198376	1049.275983295	0.000	173.458	2099.DSG_RAWD_HMS_18_45_ 0__DMY_13_ 8_15.wav	0.1438	5.0618	3	2	2	2		2
218	Spectrogram 1	1	1054.975107675	1055.102553399	0.000	208.150	2100.DSG_RAWD_HMS_18_50_ 0__DMY_13_ 8_15.wav	0.1274	0.2551	3	2	2	2		2
220	Spectrogram 1	1	1067.004076923	1067.177272394	0.000	274.517	2101.DSG_RAWD_HMS_18_55_ 0__DMY_13_ 8_15.wav	0.1732	1.6345	3	1	2	2		2
221	Spectrogram 1	1	1068.026910553	1068.164159794	0.000	235.300	2101.DSG_RAWD_HMS_18_55_ 0__DMY_13_ 8_15.wav	0.1372	2.6573	3	2	2	1		2
223	Spectrogram 1	1	1069.226217358	1069.389609312	0.000	181.000	2101.DSG_RAWD_HMS_18_55_ 0__DMY_13_ 8_15.wav	0.1634	3.8566	3	2	2	2		2
224	Spectrogram 1	1	1072.177075837	1072.304521561	0.000	176.475	2101.DSG_RAWD_HMS_18_55_ 0__DMY_13_ 8_15.wav	0.1274	6.8075	3	2	2	2		2
227	Spectrogram 1	1	1095.502901774	1095.633615337	0.000	146.308	2103.DSG_RAWD_HMS_19_ 5_ 0__DMY_13_ 8_15.wav	0.1307	8.8341	3	3	2	2		2
229	Spectrogram 1	1	1103.561437761	1103.715026198	0.000	211.167	2104.DSG_RAWD_HMS_19_10_ 0__DMY_13_ 8_15.wav	0.1536	6.2430	3	2	2	2		2
231	Spectrogram 1	1	1111.817034627	1111.997987663	0.000	203.664	2105.DSG_RAWD_HMS_19_15_ 0__DMY_13_ 8_15.wav	0.1810	3.8490	3	2	2	2		2
232	Spectrogram 1	1	1114.835075513	1115.041878983	0.000	159.483	2105.DSG_RAWD_HMS_19_15_ 0__DMY_13_ 8_15.wav	0.2068	6.8671	3	2	2	2		2
233	Spectrogram 1	1	1123.061967738	1123.291828756	0.000	238.334	2106.DSG_RAWD_HMS_19_20_ 0__DMY_13_ 8_15.wav	0.2299	4.4444	3	1	2	2		2
235	Spectrogram 1	1	1128.438859503	1128.632737757	0.000	260.776	2106.DSG_RAWD_HMS_19_20_ 0__DMY_13_ 8_15.wav	0.1939	9.8213	3	1	2	2		2
245	Spectrogram 1	1	1158.987586257	1159.194389727	0.000	266.164	2109.DSG_RAWD_HMS_19_35_ 0__DMY_13_ 8_15.wav	0.2068	8.4212	3	2	2	1		2
249	Spectrogram 1	1	1163.899166200	1164.047806194	0.000	175.647	2110.DSG_RAWD_HMS_19_40_ 0__DMY_13_ 8_15.wav	0.1486	2.6832	3	2	2	1		2
252	Spectrogram 1	1	1170.058024439	1170.213127042	0.000	157.328	2110.DSG_RAWD_HMS_19_40_ 0__DMY_13_ 8_15.wav	0.1551	8.8420	3	2	2	1		2
253	Spectrogram 1	1	1170.439318338	1170.575033115	0.000	147.629	2110.DSG_RAWD_HMS_19_40_ 0__DMY_13_ 8_15.wav	0.1357	9.2233	3	2	2	1		2
257	Spectrogram 1	1	1186.666927022	1186.828492233	0.000	156.250	2112.DSG_RAWD_HMS_19_50_ 0__DMY_13_ 8_15.wav	0.1616	4.1517	3	2	2	2		2
258	Spectrogram 1	1	1188.728499118	1188.915914764	0.000	125.000	2112.DSG_RAWD_HMS_19_50_ 0__DMY_13_ 8_15.wav	0.1874	6.2133	3	3	2	2		2
262	Spectrogram 1	1	1207.230894070	1207.431234933	0.000	322.198	2114.DSG_RAWD_HMS_20_ 0_ 0__DMY_13_ 8_15.wav	0.2003	3.4165	3	1	2	2		2
264	Spectrogram 1	1	1209.641446707	1209.990427563	0.000	233.836	2114.DSG_RAWD_HMS_20_ 0_ 0__DMY_13_ 8_15.wav	0.3490	5.8270	3	2	2	2		2
273	Spectrogram 1	1	1225.545907933	1225.726860970	0.000	211.207	2116.DSG_RAWD_HMS_20_10_ 0__DMY_13_ 8_15.wav	0.1810	0.4323	3	3	2	2		2
276	Spectrogram 1	1	1234.684031151	1234.839133754	0.000	289.871	2116.DSG_RAWD_HMS_20_10_ 0__DMY_13_ 8_15.wav	0.1551	9.5704	3	2	2	1		2
281	Spectrogram 1	1	1251.900386516	1252.081339553	0.000	161.638	2118.DSG_RAWD_HMS_20_20_ 0__DMY_13_ 8_15.wav	0.1810	5.4876	3	3	2	2		2
282	Spectrogram 1	1	1253.535423609	1253.903792291	0.000	309.267	2118.DSG_RAWD_HMS_20_20_ 0__DMY_13_ 8_15.wav	0.3684	7.1226	3	1	2	2		2
283	Spectrogram 1	1	1255.170463548	1255.396654844	0.000	412.716	2118.DSG_RAWD_HMS_20_20_ 0__DMY_13_ 8_15.wav	0.2262	8.7577	3	1	2	2		2
284	Spectrogram 1	1	1255.564682663	1255.693934832	0.000	223.060	2118.DSG_RAWD_HMS_20_20_ 0__DMY_13_ 8_15.wav	0.1293	9.1519	3	2	2	2		2
290	Spectrogram 1	1	1270.499738860	1270.636038195	0.000	89.271	2120.DSG_RAWD_HMS_20_30_ 0__DMY_13_ 8_15.wav	0.1363	2.7877	3	1	2	1		2
291	Spectrogram 1	1	1277.317786595	1277.498739632	0.000	223.060	2120.DSG_RAWD_HMS_20_30_ 0__DMY_13_ 8_15.wav	0.1810	9.6058	3	1	2	1		2
292	Spectrogram 1	1	1280.303493117	1280.613698322	0.000	205.819	2121.DSG_RAWD_HMS_20_35_ 0__DMY_13_ 8_15.wav	0.3102	1.9419	3	1	2	2		2
293	Spectrogram 1	1	1281.033767872	1281.208258300	0.000	303.879	2121.DSG_RAWD_HMS_20_35_ 0__DMY_13_ 8_15.wav	0.1745	2.6722	3	1	2	2		2
294	Spectrogram 1	1	1282.319826954	1282.474929557	0.000	216.595	2121.DSG_RAWD_HMS_20_35_ 0__DMY_13_ 8_15.wav	0.1551	3.9582	3	1	2	2		2
298	Spectrogram 1	1	1304.538239112	1304.745042583	0.000	282.328	2123.DSG_RAWD_HMS_20_45_ 0__DMY_13_ 8_15.wav	0.2068	4.8774	3	2	2	1		2
302	Spectrogram 1	1	1311.201188406	1311.524318829	0.000	262.931	2124.DSG_RAWD_HMS_20_50_ 0__DMY_13_ 8_15.wav	0.3231	0.8908	3	1	2	2		2
303	Spectrogram 1	1	1311.672958823	1311.828061426	0.000	140.086	2124.DSG_RAWD_HMS_20_50_ 0__DMY_13_ 8_15.wav	0.1551	1.3626	3	2	2	2		2
304	Spectrogram 1	1	1311.873299685	1312.047790113	0.000	185.345	2124.DSG_RAWD_HMS_20_50_ 0__DMY_13_ 8_15.wav	0.1745	1.5629	3	2	2	2		2
307	Spectrogram 1	1	1315.182149073	1315.382489935	0.000	190.733	2124.DSG_RAWD_HMS_20_50_ 0__DMY_13_ 8_15.wav	0.2003	4.8717	3	2	2	1		2
308	Spectrogram 1	1	1319.544401760	1319.673653929	0.000	199.353	2124.DSG_RAWD_HMS_20_50_ 0__DMY_13_ 8_15.wav	0.1293	9.2340	3	2	2	2		2
316	Spectrogram 1	1	1351.782392364	1351.939248640	0.000	170.242	2127.DSG_RAWD_HMS_21_ 5_ 0__DMY_13_ 8_15.wav	0.1569	9.5232	3	2	2	1		2
317	Spectrogram 1	1	1354.056796173	1354.246330839	0.000	286.299	2128.DSG_RAWD_HMS_21_10_ 0__DMY_13_ 8_15.wav	0.1895	1.1480	3	2	2	2		2
319	Spectrogram 1	1	1364.363507219	1364.500756460	5.208	210.702	2129.DSG_RAWD_HMS_21_15_ 0__DMY_13_ 8_15.wav	0.1372	0.8051	3	2	2	1		2
325	Spectrogram 1	1	1390.917870505	1391.081262459	0.000	258.615	2131.DSG_RAWD_HMS_21_25_ 0__DMY_13_ 8_15.wav	0.1634	6.0603	3	2	2	2		2
359	Spectrogram 1	1	1702.848877030	1702.959983559	0.000	229.983	2160.DSG_RAWD_HMS_23_50_ 0__DMY_13_ 8_15.wav	0.1111	9.1529	3	1	2	1		2
362	Spectrogram 1	1	1720.527840276	1720.704303586	1.065	223.595	2162.DSG_RAWD_HMS_ 0_ 0_ 0__DMY_14_ 8_15.wav	0.1765	5.5326	3	1	2	1		2
365	Spectrogram 1	1	1733.043663283	1733.193983880	0.000	226.789	2163.DSG_RAWD_HMS_ 0_ 5_ 0__DMY_14_ 8_15.wav	0.1503	7.3989	3	2	2	1		2
374	Spectrogram 1	1	1837.980458846	1838.150386478	0.000	165.034	2173.DSG_RAWD_HMS_ 0_55_ 0__DMY_14_ 8_15.wav	0.1699	5.4301	3	2	2	2		2
375	Spectrogram 1	1	1841.294047059	1841.470510369	0.000	196.976	2173.DSG_RAWD_HMS_ 0_55_ 0__DMY_14_ 8_15.wav	0.1765	8.7436	3	2	2	2		2
376	Spectrogram 1	1	1841.986828943	1842.169827931	0.000	187.394	2173.DSG_RAWD_HMS_ 0_55_ 0__DMY_14_ 8_15.wav	0.1830	9.4364	3	3	2	2		2
377	Spectrogram 1	1	1861.639602049	1861.809529681	0.000	182.070	2175.DSG_RAWD_HMS_ 1_ 5_ 0__DMY_14_ 8_15.wav	0.1699	7.7900	3	3	2	2		2
378	Spectrogram 1	1	1863.874803975	1864.083945676	0.000	169.293	2175.DSG_RAWD_HMS_ 1_ 5_ 0__DMY_14_ 8_15.wav	0.2091	10.0252	3	2	2	2		2
379	Spectrogram 1	1	1926.512712476	1926.689175786	0.000	183.135	2181.DSG_RAWD_HMS_ 1_35_ 0__DMY_14_ 8_15.wav	0.1765	8.7655	3	3	2	1		2
380	Spectrogram 1	1	1929.336125435	1929.525660101	0.000	314.097	2182.DSG_RAWD_HMS_ 1_40_ 0__DMY_14_ 8_15.wav	0.1895	0.9393	3	3	2	2		2
381	Spectrogram 1	1	1947.067419032	1947.276560733	0.000	186.329	2183.DSG_RAWD_HMS_ 1_45_ 0__DMY_14_ 8_15.wav	0.2091	8.0210	3	2	2	2		2
384	Spectrogram 1	1	1987.778145305	1987.928465902	18.101	141.610	2187.DSG_RAWD_HMS_ 2_ 5_ 0__DMY_14_ 8_15.wav	0.1503	6.1333	3	3	2	2		2
385	Spectrogram 1	1	2003.437628929	2003.653306308	0.000	216.141	2189.DSG_RAWD_HMS_ 2_15_ 0__DMY_14_ 8_15.wav	0.2157	0.4936	3	2	2	2		2
386	Spectrogram 1	1	2036.338230290	2036.495086565	3.194	185.264	2192.DSG_RAWD_HMS_ 2_30_ 0__DMY_14_ 8_15.wav	0.1569	1.4454	3	2	2	2		2
387	Spectrogram 1	1	2041.998111896	2042.239931987	22.359	183.135	2192.DSG_RAWD_HMS_ 2_30_ 0__DMY_14_ 8_15.wav	0.2418	7.1053	3	2	2	2		2
390	Spectrogram 1	1	2062.931869045	2063.114868033	0.000	188.458	2194.DSG_RAWD_HMS_ 2_40_ 0__DMY_14_ 8_15.wav	0.1830	6.7399	3	2	2	1		2
391	Spectrogram 1	1	2079.048847649	2079.257989350	0.000	177.811	2196.DSG_RAWD_HMS_ 2_50_ 0__DMY_14_ 8_15.wav	0.2091	1.5576	3	2	2	2		2
392	Spectrogram 1	1	2086.231557325	2086.408020635	5.324	167.164	2196.DSG_RAWD_HMS_ 2_50_ 0__DMY_14_ 8_15.wav	0.1765	8.7404	3	2	2	2		2
393	Spectrogram 1	1	2107.760058695	2108.008414465	0.000	196.976	2198.DSG_RAWD_HMS_ 3_ 0_ 0__DMY_14_ 8_15.wav	0.2484	8.9697	3	3	2	2		2
394	Spectrogram 1	1	2113.524526213	2113.740203592	1.065	233.177	2199.DSG_RAWD_HMS_ 3_ 5_ 0__DMY_14_ 8_15.wav	0.2157	4.0845	3	2	2	2		2
395	Spectrogram 1	1	2123.413006642	2123.556791561	0.000	158.646	2200.DSG_RAWD_HMS_ 3_10_ 0__DMY_14_ 8_15.wav	0.1438	3.3234	3	3	2	2		2
396	Spectrogram 1	1	2142.104932362	2142.320609741	10.647	166.099	2202.DSG_RAWD_HMS_ 3_20_ 0__DMY_14_ 8_15.wav	0.2157	0.7161	3	3	2	2		2
398	Spectrogram 1	1	2199.285572479	2199.533928249	0.000	207.624	2207.DSG_RAWD_HMS_ 3_45_ 0__DMY_14_ 8_15.wav	0.2484	4.6488	3	3	2	2		2
399	Spectrogram 1	1	2201.945593485	2202.363876887	4.791	323.147	2207.DSG_RAWD_HMS_ 3_45_ 0__DMY_14_ 8_15.wav	0.4183	7.3088	3	1	2	2		2
400	Spectrogram 1	1	2226.166813629	2226.375955330	5.324	166.099	2209.DSG_RAWD_HMS_ 3_55_ 0__DMY_14_ 8_15.wav	0.2091	10.2308	3	3	2	2		2
401	Spectrogram 1	1	2240.741374681	2240.957052060	0.000	175.681	2211.DSG_RAWD_HMS_ 4_ 5_ 0__DMY_14_ 8_15.wav	0.2157	3.5062	3	3	2	2		2
402	Spectrogram 1	1	2268.269647968	2268.472253990	17.036	226.789	2213.DSG_RAWD_HMS_ 4_15_ 0__DMY_14_ 8_15.wav	0.2026	9.7352	3	2	2	2		2
403	Spectrogram 1	1	2276.132068170	2276.354281227	26.618	167.164	2214.DSG_RAWD_HMS_ 4_20_ 0__DMY_14_ 8_15.wav	0.2222	6.9481	3	2	2	2		2
404	Spectrogram 1	1	2275.674570700	2275.896783757	5.324	182.070	2214.DSG_RAWD_HMS_ 4_20_ 0__DMY_14_ 8_15.wav	0.2222	6.4906	3	3	2	2		2
405	Spectrogram 1	1	2285.301571946	2285.536856360	17.036	231.048	2215.DSG_RAWD_HMS_ 4_25_ 0__DMY_14_ 8_15.wav	0.2353	5.4680	3	2	2	2		2
406	Spectrogram 1	1	2294.013588867	2294.203123533	29.813	232.112	2216.DSG_RAWD_HMS_ 4_30_ 0__DMY_14_ 8_15.wav	0.1895	3.5304	3	2	2	2		2
407	Spectrogram 1	1	2297.006895207	2297.157215805	26.618	167.164	2216.DSG_RAWD_HMS_ 4_30_ 0__DMY_14_ 8_15.wav	0.1503	6.5237	3	2	2	2		2
408	Spectrogram 1	1	2299.954459514	2300.170136893	4.259	248.083	2216.DSG_RAWD_HMS_ 4_30_ 0__DMY_14_ 8_15.wav	0.2157	9.4713	3	2	2	2		2
409	Spectrogram 1	1	2319.770634440	2320.032061565	0.000	215.077	2218.DSG_RAWD_HMS_ 4_40_ 0__DMY_14_ 8_15.wav	0.2614	7.9882	3	2	2	2		2
411	Spectrogram 1	1	2428.498101372	2428.668029004	0.000	228.918	2228.DSG_RAWD_HMS_ 5_30_ 0__DMY_14_ 8_15.wav	0.1699	10.2197	3	2	2	2		2
413	Spectrogram 1	1	2467.921288293	2468.110822959	0.000	211.882	2232.DSG_RAWD_HMS_ 5_50_ 0__DMY_14_ 8_15.wav	0.1895	7.0445	3	2	2	2		2
414	Spectrogram 1	1	2476.260811756	2476.463417778	2.129	162.905	2233.DSG_RAWD_HMS_ 5_55_ 0__DMY_14_ 8_15.wav	0.2026	4.7344	3	2	2	2		2
415	Spectrogram 1	1	2481.358640103	2481.548174769	0.000	174.617	2233.DSG_RAWD_HMS_ 5_55_ 0__DMY_14_ 8_15.wav	0.1895	9.8322	3	2	2	2		2
417	Spectrogram 1	1	2505.998113075	2506.168040707	0.000	153.322	2236.DSG_RAWD_HMS_ 6_10_ 0__DMY_14_ 8_15.wav	0.1699	2.5229	3	3	2	2		2
418	Spectrogram 1	1	2559.884639296	2560.041495572	0.000	192.717	2241.DSG_RAWD_HMS_ 6_35_ 0__DMY_14_ 8_15.wav	0.1569	3.1614	3	2	2	2		2
419	Spectrogram 1	1	2577.158432932	2577.308753530	0.000	145.869	2242.DSG_RAWD_HMS_ 6_40_ 0__DMY_14_ 8_15.wav	0.1503	9.7856	3	2	2	2		2
420	Spectrogram 1	1	2592.268883628	2592.562989144	27.683	195.911	2244.DSG_RAWD_HMS_ 6_50_ 0__DMY_14_ 8_15.wav	0.2941	3.1873	3	2	2	2		1
421	Spectrogram 1	1	2597.634645947	2597.798037901	0.000	171.422	2244.DSG_RAWD_HMS_ 6_50_ 0__DMY_14_ 8_15.wav	0.1634	8.5530	3	2	2	2		2
422	Spectrogram 1	1	2651.586582082	2651.749974035	0.000	201.235	2249.DSG_RAWD_HMS_ 7_15_ 0__DMY_14_ 8_15.wav	0.1634	9.2570	3	3	2	2		2
425	Spectrogram 1	1	1322.993853916	1323.235674008	0.000	275.600	2125.DSG_RAWD_HMS_20_55_ 0__DMY_13_ 8_15.wav	0.2418	2.0339	3	2	2	1		2
206	Spectrogram 1	1	1011.728470685	1013.819887692	0.000	806.958	2096.DSG_RAWD_HMS_18_30_ 0__DMY_13_ 8_15.wav	2.0914	0.0165	4	2	1	2		2
312	Spectrogram 1	1	1330.769937076	1331.538987482	0.000	812.500	2125.DSG_RAWD_HMS_20_55_ 0__DMY_13_ 8_15.wav	0.7691	9.8099	4	1	1	2		2
342	Spectrogram 1	1	1550.803233630	1551.554836617	35.136	767.559	2146.DSG_RAWD_HMS_22_40_ 0__DMY_13_ 8_15.wav	0.7516	6.2016	4	1	2	1		2
344	Spectrogram 1	1	1555.770357695	1558.469592770	28.748	736.797	2147.DSG_RAWD_HMS_22_45_ 0__DMY_13_ 8_15.wav	2.6992	0.5192	4	1	2	1		2
397	Spectrogram 1	1	2151.091489206	2152.019555503	0.000	376.917	2202.DSG_RAWD_HMS_ 3_20_ 0__DMY_14_ 8_15.wav	0.9281	9.7027	4	1	1	2		1
423	Spectrogram 1	1	192.287008609	193.417680929	31.942	737.862	2019.DSG_RAWD_HMS_12_ 5_ 0__DMY_13_ 8_15.wav	1.1307	0.5942	4	2	2	2		2
320	Spectrogram 1	1	1363.703403727	1374.180067940	21.179	220.285	2129.DSG_RAWD_HMS_21_15_ 0__DMY_13_ 8_15.wav	10.4767	0.1450	6	2	1	1		2
327	Spectrogram 1	1	1395.545086467	1406.113270547	37.150	344.859	2132.DSG_RAWD_HMS_21_30_ 0__DMY_13_ 8_15.wav	10.5682	0.0379	6	2	1	1		2
328	Spectrogram 1	1	1406.198197161	1416.759853045	35.021	284.169	2133.DSG_RAWD_HMS_21_35_ 0__DMY_13_ 8_15.wav	10.5617	0.0414	6	2	1	1		2
329	Spectrogram 1	1	1416.838274312	1427.419537232	37.150	280.975	2134.DSG_RAWD_HMS_21_40_ 0__DMY_13_ 8_15.wav	10.5813	0.0319	6	2	1	1		2
330	Spectrogram 1	1	1427.511036003	1438.092298923	48.862	276.716	2135.DSG_RAWD_HMS_21_45_ 0__DMY_13_ 8_15.wav	10.5813	0.0550	6	2	1	1		2
331	Spectrogram 1	1	1438.138020305	1448.732354580	38.215	273.522	2136.DSG_RAWD_HMS_21_50_ 0__DMY_13_ 8_15.wav	10.5943	0.0324	6	2	1	1		2
332	Spectrogram 1	1	1448.791183677	1459.339759295	33.956	284.169	2137.DSG_RAWD_HMS_21_55_ 0__DMY_13_ 8_15.wav	10.5486	0.0360	6	2	1	1		2
333	Spectrogram 1	1	1459.450874126	1470.005994333	30.762	325.694	2138.DSG_RAWD_HMS_22_ 0_ 0__DMY_13_ 8_15.wav	10.5551	0.0461	6	2	1	1		2
334	Spectrogram 1	1	1470.117100234	1480.665684763	32.891	337.406	2139.DSG_RAWD_HMS_22_ 5_ 0__DMY_13_ 8_15.wav	10.5486	0.0627	6	1	1	1		2
335	Spectrogram 1	1	1480.750610204	1491.312266089	32.891	333.147	2140.DSG_RAWD_HMS_22_10_ 0__DMY_13_ 8_15.wav	10.5617	0.0466	6	1	1	1		2
336	Spectrogram 1	1	1491.397217069	1501.952337275	27.568	367.218	2141.DSG_RAWD_HMS_22_15_ 0__DMY_13_ 8_15.wav	10.5551	0.0436	6	1	1	1		2
337	Spectrogram 1	1	1502.063410627	1512.605459478	0.000	411.937	2142.DSG_RAWD_HMS_22_20_ 0__DMY_13_ 8_15.wav	10.5420	0.0602	6	1	1	1		2
338	Spectrogram 1	1	1512.723099885	1523.239006023	31.827	427.908	2143.DSG_RAWD_HMS_22_25_ 0__DMY_13_ 8_15.wav	10.5159	0.0703	6	1	1	1		2
339	Spectrogram 1	1	1523.356646769	1533.872552907	31.827	425.779	2144.DSG_RAWD_HMS_22_30_ 0__DMY_13_ 8_15.wav	10.5159	0.0542	6	1	1	1		2
340	Spectrogram 1	1	1534.003265040	1544.558385246	26.503	424.714	2145.DSG_RAWD_HMS_22_35_ 0__DMY_13_ 8_15.wav	10.5551	0.0513	6	1	1	1		2
341	Spectrogram 1	1	1544.669499690	1555.211548540	38.215	421.520	2146.DSG_RAWD_HMS_22_40_ 0__DMY_13_ 8_15.wav	10.5420	0.0679	6	1	1	1		2
343	Spectrogram 1	1	1555.312850227	1565.867970434	39.395	382.240	2147.DSG_RAWD_HMS_22_45_ 0__DMY_13_ 8_15.wav	10.5551	0.0617	6	1	1	1		2
345	Spectrogram 1	1	1565.946398677	1576.508054562	34.072	396.082	2148.DSG_RAWD_HMS_22_50_ 0__DMY_13_ 8_15.wav	10.5617	0.0456	6	1	1	1		2
346	Spectrogram 1	1	1576.586441749	1587.161168990	34.072	399.276	2149.DSG_RAWD_HMS_22_55_ 0__DMY_13_ 8_15.wav	10.5747	0.0360	6	1	1	1		2
347	Spectrogram 1	1	1587.265707722	1597.814292251	33.007	400.341	2150.DSG_RAWD_HMS_23_ 0_ 0__DMY_13_ 8_15.wav	10.5486	0.0657	6	1	1	1		2
348	Spectrogram 1	1	1597.977682369	1608.421696047	31.942	393.952	2151.DSG_RAWD_HMS_23_ 5_ 0__DMY_13_ 8_15.wav	10.4440	0.1281	6	1	1	1		2
349	Spectrogram 1	1	1608.532801466	1619.114064386	35.136	391.823	2152.DSG_RAWD_HMS_23_10_ 0__DMY_13_ 8_15.wav	10.5813	0.0336	6	1	1	1		2
350	Spectrogram 1	1	1619.198996759	1629.767188322	33.007	392.888	2153.DSG_RAWD_HMS_23_15_ 0__DMY_13_ 8_15.wav	10.5682	0.0502	6	1	1	1		2
351	Spectrogram 1	1	1629.839039644	1640.433373920	35.136	316.227	2154.DSG_RAWD_HMS_23_20_ 0__DMY_13_ 8_15.wav	10.5943	0.0406	6	1	1	1		2
352	Spectrogram 1	1	1640.498691432	1651.060347317	30.877	310.903	2155.DSG_RAWD_HMS_23_25_ 0__DMY_13_ 8_15.wav	10.5617	0.0507	6	2	1	1		2
353	Spectrogram 1	1	1651.125658051	1661.706920971	30.877	289.608	2156.DSG_RAWD_HMS_23_30_ 0__DMY_13_ 8_15.wav	10.5813	0.0281	6	1	1	1		2
354	Spectrogram 1	1	1661.818009309	1672.360058159	31.942	290.673	2157.DSG_RAWD_HMS_23_35_ 0__DMY_13_ 8_15.wav	10.5420	0.0708	6	2	1	1		2
357	Spectrogram 1	1	1683.098091531	1693.659747415	28.748	255.537	2159.DSG_RAWD_HMS_23_45_ 0__DMY_13_ 8_15.wav	10.5617	0.0517	6	2	1	1		2
358	Spectrogram 1	1	1693.770820085	1704.299797579	30.877	258.731	2160.DSG_RAWD_HMS_23_50_ 0__DMY_13_ 8_15.wav	10.5290	0.0748	6	2	1	1		2
360	Spectrogram 1	1	1704.502402467	1714.946416145	34.072	242.760	2161.DSG_RAWD_HMS_23_55_ 0__DMY_13_ 8_15.wav	10.4440	0.1568	6	2	1	1		2
364	Spectrogram 1	1	1725.730239437	1736.193860149	29.813	209.753	2163.DSG_RAWD_HMS_ 0_ 5_ 0__DMY_14_ 8_15.wav	10.4636	0.0854	6	2	1	1		2
367	Spectrogram 1	1	1746.997333726	1757.558977217	27.683	233.177	2165.DSG_RAWD_HMS_ 0_15_ 0__DMY_14_ 8_15.wav	10.5616	0.0533	6	5	1	1		
