Selection	View	Channel	Begin Time (s)	End Time (s)	Low Freq (Hz)	High Freq (Hz)	Begin File	Delta Time (s)	File Offset (s)	call variant	level	call cutoff @ end	calls overlap	Notes	false positive
1	Spectrogram 1	1	1.539283421	1.591024040	64.655	193.966	3501.DSG_RAWD_HMS_15_35_ 0__DMY_18_ 8_15.wav	0.0517	1.5393	3	3	2	2		1
2	Spectrogram 1	1	2.457679411	2.554693072	21.552	170.259	3501.DSG_RAWD_HMS_15_35_ 0__DMY_18_ 8_15.wav	0.0970	2.4577	3	1	2	2		2
3	Spectrogram 1	1	7.470045518	7.580000709	22.629	148.707	3501.DSG_RAWD_HMS_15_35_ 0__DMY_18_ 8_15.wav	0.1100	7.4700	3	2	2	2		2
4	Spectrogram 1	1	30.006250232	30.116199047	25.862	261.853	3503.DSG_RAWD_HMS_15_45_ 0__DMY_18_ 8_15.wav	0.1099	8.7071	3	2	2	2		2
5	Spectrogram 1	1	39.849902932	39.946916593	30.172	185.345	3504.DSG_RAWD_HMS_15_50_ 0__DMY_18_ 8_15.wav	0.0970	7.9011	3	2	2	2		2
6	Spectrogram 1	1	53.431824982	53.541773798	38.793	105.603	3506.DSG_RAWD_HMS_16_ 0_ 0__DMY_18_ 8_15.wav	0.1099	0.1838	3	1	2	2		2
7	Spectrogram 1	1	55.520852481	55.653437818	35.560	243.534	3506.DSG_RAWD_HMS_16_ 0_ 0__DMY_18_ 8_15.wav	0.1326	2.2729	3	1	2	2		2
8	Spectrogram 1	1	66.780910747	66.858521675	49.569	140.086	3507.DSG_RAWD_HMS_16_ 5_ 0__DMY_18_ 8_15.wav	0.0776	2.8833	3	2	2	2		2
9	Spectrogram 1	1	75.072349090	75.153193807	46.336	221.983	3508.DSG_RAWD_HMS_16_10_ 0__DMY_18_ 8_15.wav	0.0808	0.5251	3	2	2	2		2
10	Spectrogram 1	1	77.458885149	79.062844344	57.112	178.879	3508.DSG_RAWD_HMS_16_10_ 0__DMY_18_ 8_15.wav	1.6040	2.9117	1	3	2	2		2
11	Spectrogram 1	1	87.418963090	87.496574018	38.793	161.638	3509.DSG_RAWD_HMS_16_15_ 0__DMY_18_ 8_15.wav	0.0776	2.2222	3	2	2	2		2
12	Spectrogram 1	1	92.748246865	94.378076369	51.724	178.879	3509.DSG_RAWD_HMS_16_15_ 0__DMY_18_ 8_15.wav	1.6298	7.5514	1	3	2	2		1
13	Spectrogram 1	1	95.302939937	95.438765953	18.319	149.784	3509.DSG_RAWD_HMS_16_15_ 0__DMY_18_ 8_15.wav	0.1358	10.1061	3	2	2	2		2
14	Spectrogram 1	1	97.152675534	98.213358228	43.103	157.328	3510.DSG_RAWD_HMS_16_20_ 0__DMY_18_ 8_15.wav	1.0607	1.3063	1	2	2	2		1
15	Spectrogram 1	1	99.099416331	100.567556400	54.957	151.940	3510.DSG_RAWD_HMS_16_20_ 0__DMY_18_ 8_15.wav	1.4681	3.2530	1	3	2	2		1
16	Spectrogram 1	1	101.547394376	101.657343191	23.707	223.060	3510.DSG_RAWD_HMS_16_20_ 0__DMY_18_ 8_15.wav	0.1099	5.7010	3	2	2	2		2
17	Spectrogram 1	1	104.402832824	104.532184372	25.862	108.836	3510.DSG_RAWD_HMS_16_20_ 0__DMY_18_ 8_15.wav	0.1294	8.5564	3	2	2	2		2
18	Spectrogram 1	1	110.146042971	110.268926941	28.017	200.431	3511.DSG_RAWD_HMS_16_25_ 0__DMY_18_ 8_15.wav	0.1229	3.6500	3	2	2	2		2
19	Spectrogram 1	1	112.248005625	112.351486863	30.172	164.871	3511.DSG_RAWD_HMS_16_25_ 0__DMY_18_ 8_15.wav	0.1035	5.7520	3	1	2	2		2
20	Spectrogram 1	1	116.183530428	116.270842723	38.793	183.190	3511.DSG_RAWD_HMS_16_25_ 0__DMY_18_ 8_15.wav	0.0873	9.6875	3	1	2	2		2
21	Spectrogram 1	1	118.385742065	118.508626035	22.629	131.466	3512.DSG_RAWD_HMS_16_30_ 0__DMY_18_ 8_15.wav	0.1229	1.2401	3	3	2	2		2
22	Spectrogram 1	1	131.980594083	132.097010476	28.017	223.060	3513.DSG_RAWD_HMS_16_35_ 0__DMY_18_ 8_15.wav	0.1164	4.1854	3	2	2	2		2
23	Spectrogram 1	1	137.739971687	137.856388080	30.172	198.276	3513.DSG_RAWD_HMS_16_35_ 0__DMY_18_ 8_15.wav	0.1164	9.9448	3	2	2	2		2
24	Spectrogram 1	1	144.902802054	145.284389120	48.491	143.319	3514.DSG_RAWD_HMS_16_40_ 0__DMY_18_ 8_15.wav	0.3816	6.4580	1	3	2	2		1
25	Spectrogram 1	1	146.254525730	149.074389475	42.026	162.716	3514.DSG_RAWD_HMS_16_40_ 0__DMY_18_ 8_15.wav	2.8199	7.8097	1	2	1	2		2
26	Spectrogram 1	1	150.290297696	150.380843779	37.716	207.974	3515.DSG_RAWD_HMS_16_45_ 0__DMY_18_ 8_15.wav	0.0905	1.1959	3	2	2	2		2
27	Spectrogram 1	1	158.090200032	158.219551580	25.862	244.612	3515.DSG_RAWD_HMS_16_45_ 0__DMY_18_ 8_15.wav	0.1294	8.9958	3	1	2	2		2
28	Spectrogram 1	1	159.500131905	159.610080721	23.707	231.681	3515.DSG_RAWD_HMS_16_45_ 0__DMY_18_ 8_15.wav	0.1099	10.4057	3	2	2	2		2
29	Spectrogram 1	1	160.256838949	160.392657586	38.793	279.095	3516.DSG_RAWD_HMS_16_50_ 0__DMY_18_ 8_15.wav	0.1358	0.5128	3	2	2	2		2
30	Spectrogram 1	1	169.822390039	169.880598235	31.250	119.612	3516.DSG_RAWD_HMS_16_50_ 0__DMY_18_ 8_15.wav	0.0582	10.0784	3	3	2	2		1
31	Spectrogram 1	1	175.643218351	175.740232012	22.629	211.207	3517.DSG_RAWD_HMS_16_55_ 0__DMY_18_ 8_15.wav	0.0970	5.2496	3	2	2	2		2
32	Spectrogram 1	1	177.117828815	179.963562870	42.026	199.353	3517.DSG_RAWD_HMS_16_55_ 0__DMY_18_ 8_15.wav	2.8457	6.7242	1	3	2	1		1
33	Spectrogram 1	1	177.868067793	177.978013791	30.172	223.060	3517.DSG_RAWD_HMS_16_55_ 0__DMY_18_ 8_15.wav	0.1099	7.4745	3	2	2	1		2
34	Spectrogram 1	1	180.105849573	181.024245563	44.181	139.009	3517.DSG_RAWD_HMS_16_55_ 0__DMY_18_ 8_15.wav	0.9184	9.7122	1	3	1	2		2
35	Spectrogram 1	1	184.646099534	184.723710463	66.810	162.716	3518.DSG_RAWD_HMS_17_ 0_ 0__DMY_18_ 8_15.wav	0.0776	3.6029	3	3	2	2		1
36	Spectrogram 1	1	220.114338346	220.185481697	22.629	100.216	3521.DSG_RAWD_HMS_17_15_ 0__DMY_18_ 8_15.wav	0.0711	7.1223	3	2	2	2		2
37	Spectrogram 1	1	229.343591380	229.440605041	38.793	208.681	3522.DSG_RAWD_HMS_17_20_ 0__DMY_18_ 8_15.wav	0.0970	5.7020	3	2	2	2		2
38	Spectrogram 1	1	232.674397324	233.812690946	54.957	128.233	3522.DSG_RAWD_HMS_17_20_ 0__DMY_18_ 8_15.wav	1.1383	9.0328	1	3	2	2		2
39	Spectrogram 1	1	242.783236054	242.906120024	24.784	226.419	3523.DSG_RAWD_HMS_17_25_ 0__DMY_18_ 8_15.wav	0.1229	8.0824	3	2	2	2		2
40	Spectrogram 1	1	252.691579079	252.843567148	30.172	117.905	3524.DSG_RAWD_HMS_17_30_ 0__DMY_18_ 8_15.wav	0.1520	7.3412	3	2	2	2		1
41	Spectrogram 1	1	270.652050594	272.443569533	38.793	137.931	3526.DSG_RAWD_HMS_17_40_ 0__DMY_18_ 8_15.wav	1.7915	4.0025	1	3	2	2		1
42	Spectrogram 1	1	277.481811979	281.019576815	37.716	200.431	3527.DSG_RAWD_HMS_17_45_ 0__DMY_18_ 8_15.wav	3.5378	0.1826	1	2	2	2		1
43	Spectrogram 1	1	282.836967482	282.908110833	37.716	183.639	3527.DSG_RAWD_HMS_17_45_ 0__DMY_18_ 8_15.wav	0.0711	5.5378	3	1	2	2		2
44	Spectrogram 1	1	297.324340762	297.414886845	23.707	126.078	3528.DSG_RAWD_HMS_17_50_ 0__DMY_18_ 8_15.wav	0.0905	9.3755	3	2	2	1		2
45	Spectrogram 1	1	297.311405607	298.579050777	35.560	133.621	3528.DSG_RAWD_HMS_17_50_ 0__DMY_18_ 8_15.wav	1.2676	9.3626	1	3	1	1		2
46	Spectrogram 1	1	307.769477517	307.869724967	24.784	339.107	3529.DSG_RAWD_HMS_17_55_ 0__DMY_18_ 8_15.wav	0.1002	9.1711	3	1	2	2		2
47	Spectrogram 1	1	310.350040899	311.559477872	38.793	125.000	3530.DSG_RAWD_HMS_18_ 0_ 0__DMY_18_ 8_15.wav	1.2094	1.1020	1	3	2	2		1
48	Spectrogram 1	1	315.782807214	315.934795283	28.017	181.553	3530.DSG_RAWD_HMS_18_ 0_ 0__DMY_18_ 8_15.wav	0.1520	6.5348	3	2	2	2		2
49	Spectrogram 1	1	316.022107578	316.148225337	28.172	208.681	3530.DSG_RAWD_HMS_18_ 0_ 0__DMY_18_ 8_15.wav	0.1261	6.7741	3	2	2	2		2
50	Spectrogram 1	1	316.423097377	316.507175883	31.250	248.331	3530.DSG_RAWD_HMS_18_ 0_ 0__DMY_18_ 8_15.wav	0.0841	7.1751	3	2	2	2		2
51	Spectrogram 1	1	330.011481300	330.509484759	47.414	118.534	3531.DSG_RAWD_HMS_18_ 5_ 0__DMY_18_ 8_15.wav	0.4980	10.1139	1	3	1	2		1
52	Spectrogram 1	1	340.708863342	340.767071539	37.716	150.862	3532.DSG_RAWD_HMS_18_10_ 0__DMY_18_ 8_15.wav	0.0582	10.1617	3	2	2	2		1
53	Spectrogram 1	1	351.276901313	351.451525903	31.302	171.119	3533.DSG_RAWD_HMS_18_15_ 0__DMY_18_ 8_15.wav	0.1746	10.0801	3	1	2	2		2
54	Spectrogram 1	1	362.517565484	364.367292619	34.483	150.862	3535.DSG_RAWD_HMS_18_25_ 0__DMY_18_ 8_15.wav	1.8497	0.0216	1	2	1	2		1
55	Spectrogram 1	1	368.558290824	368.661772062	33.405	143.990	3535.DSG_RAWD_HMS_18_25_ 0__DMY_18_ 8_15.wav	0.1035	6.0623	3	2	2	2		2
56	Spectrogram 1	1	370.964229615	371.054775699	23.707	239.983	3535.DSG_RAWD_HMS_18_25_ 0__DMY_18_ 8_15.wav	0.0905	8.4682	3	2	2	2		2
57	Spectrogram 1	1	371.488103384	371.559246736	34.483	213.898	3535.DSG_RAWD_HMS_18_25_ 0__DMY_18_ 8_15.wav	0.0711	8.9921	3	2	2	2		2
58	Spectrogram 1	1	379.275084283	379.333292479	46.336	159.483	3536.DSG_RAWD_HMS_18_30_ 0__DMY_18_ 8_15.wav	0.0582	6.1295	3	2	2	2		2
59	Spectrogram 1	1	379.507917069	379.598463152	43.103	141.164	3536.DSG_RAWD_HMS_18_30_ 0__DMY_18_ 8_15.wav	0.0905	6.3623	3	2	2	2		2
60	Spectrogram 1	1	386.816291968	386.926240783	50.647	221.202	3537.DSG_RAWD_HMS_18_35_ 0__DMY_18_ 8_15.wav	0.1099	3.0211	3	2	2	2		2
61	Spectrogram 1	1	390.884404189	391.951554459	25.862	164.871	3537.DSG_RAWD_HMS_18_35_ 0__DMY_18_ 8_15.wav	1.0672	7.0892	1	2	2	2		1
62	Spectrogram 1	1	394.842568399	394.946049638	46.336	126.078	3538.DSG_RAWD_HMS_18_40_ 0__DMY_18_ 8_15.wav	0.1035	0.3978	3	3	2	2		1
63	Spectrogram 1	1	408.081710200	408.139918396	30.172	145.033	3539.DSG_RAWD_HMS_18_45_ 0__DMY_18_ 8_15.wav	0.0582	2.9873	3	2	2	2		 2
64	Spectrogram 1	1	415.771679612	417.395041539	40.948	147.629	3540.DSG_RAWD_HMS_18_50_ 0__DMY_18_ 8_15.wav	1.6234	0.0277	1	3	1	2		1
65	Spectrogram 1	1	421.728318395	421.831799633	36.638	174.569	3540.DSG_RAWD_HMS_18_50_ 0__DMY_18_ 8_15.wav	0.1035	5.9843	3	2	2	2		2
66	Spectrogram 1	1	425.699425207	425.777036136	20.474	118.534	3540.DSG_RAWD_HMS_18_50_ 0__DMY_18_ 8_15.wav	0.0776	9.9554	3	2	2	2		1
67	Spectrogram 1	1	429.864552498	429.968033736	43.103	136.853	3541.DSG_RAWD_HMS_18_55_ 0__DMY_18_ 8_15.wav	0.1035	3.4710	3	2	2	2		2
68	Spectrogram 1	1	437.916698635	439.818166390	36.638	197.198	3542.DSG_RAWD_HMS_19_ 0_ 0__DMY_18_ 8_15.wav	1.9015	0.8735	1	2	2	2		2
69	Spectrogram 1	1	447.081268851	447.158879780	38.793	101.293	3542.DSG_RAWD_HMS_19_ 0_ 0__DMY_18_ 8_15.wav	0.0776	10.0381	3	3	2	2		1
70	Spectrogram 1	1	488.984772727	489.068851233	39.871	176.724	3546.DSG_RAWD_HMS_19_20_ 0__DMY_18_ 8_15.wav	0.0841	9.3432	3	3	2	2		1
71	Spectrogram 1	1	490.459380374	490.543458880	44.181	157.328	3547.DSG_RAWD_HMS_19_25_ 0__DMY_18_ 8_15.wav	0.0841	0.1682	3	2	2	2		2
72	Spectrogram 1	1	494.967290877	498.330431123	40.948	171.336	3547.DSG_RAWD_HMS_19_25_ 0__DMY_18_ 8_15.wav	3.3631	4.6761	1	3	2	2		1
73	Spectrogram 1	1	545.776604768	545.873618429	21.552	355.801	3552.DSG_RAWD_HMS_19_50_ 0__DMY_18_ 8_15.wav	0.0970	2.2374	3	1	2	2		2
74	Spectrogram 1	1	549.747697290	549.873815049	14.009	392.321	3552.DSG_RAWD_HMS_19_50_ 0__DMY_18_ 8_15.wav	0.1261	6.2085	3	1	2	2		2
75	Spectrogram 1	1	581.723384624	581.775125244	32.328	136.853	3555.DSG_RAWD_HMS_20_ 5_ 0__DMY_18_ 8_15.wav	0.0517	6.2354	3	2	2	2		1
76	Spectrogram 1	1	587.634751946	588.714837371	40.948	158.405	3556.DSG_RAWD_HMS_20_10_ 0__DMY_18_ 8_15.wav	1.0801	1.4972	1	3	2	2		2
77	Spectrogram 1	1	594.580931171	594.690879987	43.103	117.457	3556.DSG_RAWD_HMS_20_10_ 0__DMY_18_ 8_15.wav	0.1099	8.4433	3	3	2	2		1
78	Spectrogram 1	1	624.034271585	624.713367212	31.250	148.707	3559.DSG_RAWD_HMS_20_25_ 0__DMY_18_ 8_15.wav	0.6791	5.9479	1	2	2	1		1
79	Spectrogram 1	1	624.551677777	624.655159016	33.405	160.560	3559.DSG_RAWD_HMS_20_25_ 0__DMY_18_ 8_15.wav	0.1035	6.4653	3	2	2	1		2
80	Spectrogram 1	1	634.563482668	635.236110717	50.647	168.103	3560.DSG_RAWD_HMS_20_30_ 0__DMY_18_ 8_15.wav	0.6726	5.0083	1	3	2	2		1
81	Spectrogram 1	1	636.684848054	638.301742403	39.871	195.043	3560.DSG_RAWD_HMS_20_30_ 0__DMY_18_ 8_15.wav	1.6169	7.1296	1	2	2	2		2
82	Spectrogram 1	1	640.604194060	644.743443594	39.871	136.853	3561.DSG_RAWD_HMS_20_35_ 0__DMY_18_ 8_15.wav	4.1392	0.3994	1	3	2	2		2
83	Spectrogram 1	1	649.936900104	650.020978610	57.112	146.552	3561.DSG_RAWD_HMS_20_35_ 0__DMY_18_ 8_15.wav	0.0841	9.7321	3	3	2	2		1
84	Spectrogram 1	1	656.837803230	656.915414158	34.483	143.319	3562.DSG_RAWD_HMS_20_40_ 0__DMY_18_ 8_15.wav	0.0776	5.9834	3	2	2	2		2
85	Spectrogram 1	1	660.058653121	660.149199204	19.397	148.164	3562.DSG_RAWD_HMS_20_40_ 0__DMY_18_ 8_15.wav	0.0905	9.2043	3	1	2	2		2
86	Spectrogram 1	1	675.930094443	677.514650905	42.026	195.043	3564.DSG_RAWD_HMS_20_50_ 0__DMY_18_ 8_15.wav	1.5846	3.7765	1	3	2	2		1
87	Spectrogram 1	1	695.041813427	695.145294665	39.871	187.500	3566.DSG_RAWD_HMS_21_ 0_ 0__DMY_18_ 8_15.wav	0.1035	1.5890	3	1	2	1		2
88	Spectrogram 1	1	694.233366252	695.688571167	36.638	118.534	3566.DSG_RAWD_HMS_21_ 0_ 0__DMY_18_ 8_15.wav	1.4552	0.7806	1	3	2	1		1
89	Spectrogram 1	1	705.247667668	705.875022675	57.112	142.241	3567.DSG_RAWD_HMS_21_ 5_ 0__DMY_18_ 8_15.wav	0.6274	1.1453	1	3	2	2		1
90	Spectrogram 1	1	715.168945887	715.253024393	37.716	273.372	3568.DSG_RAWD_HMS_21_10_ 0__DMY_18_ 8_15.wav	0.0841	0.4169	3	2	2	2		2
91	Spectrogram 1	1	717.219167921	717.293545062	30.172	138.773	3568.DSG_RAWD_HMS_21_10_ 0__DMY_18_ 8_15.wav	0.0744	2.4672	3	1	2	2		2
92	Spectrogram 1	1	734.038130277	734.125442572	23.707	235.810	3569.DSG_RAWD_HMS_21_15_ 0__DMY_18_ 8_15.wav	0.0873	8.6365	3	2	2	2		2
93	Spectrogram 1	1	737.740824979	737.799033176	40.948	184.683	3570.DSG_RAWD_HMS_21_20_ 0__DMY_18_ 8_15.wav	0.0582	1.6896	3	2	2	2		2
94	Spectrogram 1	1	752.564536085	756.192847005	46.336	158.405	3571.DSG_RAWD_HMS_21_25_ 0__DMY_18_ 8_15.wav	3.6283	5.8637	1	3	2	1		1
95	Spectrogram 1	1	755.681908390	755.814493727	16.694	155.172	3571.DSG_RAWD_HMS_21_25_ 0__DMY_18_ 8_15.wav	0.1326	8.9811	3	1	2	1		2
96	Spectrogram 1	1	757.363485155	758.547051819	39.871	140.086	3572.DSG_RAWD_HMS_21_30_ 0__DMY_18_ 8_15.wav	1.1836	0.0131	1	3	1	2		1
97	Spectrogram 1	1	759.446045077	761.412188606	35.560	128.233	3572.DSG_RAWD_HMS_21_30_ 0__DMY_18_ 8_15.wav	1.9661	2.0956	1	2	2	2		1
98	Spectrogram 1	1	782.852240446	782.916916220	44.181	143.319	3574.DSG_RAWD_HMS_21_40_ 0__DMY_18_ 8_15.wav	0.0647	4.2026	3	2	2	2		1
99	Spectrogram 1	1	783.233827513	783.343776328	45.259	132.543	3574.DSG_RAWD_HMS_21_40_ 0__DMY_18_ 8_15.wav	0.1099	4.5842	3	2	2	2		1
100	Spectrogram 1	1	783.796506746	783.893520407	38.793	112.069	3574.DSG_RAWD_HMS_21_40_ 0__DMY_18_ 8_15.wav	0.0970	5.1469	3	2	2	2		1
101	Spectrogram 1	1	784.786046088	784.863657017	48.491	121.767	3574.DSG_RAWD_HMS_21_40_ 0__DMY_18_ 8_15.wav	0.0776	6.1364	3	2	2	2		1
102	Spectrogram 1	1	785.355202560	785.452216221	38.793	140.086	3574.DSG_RAWD_HMS_21_40_ 0__DMY_18_ 8_15.wav	0.0970	6.7056	3	2	2	2		1
103	Spectrogram 1	1	786.312404015	786.383547366	57.112	121.767	3574.DSG_RAWD_HMS_21_40_ 0__DMY_18_ 8_15.wav	0.0711	7.6628	3	2	2	2		1
104	Spectrogram 1	1	787.127318767	787.211397273	47.414	120.690	3574.DSG_RAWD_HMS_21_40_ 0__DMY_18_ 8_15.wav	0.0841	8.4777	3	2	2	2		1
105	Spectrogram 1	1	788.188006291	788.259149642	48.491	126.078	3574.DSG_RAWD_HMS_21_40_ 0__DMY_18_ 8_15.wav	0.0711	9.5384	3	2	2	2		1
106	Spectrogram 1	1	788.808893721	788.912374959	61.422	118.534	3574.DSG_RAWD_HMS_21_40_ 0__DMY_18_ 8_15.wav	0.1035	10.1593	3	2	2	2		1
107	Spectrogram 1	1	789.319832335	790.277033790	42.026	191.810	3575.DSG_RAWD_HMS_21_45_ 0__DMY_18_ 8_15.wav	0.9572	0.0206	1	3	1	2		1
108	Spectrogram 1	1	799.965482443	801.039100291	50.647	172.414	3576.DSG_RAWD_HMS_21_50_ 0__DMY_18_ 8_15.wav	1.0736	0.0167	1	3	1	2		1
109	Spectrogram 1	1	815.114824563	816.977486853	25.862	169.181	3577.DSG_RAWD_HMS_21_55_ 0__DMY_18_ 8_15.wav	1.8627	4.5164	1	2	2	2		2
110	Spectrogram 1	1	826.083854748	827.907711574	58.190	191.810	3578.DSG_RAWD_HMS_22_ 0_ 0__DMY_18_ 8_15.wav	1.8239	4.8359	1	3	2	2		1
111	Spectrogram 1	1	832.344482550	832.441496211	47.414	182.596	3579.DSG_RAWD_HMS_22_ 5_ 0__DMY_18_ 8_15.wav	0.0970	0.4469	3	2	2	2		2
112	Spectrogram 1	1	833.198202766	835.106138098	43.103	176.724	3579.DSG_RAWD_HMS_22_ 5_ 0__DMY_18_ 8_15.wav	1.9079	1.3006	1	2	2	2		1
113	Spectrogram 1	1	839.154851172	842.511523841	36.638	179.957	3579.DSG_RAWD_HMS_22_ 5_ 0__DMY_18_ 8_15.wav	3.3567	7.2573	1	2	1	2		2
114	Spectrogram 1	1	844.923936248	848.662195984	31.250	167.026	3580.DSG_RAWD_HMS_22_10_ 0__DMY_18_ 8_15.wav	3.7383	2.3767	1	2	2	2		2
115	Spectrogram 1	1	853.280062548	861.157571818	37.716	171.336	3581.DSG_RAWD_HMS_22_15_ 0__DMY_18_ 8_15.wav	7.8775	0.0833	1	2	2	1		2
116	Spectrogram 1	1	860.594897779	863.822224737	24.784	161.638	3581.DSG_RAWD_HMS_22_15_ 0__DMY_18_ 8_15.wav	3.2273	7.3981	2	2	1	1		2
117	Spectrogram 1	1	865.794841279	868.854005388	25.862	172.414	3582.DSG_RAWD_HMS_22_20_ 0__DMY_18_ 8_15.wav	3.0592	1.9484	2	2	2	2		2
118	Spectrogram 1	1	871.311695265	872.243026410	45.259	161.638	3582.DSG_RAWD_HMS_22_20_ 0__DMY_18_ 8_15.wav	0.9313	7.4653	1	2	2	2		2
119	Spectrogram 1	1	878.697680930	884.570241207	34.483	160.560	3583.DSG_RAWD_HMS_22_25_ 0__DMY_18_ 8_15.wav	5.8726	4.2017	1	2	2	2		2
120	Spectrogram 1	1	885.178202702	886.542861533	40.948	135.776	3584.DSG_RAWD_HMS_22_30_ 0__DMY_18_ 8_15.wav	1.3647	0.0326	1	2	1	2		1
121	Spectrogram 1	1	888.838851509	891.969158969	34.483	173.491	3584.DSG_RAWD_HMS_22_30_ 0__DMY_18_ 8_15.wav	3.1303	3.6933	2	2	2	2		2
122	Spectrogram 1	1	895.819530388	906.392925624	44.181	144.397	3585.DSG_RAWD_HMS_22_35_ 0__DMY_18_ 8_15.wav	10.5734	0.0243	1	2	1	2		2
123	Spectrogram 1	1	907.938776491	911.580022566	40.948	154.095	3586.DSG_RAWD_HMS_22_40_ 0__DMY_18_ 8_15.wav	3.6412	1.4940	1	3	2	2		2
124	Spectrogram 1	1	918.767075533	921.289534659	42.026	164.871	3587.DSG_RAWD_HMS_22_45_ 0__DMY_18_ 8_15.wav	2.5225	1.6727	1	3	2	2		2
125	Spectrogram 1	1	921.474450092	921.561342181	29.095	227.462	3587.DSG_RAWD_HMS_22_45_ 0__DMY_18_ 8_15.wav	0.0869	4.3801	3	2	2	2		2
126	Spectrogram 1	1	927.780981659	930.912346980	38.793	151.940	3588.DSG_RAWD_HMS_22_50_ 0__DMY_18_ 8_15.wav	3.1314	0.0370	1	2	1	2		2
127	Spectrogram 1	1	937.878753939	938.372666865	49.569	148.707	3588.DSG_RAWD_HMS_22_50_ 0__DMY_18_ 8_15.wav	0.4939	10.1348	1	3	1	2		1
128	Spectrogram 1	1	938.404679740	939.378785789	42.026	171.336	3589.DSG_RAWD_HMS_22_55_ 0__DMY_18_ 8_15.wav	0.9741	0.0111	1	3	1	2		1
129	Spectrogram 1	1	939.552569459	943.769231948	35.560	203.664	3589.DSG_RAWD_HMS_22_55_ 0__DMY_18_ 8_15.wav	4.2167	1.1590	1	2	2	2		2
130	Spectrogram 1	1	944.724935380	945.978010767	39.871	189.655	3589.DSG_RAWD_HMS_22_55_ 0__DMY_18_ 8_15.wav	1.2531	6.3313	1	3	2	2		1
131	Spectrogram 1	1	947.139618525	949.023804873	43.103	181.034	3589.DSG_RAWD_HMS_22_55_ 0__DMY_18_ 8_15.wav	1.8842	8.7460	1	2	1	2		2
132	Spectrogram 1	1	950.542128779	954.461419314	38.793	159.483	3590.DSG_RAWD_HMS_23_ 0_ 0__DMY_18_ 8_15.wav	3.9193	1.4989	1	3	2	2		1
133	Spectrogram 1	1	959.709240677	964.730688760	45.259	145.474	3591.DSG_RAWD_HMS_23_ 5_ 0__DMY_18_ 8_15.wav	5.0214	0.0164	1	3	1	2		2
134	Spectrogram 1	1	969.710974626	969.788260543	47.414	213.898	3591.DSG_RAWD_HMS_23_ 5_ 0__DMY_18_ 8_15.wav	0.0773	10.0182	3	2	2	2		2
135	Spectrogram 1	1	973.402668128	976.752873219	37.716	168.103	3592.DSG_RAWD_HMS_23_10_ 0__DMY_18_ 8_15.wav	3.3502	3.0603	1	3	2	2		2
136	Spectrogram 1	1	977.732484137	979.886493287	39.871	173.491	3592.DSG_RAWD_HMS_23_10_ 0__DMY_18_ 8_15.wav	2.1540	7.3901	1	2	2	1		2
137	Spectrogram 1	1	978.441340651	978.622003087	12.931	426.753	3592.DSG_RAWD_HMS_23_10_ 0__DMY_18_ 8_15.wav	0.1807	8.0989	3	1	2	1		2
138	Spectrogram 1	1	984.658419514	990.039145957	36.638	209.052	3593.DSG_RAWD_HMS_23_15_ 0__DMY_18_ 8_15.wav	5.3807	3.6664	1	2	2	2		2
139	Spectrogram 1	1	993.601718794	994.873087252	39.871	144.397	3594.DSG_RAWD_HMS_23_20_ 0__DMY_18_ 8_15.wav	1.2714	1.9601	1	2	2	1		2
140	Spectrogram 1	1	994.118498059	994.205390148	25.862	246.244	3594.DSG_RAWD_HMS_23_20_ 0__DMY_18_ 8_15.wav	0.0869	2.4769	3	1	2	1		2
141	Spectrogram 1	1	1002.643066684	1002.744720925	36.638	258.765	3595.DSG_RAWD_HMS_23_25_ 0__DMY_18_ 8_15.wav	0.1017	0.3519	3	1	2	2		2
142	Spectrogram 1	1	1005.592823502	1011.149343922	34.483	198.276	3595.DSG_RAWD_HMS_23_25_ 0__DMY_18_ 8_15.wav	5.5565	3.3016	1	2	2	1		2
143	Spectrogram 1	1	1005.577090276	1005.665995788	17.738	197.204	3595.DSG_RAWD_HMS_23_25_ 0__DMY_18_ 8_15.wav	0.0889	3.2859	3	1	2	1		2
144	Spectrogram 1	1	1011.743867164	1012.923770265	47.414	172.414	3595.DSG_RAWD_HMS_23_25_ 0__DMY_18_ 8_15.wav	1.1799	9.4527	1	2	1	2		2
145	Spectrogram 1	1	1018.859869696	1018.923895446	42.026	205.551	3596.DSG_RAWD_HMS_23_30_ 0__DMY_18_ 8_15.wav	0.0640	5.9191	3	1	2	2		2
146	Spectrogram 1	1	1027.434740560	1028.477445627	51.724	182.112	3597.DSG_RAWD_HMS_23_35_ 0__DMY_18_ 8_15.wav	1.0427	3.8443	1	3	2	2		2
147	Spectrogram 1	1	1033.082724760	1033.194833782	23.998	226.419	3597.DSG_RAWD_HMS_23_35_ 0__DMY_18_ 8_15.wav	0.1121	9.4923	3	1	2	2		2
148	Spectrogram 1	1	1043.843594682	1043.898473896	33.405	142.241	3598.DSG_RAWD_HMS_23_40_ 0__DMY_18_ 8_15.wav	0.0549	9.6036	3	2	2	2		1
149	Spectrogram 1	1	1054.782824701	1055.514547554	45.259	148.707	3599.DSG_RAWD_HMS_23_45_ 0__DMY_18_ 8_15.wav	0.7317	9.8932	1	3	1	2		1
150	Spectrogram 1	1	1055.560280233	1055.994740677	48.491	135.776	3600.DSG_RAWD_HMS_23_50_ 0__DMY_18_ 8_15.wav	0.4345	0.0211	1	3	1	2		1
151	Spectrogram 1	1	1074.635346894	1076.156327676	39.871	195.043	3601.DSG_RAWD_HMS_23_55_ 0__DMY_18_ 8_15.wav	1.5210	8.4465	1	2	2	2		2
152	Spectrogram 1	1	1096.604618155	1096.719599875	20.868	171.119	3603.DSG_RAWD_HMS_ 0_ 5_ 0__DMY_19_ 8_15.wav	0.1150	9.1166	3	2	2	2		2
153	Spectrogram 1	1	1131.275149174	1133.447451396	44.181	141.164	3607.DSG_RAWD_HMS_ 0_25_ 0__DMY_19_ 8_15.wav	2.1723	1.1887	1	3	2	2		1
154	Spectrogram 1	1	1163.297102752	1164.650790031	44.181	190.733	3610.DSG_RAWD_HMS_ 0_40_ 0__DMY_19_ 8_15.wav	1.3537	1.2619	1	3	2	2		1
155	Spectrogram 1	1	1167.477049653	1167.568515009	26.940	133.621	3610.DSG_RAWD_HMS_ 0_40_ 0__DMY_19_ 8_15.wav	0.0915	5.4418	3	3	2	2		2
156	Spectrogram 1	1	1220.096959475	1220.183851564	31.250	146.552	3615.DSG_RAWD_HMS_ 1_ 5_ 0__DMY_19_ 8_15.wav	0.0869	4.8138	3	2	2	2		2
157	Spectrogram 1	1	1267.023161160	1267.184917907	32.328	165.902	3619.DSG_RAWD_HMS_ 1_25_ 0__DMY_19_ 8_15.wav	0.1618	9.1416	3	3	2	2		2
158	Spectrogram 1	1	1283.098164133	1284.840579179	34.483	141.164	3621.DSG_RAWD_HMS_ 1_35_ 0__DMY_19_ 8_15.wav	1.7424	3.9174	1	3	2	2		1
159	Spectrogram 1	1	1302.423715379	1302.525369620	37.716	170.075	3623.DSG_RAWD_HMS_ 1_45_ 0__DMY_19_ 8_15.wav	0.1017	1.9437	3	2	2	2		2
160	Spectrogram 1	1	1303.257092474	1304.839443145	50.647	142.241	3623.DSG_RAWD_HMS_ 1_45_ 0__DMY_19_ 8_15.wav	1.5824	2.7771	1	3	2	1		1
161	Spectrogram 1	1	1303.408010312	1303.476609330	46.336	128.339	3623.DSG_RAWD_HMS_ 1_45_ 0__DMY_19_ 8_15.wav	0.0686	2.9280	3	2	2	1		1
162	Spectrogram 1	1	1318.727367624	1318.889057059	33.405	152.337	3624.DSG_RAWD_HMS_ 1_50_ 0__DMY_19_ 8_15.wav	0.1617	7.5978	3	3	2	2		2
163	Spectrogram 1	1	1319.556171451	1320.498264626	45.259	171.336	3624.DSG_RAWD_HMS_ 1_50_ 0__DMY_19_ 8_15.wav	0.9421	8.4266	1	3	2	2		2
164	Spectrogram 1	1	1352.649923151	1352.824547740	29.095	169.032	3627.DSG_RAWD_HMS_ 2_ 5_ 0__DMY_19_ 8_15.wav	0.1746	9.5715	3	2	2	2		2
165	Spectrogram 1	1	1375.043572687	1375.130464776	25.862	131.466	3630.DSG_RAWD_HMS_ 2_20_ 0__DMY_19_ 8_15.wav	0.0869	0.0164	3	3	1	2		2
166	Spectrogram 1	1	1396.451033062	1396.515058812	40.948	122.845	3632.DSG_RAWD_HMS_ 2_30_ 0__DMY_19_ 8_15.wav	0.0640	0.1246	3	2	2	2		2
167	Spectrogram 1	1	1401.943527732	1402.074840902	40.948	218.072	3632.DSG_RAWD_HMS_ 2_30_ 0__DMY_19_ 8_15.wav	0.1313	5.6171	3	2	2	2		2
168	Spectrogram 1	1	1418.824304750	1418.919491414	42.026	266.068	3634.DSG_RAWD_HMS_ 2_40_ 0__DMY_19_ 8_15.wav	0.0952	0.7891	3	1	2	2		2
169	Spectrogram 1	1	1419.646641000	1420.840263905	44.181	129.310	3634.DSG_RAWD_HMS_ 2_40_ 0__DMY_19_ 8_15.wav	1.1936	1.6114	1	3	2	2		1
170	Spectrogram 1	1	1430.178873537	1430.286603031	38.793	231.636	3635.DSG_RAWD_HMS_ 2_45_ 0__DMY_19_ 8_15.wav	0.1077	1.4941	3	1	2	2		2
171	Spectrogram 1	1	1486.123643274	1486.248881191	35.560	134.698	3640.DSG_RAWD_HMS_ 3_10_ 0__DMY_19_ 8_15.wav	0.1252	4.1908	3	2	2	2		2
172	Spectrogram 1	1	1515.575479766	1515.657798587	36.638	140.860	3643.DSG_RAWD_HMS_ 3_25_ 0__DMY_19_ 8_15.wav	0.0823	1.6939	3	2	2	2		2
173	Spectrogram 1	1	1523.194540852	1524.433896435	32.328	127.155	3643.DSG_RAWD_HMS_ 3_25_ 0__DMY_19_ 8_15.wav	1.2394	9.3129	2	2	1	2		1
174	Spectrogram 1	1	1579.255928357	1579.306234304	33.405	100.216	3649.DSG_RAWD_HMS_ 3_55_ 0__DMY_19_ 8_15.wav	0.0503	1.4767	3	2	2	2		1
175	Spectrogram 1	1	1608.485961119	1608.536267065	32.328	108.836	3651.DSG_RAWD_HMS_ 4_ 5_ 0__DMY_19_ 8_15.wav	0.0503	9.4076	3	2	2	2		1
176	Spectrogram 1	1	1612.812271208	1612.894590029	31.250	115.302	3652.DSG_RAWD_HMS_ 4_10_ 0__DMY_19_ 8_15.wav	0.0823	3.0843	3	3	2	2		1
177	Spectrogram 1	1	1638.436283939	1639.895156378	38.793	123.922	3654.DSG_RAWD_HMS_ 4_20_ 0__DMY_19_ 8_15.wav	1.4589	7.4091	1	2	2	2		2
178	Spectrogram 1	1	1653.329978435	1653.439927251	38.793	165.902	3656.DSG_RAWD_HMS_ 4_30_ 0__DMY_19_ 8_15.wav	0.1099	1.0036	3	1	2	2		2
179	Spectrogram 1	1	1661.819395189	1661.855981332	32.328	146.552	3656.DSG_RAWD_HMS_ 4_30_ 0__DMY_19_ 8_15.wav	0.0366	9.4930	3	2	2	2		1
180	Spectrogram 1	1	1798.163433831	1798.286317801	30.259	154.424	3669.DSG_RAWD_HMS_ 5_35_ 0__DMY_19_ 8_15.wav	0.1229	6.5730	3	2	2	2		2
181	Spectrogram 1	1	1805.762957934	1805.879441640	36.638	229.549	3670.DSG_RAWD_HMS_ 5_40_ 0__DMY_19_ 8_15.wav	0.1165	3.5230	3	2	2	2		2
182	Spectrogram 1	1	1814.281519127	1814.423805830	30.172	239.983	3671.DSG_RAWD_HMS_ 5_45_ 0__DMY_19_ 8_15.wav	0.1423	1.3919	3	2	2	2		2
183	Spectrogram 1	1	1817.301309368	1817.369908385	42.026	121.767	3671.DSG_RAWD_HMS_ 5_45_ 0__DMY_19_ 8_15.wav	0.0686	4.4117	3	3	2	2		1
184	Spectrogram 1	1	1828.793928177	1828.839660855	21.552	128.233	3672.DSG_RAWD_HMS_ 5_50_ 0__DMY_19_ 8_15.wav	0.0457	5.2547	3	2	2	2		2
185	Spectrogram 1	1	1853.558166234	1853.649631590	23.707	284.850	3674.DSG_RAWD_HMS_ 6_ 0_ 0__DMY_19_ 8_15.wav	0.0915	8.7198	3	1	2	2		2
186	Spectrogram 1	1	1883.051163152	1883.183260971	38.793	178.422	3677.DSG_RAWD_HMS_ 6_15_ 0__DMY_19_ 8_15.wav	0.1321	6.2640	3	2	2	2		2
187	Spectrogram 1	1	1899.121620284	1900.658238276	44.181	147.629	3679.DSG_RAWD_HMS_ 6_25_ 0__DMY_19_ 8_15.wav	1.5366	1.0352	1	3	2	2		2
188	Spectrogram 1	1	1913.591435518	1913.664607803	39.871	128.233	3680.DSG_RAWD_HMS_ 6_30_ 0__DMY_19_ 8_15.wav	0.0732	4.8554	3	3	2	2		1
189	Spectrogram 1	1	1917.478712188	1917.556457742	31.250	119.612	3680.DSG_RAWD_HMS_ 6_30_ 0__DMY_19_ 8_15.wav	0.0777	8.7427	3	2	2	2		1
190	Spectrogram 1	1	1920.529080765	1920.602253051	39.871	119.612	3681.DSG_RAWD_HMS_ 6_35_ 0__DMY_19_ 8_15.wav	0.0732	1.1435	3	3	2	2		1
191	Spectrogram 1	1	1938.698668662	1938.771840947	43.103	136.853	3682.DSG_RAWD_HMS_ 6_40_ 0__DMY_19_ 8_15.wav	0.0732	8.6635	3	2	2	2		1
192	Spectrogram 1	1	1942.005138674	1943.971643844	75.431	193.966	3683.DSG_RAWD_HMS_ 6_45_ 0__DMY_19_ 8_15.wav	1.9665	1.3203	1	3	2	2		1
193	Spectrogram 1	1	1952.813011860	1952.916493099	35.476	135.776	3684.DSG_RAWD_HMS_ 6_50_ 0__DMY_19_ 8_15.wav	0.1035	1.4786	3	2	2	2		2
194	Spectrogram 1	1	1955.802684740	1955.930384166	31.250	210.768	3684.DSG_RAWD_HMS_ 6_50_ 0__DMY_19_ 8_15.wav	0.1277	4.4683	3	2	2	2		2
195	Spectrogram 1	1	2008.880014445	2008.998784784	36.638	140.086	3689.DSG_RAWD_HMS_ 7_15_ 0__DMY_19_ 8_15.wav	0.1188	4.2976	3	3	2	2		2
196	Spectrogram 1	1	2029.253917625	2029.391698372	26.940	159.483	3691.DSG_RAWD_HMS_ 7_25_ 0__DMY_19_ 8_15.wav	0.1378	3.3723	3	2	2	2		1
197	Spectrogram 1	1	2064.746941059	2064.792673737	37.716	125.000	3694.DSG_RAWD_HMS_ 7_40_ 0__DMY_19_ 8_15.wav	0.0457	6.9165	3	2	2	2		1
198	Spectrogram 1	1	2098.730752388	2098.794778138	34.483	131.466	3697.DSG_RAWD_HMS_ 7_55_ 0__DMY_19_ 8_15.wav	0.0640	8.9516	3	2	2	2		2
199	Spectrogram 1	1	2146.287931569	2146.391872444	22.955	140.860	3702.DSG_RAWD_HMS_ 8_20_ 0__DMY_19_ 8_15.wav	0.1039	3.2607	3	3	2	2		2
200	Spectrogram 1	1	2154.354495773	2154.470912166	34.432	145.033	3703.DSG_RAWD_HMS_ 8_25_ 0__DMY_19_ 8_15.wav	0.1164	0.6777	3	2	2	2		2
201	Spectrogram 1	1	2160.867437935	2160.954330024	37.716	128.233	3703.DSG_RAWD_HMS_ 8_25_ 0__DMY_19_ 8_15.wav	0.0869	7.1906	3	3	2	2		1
202	Spectrogram 1	1	2168.943811147	2169.112427796	33.405	155.172	3704.DSG_RAWD_HMS_ 8_30_ 0__DMY_19_ 8_15.wav	0.1686	4.6174	3	2	2	2		2
203	Spectrogram 1	1	2238.822763665	2238.952115213	32.328	227.462	3710.DSG_RAWD_HMS_ 9_ 0_ 0__DMY_19_ 8_15.wav	0.1294	10.1892	3	1	2	2		2
204	Spectrogram 1	1	2246.213371438	2247.315528987	25.862	143.319	3711.DSG_RAWD_HMS_ 9_ 5_ 0__DMY_19_ 8_15.wav	1.1022	6.9302	1	3	2	2		1
205	Spectrogram 1	1	2250.009183742	2250.134058036	37.716	147.629	3712.DSG_RAWD_HMS_ 9_10_ 0__DMY_19_ 8_15.wav	0.1249	0.0764	3	2	1	2		2
206	Spectrogram 1	1	2253.416234969	2255.259261906	43.103	131.466	3712.DSG_RAWD_HMS_ 9_10_ 0__DMY_19_ 8_15.wav	1.8430	3.4834	1	3	2	2		1
207	Spectrogram 1	1	2258.744081478	2258.852117461	45.259	245.200	3712.DSG_RAWD_HMS_ 9_10_ 0__DMY_19_ 8_15.wav	0.1080	8.8113	3	2	2	2		2
208	Spectrogram 1	1	2261.305099461	2262.805131311	38.793	182.112	3713.DSG_RAWD_HMS_ 9_15_ 0__DMY_19_ 8_15.wav	1.5000	0.7227	1	3	2	2		1
209	Spectrogram 1	1	2313.366933580	2313.453825669	32.328	145.474	3717.DSG_RAWD_HMS_ 9_35_ 0__DMY_19_ 8_15.wav	0.0869	10.1861	3	2	2	2		2
210	Spectrogram 1	1	2330.767469731	2330.870950969	34.483	215.985	3719.DSG_RAWD_HMS_ 9_45_ 0__DMY_19_ 8_15.wav	0.1035	6.2875	3	2	2	2		2
211	Spectrogram 1	1	2340.804117036	2340.922495051	41.487	135.237	3720.DSG_RAWD_HMS_ 9_50_ 0__DMY_19_ 8_15.wav	0.1184	5.6745	3	2	2	2		1
212	Spectrogram 1	1	2356.456049303	2359.378367449	38.793	134.698	3722.DSG_RAWD_HMS_10_ 0_ 0__DMY_19_ 8_15.wav	2.9223	0.0272	1	3	1	2		1
213	Spectrogram 1	1	2359.744213057	2361.893648940	45.259	126.078	3722.DSG_RAWD_HMS_10_ 0_ 0__DMY_19_ 8_15.wav	2.1494	3.3154	1	3	2	2		1
214	Spectrogram 1	1	2362.684809701	2365.383037724	36.638	136.853	3722.DSG_RAWD_HMS_10_ 0_ 0__DMY_19_ 8_15.wav	2.6982	6.2560	1	3	2	1		1
215	Spectrogram 1	1	2363.302200859	2363.343360269	39.871	174.249	3722.DSG_RAWD_HMS_10_ 0_ 0__DMY_19_ 8_15.wav	0.0412	6.8734	3	2	2	1		1
216	Spectrogram 1	1	2367.319777218	2367.969768746	39.871	133.621	3723.DSG_RAWD_HMS_10_ 5_ 0__DMY_19_ 8_15.wav	0.6500	0.2414	1	3	2	2		1
217	Spectrogram 1	1	2368.283446250	2368.558318290	38.793	127.155	3723.DSG_RAWD_HMS_10_ 5_ 0__DMY_19_ 8_15.wav	0.2749	1.2050	1	3	2	2		1
218	Spectrogram 1	1	2373.567487099	2374.618468427	39.871	123.922	3723.DSG_RAWD_HMS_10_ 5_ 0__DMY_19_ 8_15.wav	1.0510	6.4891	1	3	2	2		1
219	Spectrogram 1	1	2385.141266589	2385.231812672	34.483	170.259	3724.DSG_RAWD_HMS_10_10_ 0__DMY_19_ 8_15.wav	0.0905	7.4133	3	3	2	2		2
220	Spectrogram 1	1	2393.594432805	2393.888707576	59.267	145.474	3725.DSG_RAWD_HMS_10_15_ 0__DMY_19_ 8_15.wav	0.2943	5.2168	1	3	2	2		1
221	Spectrogram 1	1	2394.548400471	2396.213801650	59.267	145.474	3725.DSG_RAWD_HMS_10_15_ 0__DMY_19_ 8_15.wav	1.6654	6.1708	1	3	2	2		2
222	Spectrogram 1	1	2405.963729194	2406.044573912	91.595	238.147	3726.DSG_RAWD_HMS_10_20_ 0__DMY_19_ 8_15.wav	0.0808	6.9365	3	2	2	2		1
223	Spectrogram 1	1	2448.572349462	2449.500446818	34.483	130.388	3730.DSG_RAWD_HMS_10_40_ 0__DMY_19_ 8_15.wav	0.9281	6.9467	1	3	2	2		1
224	Spectrogram 1	1	2450.169851479	2450.764868600	53.879	140.086	3730.DSG_RAWD_HMS_10_40_ 0__DMY_19_ 8_15.wav	0.5950	8.5443	1	3	2	2		1
225	Spectrogram 1	1	2532.117715625	2533.598790849	38.793	132.543	3738.DSG_RAWD_HMS_11_20_ 0__DMY_19_ 8_15.wav	1.4811	5.2953	1	3	2	2		1
226	Spectrogram 1	1	2545.861378753	2545.934138999	25.042	125.000	3739.DSG_RAWD_HMS_11_25_ 0__DMY_19_ 8_15.wav	0.0728	8.3894	3	2	2	2		2
227	Spectrogram 1	1	2548.781509406	2551.061330438	39.871	129.310	3740.DSG_RAWD_HMS_11_30_ 0__DMY_19_ 8_15.wav	2.2798	0.6599	1	3	2	2		1
228	Spectrogram 1	1	2584.637942471	2584.712319611	30.172	160.560	3743.DSG_RAWD_HMS_11_45_ 0__DMY_19_ 8_15.wav	0.0744	4.1579	3	3	2	2		2
229	Spectrogram 1	1	2595.904509736	2595.995055819	30.259	155.172	3744.DSG_RAWD_HMS_11_50_ 0__DMY_19_ 8_15.wav	0.0905	4.7749	3	2	2	2		2
230	Spectrogram 1	1	2622.496079707	2622.606028523	25.862	120.690	3746.DSG_RAWD_HMS_12_ 0_ 0__DMY_19_ 8_15.wav	0.1099	10.0673	3	2	2	2		2
231	Spectrogram 1	1	2633.749548641	2636.168422587	38.793	140.086	3748.DSG_RAWD_HMS_12_10_ 0__DMY_19_ 8_15.wav	2.4189	0.0215	1	2	1	2		2
232	Spectrogram 1	1	2639.360172033	2640.563141428	38.793	171.336	3748.DSG_RAWD_HMS_12_10_ 0__DMY_19_ 8_15.wav	1.2030	5.6322	1	2	2	2		2
233	Spectrogram 1	1	2657.602031928	2657.711980743	44.181	150.862	3750.DSG_RAWD_HMS_12_20_ 0__DMY_19_ 8_15.wav	0.1099	2.5748	3	3	2	2		2
234	Spectrogram 1	1	931.242193427	933.674002528	56.344	130.426	3588.DSG_RAWD_HMS_22_50_ 0__DMY_18_ 8_15.wav	2.4318	3.4982	1	3	2	2		2
