Selection	View	Channel	Begin Time (s)	End Time (s)	Low Freq (Hz)	High Freq (Hz)	Begin File	Delta Time (s)	File Offset (s)	call variant	level	call cutoff @ end	calls overlap	Notes	false positive
2	Spectrogram 1	1	118.524239056	119.157574684	33.405	157.328	6012.DSG_RAWD_HMS_ 8_50_ 0__DMY_27_ 8_15.wav	0.6333	1.3786	1	3	2	2		1
3	Spectrogram 1	1	202.337808102	202.835428953	40.948	146.552	6019.DSG_RAWD_HMS_ 9_25_ 0__DMY_27_ 8_15.wav	0.4976	10.6450	1	2	1	2		1
4	Spectrogram 1	1	203.287811545	204.819449748	23.707	157.328	6020.DSG_RAWD_HMS_ 9_30_ 0__DMY_27_ 8_15.wav	1.5316	0.9454	1	2	2	2		1
5	Spectrogram 1	1	306.321180031	306.754174797	23.707	150.862	6029.DSG_RAWD_HMS_10_15_ 0__DMY_27_ 8_15.wav	0.4330	8.1324	1	2	2	2		1
6	Spectrogram 1	1	308.295506913	308.822209502	8.621	155.172	6029.DSG_RAWD_HMS_10_15_ 0__DMY_27_ 8_15.wav	0.5267	10.1067	1	2	1	2		2
7	Spectrogram 1	1	383.426560256	384.971123676	33.405	162.716	6037.DSG_RAWD_HMS_10_55_ 0__DMY_27_ 8_15.wav	1.5446	0.0410	1	3	2	2		2
11	Spectrogram 1	1	472.791509966	473.916003836	0.000	150.862	6045.DSG_RAWD_HMS_11_35_ 0__DMY_27_ 8_15.wav	1.1245	2.9803	1	2	2	2		1
13	Spectrogram 1	1	693.476668900	696.106950541	15.086	161.638	6066.DSG_RAWD_HMS_13_20_ 0__DMY_27_ 8_15.wav	2.6303	0.0239	1	2	1	2		2
17	Spectrogram 1	1	1087.508362485	1089.628098058	11.853	186.422	6103.DSG_RAWD_HMS_16_25_ 0__DMY_27_ 8_15.wav	2.1197	0.0204	1	2	1	2		2
29	Spectrogram 1	1	1472.964193831	1474.444131167	23.707	143.319	6139.DSG_RAWD_HMS_19_25_ 0__DMY_27_ 8_15.wav	1.4799	2.0906	1	2	2	2		1
37	Spectrogram 1	1	1862.633640934	1864.882628675	21.552	171.336	6175.DSG_RAWD_HMS_22_25_ 0__DMY_27_ 8_15.wav	2.2490	8.3744	1	2	2	2		2
39	Spectrogram 1	1	1941.503321551	1943.894486678	25.862	184.267	6183.DSG_RAWD_HMS_23_ 5_ 0__DMY_27_ 8_15.wav	2.3912	2.0473	1	3	2	2		2
40	Spectrogram 1	1	1987.691593024	1990.722556388	12.931	227.371	6187.DSG_RAWD_HMS_23_25_ 0__DMY_27_ 8_15.wav	3.0310	5.6372	1	2	2	2		1
41	Spectrogram 1	1	2014.026722475	2015.532510245	29.095	197.198	6190.DSG_RAWD_HMS_23_40_ 0__DMY_27_ 8_15.wav	1.5058	0.0235	1	2	1	2		1
47	Spectrogram 1	1	2089.186856984	2090.653869103	21.552	187.500	6197.DSG_RAWD_HMS_ 0_15_ 0__DMY_28_ 8_15.wav	1.4670	0.6365	1	2	2	1		1
50	Spectrogram 1	1	2278.198765209	2280.215099046	15.086	173.491	6214.DSG_RAWD_HMS_ 1_40_ 0__DMY_28_ 8_15.wav	2.0163	8.6052	1	2	1	2		1
33	Spectrogram 1	1	1665.129856226	1667.508096137	20.474	176.724	6157.DSG_RAWD_HMS_20_55_ 0__DMY_27_ 8_15.wav	2.3782	2.5635	1	2	2	2		2
36	Spectrogram 1	1	1836.867221139	1839.400563653	0.000	226.293	6173.DSG_RAWD_HMS_22_15_ 0__DMY_27_ 8_15.wav	2.5333	3.9072	2	1	2	2		2
1	Spectrogram 1	1	45.626015688	45.755267857	8.621	136.853	6005.DSG_RAWD_HMS_ 8_15_ 0__DMY_27_ 8_15.wav	0.1293	3.0276	3	3	2	2		2
8	Spectrogram 1	1	385.449356702	385.565683654	0.000	136.853	6037.DSG_RAWD_HMS_10_55_ 0__DMY_27_ 8_15.wav	0.1163	2.0638	3	3	2	2		2
9	Spectrogram 1	1	391.763325162	391.931352982	0.000	133.621	6037.DSG_RAWD_HMS_10_55_ 0__DMY_27_ 8_15.wav	0.1680	8.3777	3	3	2	2		2
10	Spectrogram 1	1	419.849821505	420.037237150	0.000	130.388	6040.DSG_RAWD_HMS_11_10_ 0__DMY_27_ 8_15.wav	0.1874	4.5154	3	3	2	2		2
12	Spectrogram 1	1	501.136510646	501.285150641	0.000	167.026	6047.DSG_RAWD_HMS_11_45_ 0__DMY_27_ 8_15.wav	0.1486	10.0261	3	3	2	2		2
14	Spectrogram 1	1	899.646803817	899.834219462	0.000	205.819	6085.DSG_RAWD_HMS_14_55_ 0__DMY_27_ 8_15.wav	0.1874	3.8516	3	2	2	2		2
15	Spectrogram 1	1	1055.880356709	1056.119473221	6.466	146.552	6100.DSG_RAWD_HMS_16_10_ 0__DMY_27_ 8_15.wav	0.2391	0.3412	3	2	2	2		2
16	Spectrogram 1	1	1057.722200118	1057.929003588	3.233	147.629	6100.DSG_RAWD_HMS_16_10_ 0__DMY_27_ 8_15.wav	0.2068	2.1830	3	3	2	2		2
18	Spectrogram 1	1	1146.408576837	1146.563679440	0.000	226.293	6108.DSG_RAWD_HMS_16_50_ 0__DMY_27_ 8_15.wav	0.1551	5.6726	3	2	2	2		2
19	Spectrogram 1	1	1273.243727875	1273.489306996	0.000	183.190	6120.DSG_RAWD_HMS_17_50_ 0__DMY_27_ 8_15.wav	0.2456	4.7125	3	3	2	2		1
20	Spectrogram 1	1	1277.050204253	1277.231157290	0.000	155.172	6120.DSG_RAWD_HMS_17_50_ 0__DMY_27_ 8_15.wav	0.1810	8.5190	3	3	2	2		2
21	Spectrogram 1	1	1313.227886383	1313.441152462	0.000	234.914	6124.DSG_RAWD_HMS_18_10_ 0__DMY_27_ 8_15.wav	0.2133	2.0983	3	2	2	2		2
22	Spectrogram 1	1	1320.989479137	1321.183357391	0.000	163.793	6124.DSG_RAWD_HMS_18_10_ 0__DMY_27_ 8_15.wav	0.1939	9.8599	3	3	2	2		2
23	Spectrogram 1	1	1380.445476919	1380.678130823	0.000	225.216	6130.DSG_RAWD_HMS_18_40_ 0__DMY_27_ 8_15.wav	0.2327	5.4183	3	3	2	2		2
24	Spectrogram 1	1	1392.569330378	1392.789059066	0.000	187.500	6131.DSG_RAWD_HMS_18_45_ 0__DMY_27_ 8_15.wav	0.2197	6.8925	3	3	2	2		2
25	Spectrogram 1	1	1422.820800555	1422.950052724	0.000	149.784	6134.DSG_RAWD_HMS_19_ 0_ 0__DMY_27_ 8_15.wav	0.1293	5.1952	3	3	2	2		2
26	Spectrogram 1	1	1425.528633497	1425.735436967	0.000	203.664	6134.DSG_RAWD_HMS_19_ 0_ 0__DMY_27_ 8_15.wav	0.2068	7.9030	3	3	2	2		2
27	Spectrogram 1	1	1426.672523439	1426.834088650	6.466	173.491	6134.DSG_RAWD_HMS_19_ 0_ 0__DMY_27_ 8_15.wav	0.1616	9.0469	3	3	2	2		2
28	Spectrogram 1	1	1460.316863053	1460.504278698	0.000	172.414	6138.DSG_RAWD_HMS_19_20_ 0__DMY_27_ 8_15.wav	0.1874	0.0929	3	2	2	2		2
30	Spectrogram 1	1	1549.604267493	1549.820764876	0.000	172.414	6146.DSG_RAWD_HMS_20_ 0_ 0__DMY_27_ 8_15.wav	0.2165	4.1835	3	3	2	2		2
31	Spectrogram 1	1	1591.152377247	1591.326867675	15.086	239.224	6150.DSG_RAWD_HMS_20_20_ 0__DMY_27_ 8_15.wav	0.1745	3.1332	3	2	2	2		2
32	Spectrogram 1	1	1664.431894513	1664.645160592	6.466	175.647	6157.DSG_RAWD_HMS_20_55_ 0__DMY_27_ 8_15.wav	0.2133	1.8655	3	2	2	2		2
34	Spectrogram 1	1	1698.302425423	1698.451065418	0.000	186.422	6160.DSG_RAWD_HMS_21_10_ 0__DMY_27_ 8_15.wav	0.1486	3.7872	3	2	2	2		2
35	Spectrogram 1	1	1774.645219096	1774.852022567	0.000	211.207	6167.DSG_RAWD_HMS_21_45_ 0__DMY_27_ 8_15.wav	0.2068	5.5828	3	2	2	2		2
38	Spectrogram 1	1	1895.450766666	1895.748046655	0.000	234.914	6178.DSG_RAWD_HMS_22_40_ 0__DMY_27_ 8_15.wav	0.2973	9.2428	3	1	2	2		2
42	Spectrogram 1	1	2028.018277622	2028.218618484	9.698	162.716	6191.DSG_RAWD_HMS_23_45_ 0__DMY_27_ 8_15.wav	0.2003	3.3655	3	2	2	2		2
43	Spectrogram 1	1	2049.855428024	2050.075156712	0.000	184.267	6193.DSG_RAWD_HMS_23_55_ 0__DMY_27_ 8_15.wav	0.2197	3.9034	3	2	2	2		2
44	Spectrogram 1	1	2057.429605133	2057.584707736	21.552	157.328	6194.DSG_RAWD_HMS_ 0_ 0_ 0__DMY_28_ 8_15.wav	0.1551	0.8280	3	3	2	2		2
45	Spectrogram 1	1	2070.141551114	2070.335429368	0.000	179.957	6195.DSG_RAWD_HMS_ 0_ 5_ 0__DMY_28_ 8_15.wav	0.1939	2.8904	3	3	2	2		2
46	Spectrogram 1	1	2071.033391081	2071.240194551	0.000	129.310	6195.DSG_RAWD_HMS_ 0_ 5_ 0__DMY_28_ 8_15.wav	0.2068	3.7822	3	2	2	2		2
48	Spectrogram 1	1	2089.471211756	2089.639239576	0.000	264.009	6197.DSG_RAWD_HMS_ 0_15_ 0__DMY_28_ 8_15.wav	0.1680	0.9208	3	2	2	1		2
49	Spectrogram 1	1	2111.179112310	2111.418228823	0.000	162.716	6199.DSG_RAWD_HMS_ 0_25_ 0__DMY_28_ 8_15.wav	0.2391	1.3295	3	3	2	2		1
51	Spectrogram 1	1	2303.887633816	2304.036273810	0.000	216.595	6217.DSG_RAWD_HMS_ 1_55_ 0__DMY_28_ 8_15.wav	0.1486	2.3452	3	2	2	2		2
52	Spectrogram 1	1	2375.978026593	2376.062040503	6.466	164.871	6223.DSG_RAWD_HMS_ 2_25_ 0__DMY_28_ 8_15.wav	0.0840	10.5380	3	2	1	2		2
53	Spectrogram 1	1	2458.324582276	2458.479684879	0.000	162.716	6231.DSG_RAWD_HMS_ 3_ 5_ 0__DMY_28_ 8_15.wav	0.1551	7.6878	3	3	2	2		2
54	Spectrogram 1	1	2647.213698155	2647.420501626	0.000	177.802	6249.DSG_RAWD_HMS_ 4_35_ 0__DMY_28_ 8_15.wav	0.2068	4.8841	3	2	2	2		
