Selection	View	Channel	End Time (s)	Low Freq (Hz)	High Freq (Hz)	Begin File	Delta Time (s)	File Offset (s)	call variant	level	calls overlap	call cutoff @ end	Notes
1	Waveform 1	1	115.0801775	26.454	188.292	0260.DSG_RAWD_HMS_15_ 0_ 0__DMY_20_ 7_16.wav	8.5869	10.6469	1	1	2	1	
1	Spectrogram 1	1	115.0801775	26.454	188.292	0260.DSG_RAWD_HMS_15_ 0_ 0__DMY_20_ 7_16.wav	8.5869	10.6469	1	1	2	1	
2	Waveform 1	1	125.4529126	0	208.522	0262.DSG_RAWD_HMS_15_10_ 0__DMY_20_ 7_16.wav	0.2994	8.0079	3	1	2	2	
2	Spectrogram 1	1	125.4529126	0	208.522	0262.DSG_RAWD_HMS_15_10_ 0__DMY_20_ 7_16.wav	0.2994	8.0079	3	1	2	2	
3	Waveform 1	1	132.9490724	20.23	199.185	0263.DSG_RAWD_HMS_15_15_ 0__DMY_20_ 7_16.wav	2.2777	2.8762	1	2	2	2	
3	Spectrogram 1	1	132.9490724	20.23	199.185	0263.DSG_RAWD_HMS_15_15_ 0__DMY_20_ 7_16.wav	2.2777	2.8762	1	2	2	2	
4	Waveform 1	1	135.0663903	1.556	186.736	0263.DSG_RAWD_HMS_15_15_ 0__DMY_20_ 7_16.wav	0.1818	7.0894	3	1	2	2	
4	Spectrogram 1	1	135.0663903	1.556	186.736	0263.DSG_RAWD_HMS_15_15_ 0__DMY_20_ 7_16.wav	0.1818	7.0894	3	1	2	2	
5	Waveform 1	1	140.5735568	0	203.853	0264.DSG_RAWD_HMS_15_20_ 0__DMY_20_ 7_16.wav	0.2032	1.9256	3	2	2	2	
5	Spectrogram 1	1	140.5735568	0	203.853	0264.DSG_RAWD_HMS_15_20_ 0__DMY_20_ 7_16.wav	0.2032	1.9256	3	2	2	2	
6	Waveform 1	1	146.1876595	0	222.527	0264.DSG_RAWD_HMS_15_20_ 0__DMY_20_ 7_16.wav	0.2139	7.529	3	1	2	2	
6	Spectrogram 1	1	146.1876595	0	222.527	0264.DSG_RAWD_HMS_15_20_ 0__DMY_20_ 7_16.wav	0.2139	7.529	3	1	2	2	
7	Waveform 1	1	165.5398572	28.01	161.838	0266.DSG_RAWD_HMS_15_30_ 0__DMY_20_ 7_16.wav	5.443	0.3529	1	2	2	2	
7	Spectrogram 1	1	165.5398572	28.01	161.838	0266.DSG_RAWD_HMS_15_30_ 0__DMY_20_ 7_16.wav	5.443	0.3529	1	2	2	2	
8	Waveform 1	1	176.7466753	0	160.282	0267.DSG_RAWD_HMS_15_35_ 0__DMY_20_ 7_16.wav	0.1925	6.1606	3	2	2	2	
8	Spectrogram 1	1	176.7466753	0	160.282	0267.DSG_RAWD_HMS_15_35_ 0__DMY_20_ 7_16.wav	0.1925	6.1606	3	2	2	2	
9	Waveform 1	1	175.8484192	12.449	297.221	0267.DSG_RAWD_HMS_15_35_ 0__DMY_20_ 7_16.wav	3.2401	2.2147	2	2	2	2	
9	Spectrogram 1	1	175.8484192	12.449	297.221	0267.DSG_RAWD_HMS_15_35_ 0__DMY_20_ 7_16.wav	3.2401	2.2147	2	2	2	2	
10	Waveform 1	1	201.9833943	0	177.399	0269.DSG_RAWD_HMS_15_45_ 0__DMY_20_ 7_16.wav	0.2139	10.0767	3	2	2	2	
10	Spectrogram 1	1	201.9833943	0	177.399	0269.DSG_RAWD_HMS_15_45_ 0__DMY_20_ 7_16.wav	0.2139	10.0767	3	2	2	2	
11	Waveform 1	1	244.3297533	32.679	158.726	0273.DSG_RAWD_HMS_16_ 5_ 0__DMY_20_ 7_16.wav	3.9994	6.0392	1	2	2	2	
11	Spectrogram 1	1	244.3297533	32.679	158.726	0273.DSG_RAWD_HMS_16_ 5_ 0__DMY_20_ 7_16.wav	3.9994	6.0392	1	2	2	2	
12	Waveform 1	1	287.0680603	0	185.18	0277.DSG_RAWD_HMS_16_25_ 0__DMY_20_ 7_16.wav	0.139	10.0394	3	3	2	2	
12	Spectrogram 1	1	287.0680603	0	185.18	0277.DSG_RAWD_HMS_16_25_ 0__DMY_20_ 7_16.wav	0.139	10.0394	3	3	2	2	
13	Waveform 1	1	300.7449716	40.459	182.068	0279.DSG_RAWD_HMS_16_35_ 0__DMY_20_ 7_16.wav	2.3953	0.1608	1	3	2	2	
13	Spectrogram 1	1	300.7449716	40.459	182.068	0279.DSG_RAWD_HMS_16_35_ 0__DMY_20_ 7_16.wav	2.3953	0.1608	1	3	2	2	
14	Waveform 1	1	383.3838828	37.347	135.384	0286.DSG_RAWD_HMS_17_10_ 0__DMY_20_ 7_16.wav	3.6572	6.9907	1	2	2	1	
14	Spectrogram 1	1	383.3838828	37.347	135.384	0286.DSG_RAWD_HMS_17_10_ 0__DMY_20_ 7_16.wav	3.6572	6.9907	1	2	2	1	
15	Waveform 1	1	394.9008249	0	231.864	0288.DSG_RAWD_HMS_17_20_ 0__DMY_20_ 7_16.wav	0.2353	0.6304	3	1	2	2	
15	Spectrogram 1	1	394.9008249	0	231.864	0288.DSG_RAWD_HMS_17_20_ 0__DMY_20_ 7_16.wav	0.2353	0.6304	3	1	2	2	
16	Waveform 1	1	1001.429909	32.679	197.629	0344.DSG_RAWD_HMS_22_ 0_ 0__DMY_20_ 7_16.wav	3.5396	7.068	1	2	2	1	
16	Spectrogram 1	1	1001.429909	32.679	197.629	0344.DSG_RAWD_HMS_22_ 0_ 0__DMY_20_ 7_16.wav	3.5396	7.068	1	2	2	1	
17	Waveform 1	1	1183.843944	0	178.955	0362.DSG_RAWD_HMS_23_30_ 0__DMY_20_ 7_16.wav	0.1711	1.1576	3	1	2	2	
17	Spectrogram 1	1	1183.843944	0	178.955	0362.DSG_RAWD_HMS_23_30_ 0__DMY_20_ 7_16.wav	0.1711	1.1576	3	1	2	2	
20	Waveform 1	1	1544.603275	46.684	157.169	0395.DSG_RAWD_HMS_ 2_15_ 0__DMY_21_ 7_16.wav	2.7803	7.871	1	3	2	1	
20	Spectrogram 1	1	1544.603275	46.684	157.169	0395.DSG_RAWD_HMS_ 2_15_ 0__DMY_21_ 7_16.wav	2.7803	7.871	1	3	2	1	
21	Waveform 1	1	1579.998442	0	253.65	0399.DSG_RAWD_HMS_ 2_35_ 0__DMY_21_ 7_16.wav	0.1818	3.2663	3	2	2	2	
21	Spectrogram 1	1	1579.998442	0	253.65	0399.DSG_RAWD_HMS_ 2_35_ 0__DMY_21_ 7_16.wav	0.1818	3.2663	3	2	2	2	
22	Waveform 1	1	1581.313745	0	199.185	0399.DSG_RAWD_HMS_ 2_35_ 0__DMY_21_ 7_16.wav	0.1925	4.5709	3	2	2	2	
22	Spectrogram 1	1	1581.313745	0	199.185	0399.DSG_RAWD_HMS_ 2_35_ 0__DMY_21_ 7_16.wav	0.1925	4.5709	3	2	2	2	
23	Waveform 1	1	1717.152468	0	216.302	0412.DSG_RAWD_HMS_ 3_40_ 0__DMY_21_ 7_16.wav	0.2032	1.9541	3	3	2	2	
23	Spectrogram 1	1	1717.152468	0	216.302	0412.DSG_RAWD_HMS_ 3_40_ 0__DMY_21_ 7_16.wav	0.2032	1.9541	3	3	2	2	
24	Waveform 1	1	1904.137892	35.791	191.404	0429.DSG_RAWD_HMS_ 5_ 5_ 0__DMY_21_ 7_16.wav	3.069	4.6209	1	2	2	2	
24	Spectrogram 1	1	1904.137892	35.791	191.404	0429.DSG_RAWD_HMS_ 5_ 5_ 0__DMY_21_ 7_16.wav	3.069	4.6209	1	2	2	2	
25	Waveform 1	1	2010.705958	0	200.741	0439.DSG_RAWD_HMS_ 5_55_ 0__DMY_21_ 7_16.wav	0.278	7.4839	3	1	2	2	
25	Spectrogram 1	1	2010.705958	0	200.741	0439.DSG_RAWD_HMS_ 5_55_ 0__DMY_21_ 7_16.wav	0.278	7.4839	3	1	2	2	
26	Waveform 1	1	2161.128061	0	219.415	0453.DSG_RAWD_HMS_ 7_ 5_ 0__DMY_21_ 7_16.wav	0.2032	8.8865	3	2	2	2	
26	Spectrogram 1	1	2161.128061	0	219.415	0453.DSG_RAWD_HMS_ 7_ 5_ 0__DMY_21_ 7_16.wav	0.2032	8.8865	3	2	2	2	
27	Waveform 1	1	2197.966853	0	154.057	0457.DSG_RAWD_HMS_ 7_25_ 0__DMY_21_ 7_16.wav	0.2673	3.0627	3	2	2	2	
27	Spectrogram 1	1	2197.966853	0	154.057	0457.DSG_RAWD_HMS_ 7_25_ 0__DMY_21_ 7_16.wav	0.2673	3.0627	3	2	2	2	
28	Waveform 1	1	2316.086619	0	180.511	0468.DSG_RAWD_HMS_ 8_20_ 0__DMY_21_ 7_16.wav	0.246	4.0583	3	2	2	2	
28	Spectrogram 1	1	2316.086619	0	180.511	0468.DSG_RAWD_HMS_ 8_20_ 0__DMY_21_ 7_16.wav	0.246	4.0583	3	2	2	2	
29	Waveform 1	1	2437.414443	42.016	194.517	0479.DSG_RAWD_HMS_ 9_15_ 0__DMY_21_ 7_16.wav	2.7696	5.7168	1	3	2	2	
29	Spectrogram 1	1	2437.414443	42.016	194.517	0479.DSG_RAWD_HMS_ 9_15_ 0__DMY_21_ 7_16.wav	2.7696	5.7168	1	3	2	2	
30	Waveform 1	1	2500.240979	20.23	144.72	0485.DSG_RAWD_HMS_ 9_45_ 0__DMY_21_ 7_16.wav	3.8604	3.555	2	2	2	2	
30	Spectrogram 1	1	2500.240979	20.23	144.72	0485.DSG_RAWD_HMS_ 9_45_ 0__DMY_21_ 7_16.wav	3.8604	3.555	2	2	2	2	
31	Waveform 1	1	2545.848594	37.347	197.629	0489.DSG_RAWD_HMS_10_ 5_ 0__DMY_21_ 7_16.wav	2.9621	7.0529	1	2	2	2	
31	Spectrogram 1	1	2545.848594	37.347	197.629	0489.DSG_RAWD_HMS_10_ 5_ 0__DMY_21_ 7_16.wav	2.9621	7.0529	1	2	2	2	
32	Waveform 1	1	2565.299902	0	199.185	0491.DSG_RAWD_HMS_10_15_ 0__DMY_21_ 7_16.wav	0.1925	7.9746	3	2	2	2	
32	Spectrogram 1	1	2565.299902	0	199.185	0491.DSG_RAWD_HMS_10_15_ 0__DMY_21_ 7_16.wav	0.1925	7.9746	3	2	2	2	
33	Waveform 1	1	2627.214797	31.123	146.276	0497.DSG_RAWD_HMS_10_45_ 0__DMY_21_ 7_16.wav	3.8711	2.3133	1	2	2	2	
33	Spectrogram 1	1	2627.214797	31.123	146.276	0497.DSG_RAWD_HMS_10_45_ 0__DMY_21_ 7_16.wav	3.8711	2.3133	1	2	2	2	
													
													
													
													
													
													
													
													
													
													
													
													
													
													
													
													
													
													
													
													
													
													
													
													
													
													
													
													
													
													
													
													
													
													
													
													
													
													
													
													
													
													
													
													
													
													
													
													
													
													
													
													
													
													
													
													
													
													
													
													
													
													
													
													
													
													
													
													
													
													
													
													
													
													
													
													
													
													
													
													
													
													
													
													
													
													
													
													
													
													
													
													
													
													
													
													
													
													
													
													
													
													
													
													
													
													
													
													
													
													
													
													
													
													
													
													
													
													
													
													
													
													
													
													
													
													
													
													
													
													
													
													
													
													
													
													
													
													
													
													
													
													
													
													
													
													
													
													
													
													
													
													
													
													
													
													
													
													
													
													
													
													
													
													
													
													
													
													
													
													
													
													
													
													
													
													
													
													
													
													
													
													
													
													
													
													
													
													
													
													
													
													
													
													
													
													
													
													
													
													
													
													
													
													
													
													
													
													
													
													
													
													
													
													
													
													
													
													
													
													
													
													
													
													
													
													
													
													
													
													
													
													
													
													
													
													
													
													
													
													
													
													
													
													
													
													
													
													
													
													
													
													
													
													
													
													
													
													
													
													
													
													
													
													
													
													
													
													
													
													
													
													
													
													
													
													
													
													
													
													
													
													
													
													
													
													
													
													
													
													
													
													
													
													
													
													
													
													
													
													
													
													
													
													
													
													
													
													
													
													
													
													
													
													
													
													
													
													
													
													
													
													
													
													
													
													
													
													
													
													
													
													
													
													
													
													
													
													
													
													
													
													
													
													
													
													
													
													
													
													
													
													
													
													
													
													
													
													
													
													
													
													
													
													
													
													
													
													
													
													
													
													
													
													
													
													
													
													
													
													
													
													
													
													
													
													
													
													
													
													
													
													
													
													
													
													
													
													
													
													
													
													
													
													
													
													
													
													
													
													
													
													
													
													
													
													
													
													
													
													
													
													
													
													
													
													
													
													
													
													
													
													
													
													
													
													
													
													
													
													
													
													
													
													
													
													
													
													
													
													
													
													
													
													
													
													
													
													
													
													
													
													
													
													
													
													
													
													
													
													
													
													
													
													
													
													
													
													
													
													
													
													
													
													
													
													
													
													
													
													
													
													
													
													
													
													
													
													
													
													
													
													
													
													
													
													
													
													
													
													
													
													
													
													
													
													
													
													
													
													
													
													
													
													
													
													
													
													
													
													
													
													
													
													
													
													
													
													
													
													
													
													
													
													
													
													
													
													
													
													
													
													
													
													
													
													
													
													
													
													
													
													
													
													
													
													
													
													
													
													
													
													
													
													
													
													
													
													
													
													
													
													
													
													
													
													
													
													
													
													
													
													
													
													
													
													
													
													
													
													
													
													
													
													
													
													
													
													
													
													
													
													
													
													
													
													
													
													
													
													
													
													
													
													
													
													
													
													
													
													
													
													
													
													
													
													
													
													
													
													
													
													
													
													
													
													
													
													
													
													
													
													
													
													
													
													
													
													
													
													
													
													
													
													
													
													
													
													
													
													
													
													
													
													
													
													
													
													
													
													
													
													
													
													
													
													
													
													
													
													
													
													
													
													
													
													
													
													
													
													
													
													
													
													
													
													
													
													
													
													
													
													
													
													
													
													
													
													
													
													
													
													
													
													
													
													
													
													
													
													
													
													
													
													
													
													
													
													
													
													
													
													
													
													
													
													
													
													
													
													
													
													
													
													
													
													
													
													
													
													
													
													
													
													
													
													
													
													
													
													
													
													
													
													
													
													
													
													
													
													
													
													
													
													
													
													
													
													
													
													
													
													
													
													
													
													
													
													
													
													
													
													
													
													
													
													
													
													
													
													
													
													
													
													
													
													
													
													
													
													
													
													
													
													
													
													
													
													
													
													
													
													
													
													
													
													
													
													
													
													
													
													
													
													
													
													
													
													
													
													
													
													
													
													
													
													
													
													
													
													
													
													
													
													
													
													
													
													
													
													
													
													
													
													
													
													
													
													
													
													
													
													
													
													
													
													
													
													
													
													
													
													
													
													
													
													
													
													
													
													
													
													
													
													
													
													
													
													
													
													
													
													
													
													
													
													
													
													
													
													
													
													
													
													
													
													
													
													
													
													
													
													
													
													
													
													
													
