Selection	View	Channel	Begin Time (s)	End Time (s)	Low Freq (Hz)	High Freq (Hz)	Begin File	Delta Time (s)	File Offset (s)	call variant	level	call cutoff @ end	calls overlap	Notes
1	Spectrogram 1	1	24.653461609	24.789937698	0.000	131.173	2181.DSG_RAWD_HMS_18_10_ 0__DMY_12_ 9_15.wav	0.1365	3.3543	25	3	2	2	
2	Spectrogram 1	1	89.002013486	89.118992990	0.000	87.963	2187.DSG_RAWD_HMS_18_40_ 0__DMY_12_ 9_15.wav	0.1170	3.8052	25	3	2	2	
3	Spectrogram 1	1	91.058903108	91.156386028	0.000	84.877	2187.DSG_RAWD_HMS_18_40_ 0__DMY_12_ 9_15.wav	0.0975	5.8621	25	3	2	2	
4	Spectrogram 1	1	94.022383890	94.168608271	0.000	100.309	2187.DSG_RAWD_HMS_18_40_ 0__DMY_12_ 9_15.wav	0.1462	8.8256	25	3	2	2	
5	Spectrogram 1	1	269.179953733	269.306681529	0.000	111.111	2204.DSG_RAWD_HMS_20_ 5_ 0__DMY_12_ 9_15.wav	0.1267	2.9400	25	3	2	2	
6	Spectrogram 1	1	336.228788353	336.365264441	0.000	100.309	2210.DSG_RAWD_HMS_20_35_ 0__DMY_12_ 9_15.wav	0.1365	6.0912	25	3	2	2	
7	Spectrogram 1	1	340.800753384	340.927481181	0.000	160.494	2211.DSG_RAWD_HMS_20_40_ 0__DMY_12_ 9_15.wav	0.1267	0.0136	25	1	2	2	
8	Spectrogram 1	1	492.230965207	492.367441296	0.000	109.568	2225.DSG_RAWD_HMS_21_50_ 0__DMY_12_ 9_15.wav	0.1365	2.3494	25	3	2	2	
9	Spectrogram 1	1	498.372389197	498.469872118	0.000	117.284	2225.DSG_RAWD_HMS_21_50_ 0__DMY_12_ 9_15.wav	0.0975	8.4908	25	3	2	2	
10	Spectrogram 1	1	502.349692353	502.505665025	0.000	100.309	2226.DSG_RAWD_HMS_21_55_ 0__DMY_12_ 9_15.wav	0.1560	1.8185	25	3	2	2	
11	Spectrogram 1	1	504.562568886	504.708793266	0.000	108.025	2226.DSG_RAWD_HMS_21_55_ 0__DMY_12_ 9_15.wav	0.1462	4.0314	25	3	2	2	
12	Spectrogram 1	1	507.360328703	507.496804792	0.000	97.222	2226.DSG_RAWD_HMS_21_55_ 0__DMY_12_ 9_15.wav	0.1365	6.8291	25	3	2	2	
13	Spectrogram 1	1	510.859965548	511.045183097	0.000	111.111	2226.DSG_RAWD_HMS_21_55_ 0__DMY_12_ 9_15.wav	0.1852	10.3288	25	3	2	2	
14	Spectrogram 1	1	513.199563480	513.326291277	0.000	137.346	2227.DSG_RAWD_HMS_22_ 0_ 0__DMY_12_ 9_15.wav	0.1267	2.0188	25	3	2	2	
15	Spectrogram 1	1	513.394529321	513.599243454	0.000	134.259	2227.DSG_RAWD_HMS_22_ 0_ 0__DMY_12_ 9_15.wav	0.2047	2.2137	25	3	2	2	
16	Spectrogram 1	1	525.014512512	525.141240308	0.000	199.074	2228.DSG_RAWD_HMS_22_ 5_ 0__DMY_12_ 9_15.wav	0.1267	3.1841	25	1	2	2	
17	Spectrogram 1	1	525.141240308	525.248471521	0.000	211.420	2228.DSG_RAWD_HMS_22_ 5_ 0__DMY_12_ 9_15.wav	0.1072	3.3108	25	1	2	2	
18	Spectrogram 1	1	527.890258666	528.016986462	0.000	155.864	2228.DSG_RAWD_HMS_22_ 5_ 0__DMY_12_ 9_15.wav	0.1267	6.0599	25	1	2	2	
19	Spectrogram 1	1	529.995889748	530.151862421	0.000	137.346	2228.DSG_RAWD_HMS_22_ 5_ 0__DMY_12_ 9_15.wav	0.1560	8.1655	25	3	2	2	
20	Spectrogram 1	1	535.464696970	535.610921350	0.000	128.086	2229.DSG_RAWD_HMS_22_10_ 0__DMY_12_ 9_15.wav	0.1462	2.9847	25	3	2	2	
21	Spectrogram 1	1	541.040720021	541.186944402	0.000	137.346	2229.DSG_RAWD_HMS_22_10_ 0__DMY_12_ 9_15.wav	0.1462	8.5607	25	3	2	2	
22	Spectrogram 1	1	543.419303281	543.555779369	0.000	129.630	2230.DSG_RAWD_HMS_22_15_ 0__DMY_12_ 9_15.wav	0.1365	0.2897	25	3	2	2	
23	Spectrogram 1	1	545.407967190	545.554191571	0.000	229.938	2230.DSG_RAWD_HMS_22_15_ 0__DMY_12_ 9_15.wav	0.1462	2.2784	25	1	2	2	
24	Spectrogram 1	1	552.865415268	553.109122569	0.000	134.259	2230.DSG_RAWD_HMS_22_15_ 0__DMY_12_ 9_15.wav	0.2437	9.7358	25	3	2	2	
25	Spectrogram 1	1	569.983449200	570.119925289	0.000	134.259	2232.DSG_RAWD_HMS_22_25_ 0__DMY_12_ 9_15.wav	0.1365	5.5546	25	3	2	2	
26	Spectrogram 1	1	570.324639422	570.451367219	0.000	100.309	2232.DSG_RAWD_HMS_22_25_ 0__DMY_12_ 9_15.wav	0.1267	5.8958	25	3	2	2	
27	Spectrogram 1	1	578.288994025	578.435218406	0.000	168.210	2233.DSG_RAWD_HMS_22_30_ 0__DMY_12_ 9_15.wav	0.1462	3.2106	25	1	2	2	
28	Spectrogram 1	1	581.213496344	581.379217309	0.000	199.074	2233.DSG_RAWD_HMS_22_30_ 0__DMY_12_ 9_15.wav	0.1657	6.1351	25	1	2	2	
29	Spectrogram 1	1	584.713133189	584.849609278	0.000	146.605	2233.DSG_RAWD_HMS_22_30_ 0__DMY_12_ 9_15.wav	0.1365	9.6347	25	3	2	2	
30	Spectrogram 1	1	585.317527296	585.512493137	0.000	146.605	2233.DSG_RAWD_HMS_22_30_ 0__DMY_12_ 9_15.wav	0.1950	10.2391	25	3	2	2	
31	Spectrogram 1	1	586.614050139	586.731029643	0.000	163.580	2234.DSG_RAWD_HMS_22_35_ 0__DMY_12_ 9_15.wav	0.1170	0.8861	25	1	2	2	
32	Spectrogram 1	1	589.489796293	589.675013842	0.000	265.432	2234.DSG_RAWD_HMS_22_35_ 0__DMY_12_ 9_15.wav	0.1852	3.7618	25	1	2	2	
33	Spectrogram 1	1	592.433794179	592.609263436	0.000	166.667	2234.DSG_RAWD_HMS_22_35_ 0__DMY_12_ 9_15.wav	0.1755	6.7058	25	1	2	2	
34	Spectrogram 1	1	595.095077908	595.241302289	0.000	137.346	2234.DSG_RAWD_HMS_22_35_ 0__DMY_12_ 9_15.wav	0.1462	9.3671	25	3	2	2	
35	Spectrogram 1	1	595.943179316	596.069907113	0.000	149.691	2234.DSG_RAWD_HMS_22_35_ 0__DMY_12_ 9_15.wav	0.1267	10.2152	25	3	2	2	
36	Spectrogram 1	1	596.489083671	596.606063175	0.000	165.123	2235.DSG_RAWD_HMS_22_40_ 0__DMY_12_ 9_15.wav	0.1170	0.1115	25	1	2	2	
37	Spectrogram 1	1	600.563879451	600.739348708	0.000	168.210	2235.DSG_RAWD_HMS_22_40_ 0__DMY_12_ 9_15.wav	0.1755	4.1863	25	1	2	2	
38	Spectrogram 1	1	602.893725276	603.030201365	0.000	154.321	2235.DSG_RAWD_HMS_22_40_ 0__DMY_12_ 9_15.wav	0.1365	6.5161	25	1	2	2	
39	Spectrogram 1	1	603.059446241	603.166677454	0.000	112.654	2235.DSG_RAWD_HMS_22_40_ 0__DMY_12_ 9_15.wav	0.1072	6.6818	25	3	2	2	
40	Spectrogram 1	1	605.642743634	605.818212891	0.000	222.222	2235.DSG_RAWD_HMS_22_40_ 0__DMY_12_ 9_15.wav	0.1755	9.2651	25	1	2	2	
41	Spectrogram 1	1	610.351178016	610.516898981	0.000	242.284	2236.DSG_RAWD_HMS_22_45_ 0__DMY_12_ 9_15.wav	0.1657	3.3240	25	1	2	2	
42	Spectrogram 1	1	611.754932071	611.901156451	0.000	236.111	2236.DSG_RAWD_HMS_22_45_ 0__DMY_12_ 9_15.wav	0.1462	4.7277	25	1	2	2	
43	Spectrogram 1	1	614.630684581	614.747664086	0.000	135.802	2236.DSG_RAWD_HMS_22_45_ 0__DMY_12_ 9_15.wav	0.1170	7.6035	25	3	2	2	
44	Spectrogram 1	1	614.806153838	614.971874803	0.000	117.284	2236.DSG_RAWD_HMS_22_45_ 0__DMY_12_ 9_15.wav	0.1657	7.7790	25	3	2	2	
45	Spectrogram 1	1	616.414622026	616.521853239	0.000	254.630	2236.DSG_RAWD_HMS_22_45_ 0__DMY_12_ 9_15.wav	0.1072	9.3874	25	1	2	2	
46	Spectrogram 1	1	619.095412679	619.202643892	0.000	106.481	2237.DSG_RAWD_HMS_22_50_ 0__DMY_12_ 9_15.wav	0.1072	1.4186	25	3	2	2	
47	Spectrogram 1	1	621.288778390	621.473995939	0.000	98.765	2237.DSG_RAWD_HMS_22_50_ 0__DMY_12_ 9_15.wav	0.1852	3.6120	25	3	2	2	
48	Spectrogram 1	1	622.019900294	622.146628090	0.000	138.889	2237.DSG_RAWD_HMS_22_50_ 0__DMY_12_ 9_15.wav	0.1267	4.3431	25	3	2	2	
49	Spectrogram 1	1	622.926491454	623.053219251	0.000	140.432	2237.DSG_RAWD_HMS_22_50_ 0__DMY_12_ 9_15.wav	0.1267	5.2497	25	3	2	2	
50	Spectrogram 1	1	623.121457295	623.228688507	0.000	132.716	2237.DSG_RAWD_HMS_22_50_ 0__DMY_12_ 9_15.wav	0.1072	5.4447	25	3	2	2	
51	Spectrogram 1	1	626.426128299	626.582100972	0.000	112.654	2237.DSG_RAWD_HMS_22_50_ 0__DMY_12_ 9_15.wav	0.1560	8.7493	25	3	2	2	
52	Spectrogram 1	1	627.313233258	627.449709346	0.000	134.259	2237.DSG_RAWD_HMS_22_50_ 0__DMY_12_ 9_15.wav	0.1365	9.6364	25	3	2	2	
53	Spectrogram 1	1	627.508199099	627.644675187	0.000	149.691	2237.DSG_RAWD_HMS_22_50_ 0__DMY_12_ 9_15.wav	0.1365	9.8314	25	3	2	2	
54	Spectrogram 1	1	629.165408747	629.272639959	0.000	168.210	2238.DSG_RAWD_HMS_22_55_ 0__DMY_12_ 9_15.wav	0.1072	0.8390	25	1	2	2	
55	Spectrogram 1	1	631.446509086	631.612230051	0.000	128.086	2238.DSG_RAWD_HMS_22_55_ 0__DMY_12_ 9_15.wav	0.1657	3.1201	25	3	2	2	
56	Spectrogram 1	1	632.655297300	632.782025097	0.000	202.160	2238.DSG_RAWD_HMS_22_55_ 0__DMY_12_ 9_15.wav	0.1267	4.3289	25	1	2	2	
57	Spectrogram 1	1	635.375070781	635.472553702	0.000	134.259	2238.DSG_RAWD_HMS_22_55_ 0__DMY_12_ 9_15.wav	0.0975	7.0487	25	3	2	2	
58	Spectrogram 1	1	637.178518159	637.314994248	0.000	108.025	2238.DSG_RAWD_HMS_22_55_ 0__DMY_12_ 9_15.wav	0.1365	8.8521	25	3	2	2	
59	Spectrogram 1	1	640.639161836	640.795134509	0.000	171.296	2239.DSG_RAWD_HMS_23_ 0_ 0__DMY_12_ 9_15.wav	0.1560	1.6632	25	1	2	2	
60	Spectrogram 1	1	642.423099281	642.579071953	0.000	149.691	2239.DSG_RAWD_HMS_23_ 0_ 0__DMY_12_ 9_15.wav	0.1560	3.4471	25	3	2	2	
61	Spectrogram 1	1	644.304519646	644.440995735	0.000	166.667	2239.DSG_RAWD_HMS_23_ 0_ 0__DMY_12_ 9_15.wav	0.1365	5.3285	25	1	2	2	
62	Spectrogram 1	1	648.886230596	649.090944729	0.000	169.753	2239.DSG_RAWD_HMS_23_ 0_ 0__DMY_12_ 9_15.wav	0.2047	9.9102	25	1	2	2	
63	Spectrogram 1	1	651.099092891	651.303807024	0.000	186.728	2240.DSG_RAWD_HMS_23_ 5_ 0__DMY_12_ 9_15.wav	0.2047	1.4735	25	1	2	2	
64	Spectrogram 1	1	654.228300317	654.413517866	0.000	118.827	2240.DSG_RAWD_HMS_23_ 5_ 0__DMY_12_ 9_15.wav	0.1852	4.6027	25	3	2	2	
65	Spectrogram 1	1	656.509400656	656.645876745	0.000	104.938	2240.DSG_RAWD_HMS_23_ 5_ 0__DMY_12_ 9_15.wav	0.1365	6.8838	25	3	2	2	
66	Spectrogram 1	1	657.211277683	657.367250356	0.000	100.309	2240.DSG_RAWD_HMS_23_ 5_ 0__DMY_12_ 9_15.wav	0.1560	7.5857	25	3	2	2	
67	Spectrogram 1	1	658.527297110	658.702766367	0.000	205.247	2240.DSG_RAWD_HMS_23_ 5_ 0__DMY_12_ 9_15.wav	0.1755	8.9017	25	1	2	2	
68	Spectrogram 1	1	662.065942506	662.173173719	0.000	95.679	2241.DSG_RAWD_HMS_23_10_ 0__DMY_12_ 9_15.wav	0.1072	1.7907	25	3	2	2	
69	Spectrogram 1	1	662.202418595	662.299901515	0.000	106.481	2241.DSG_RAWD_HMS_23_10_ 0__DMY_12_ 9_15.wav	0.0975	1.9272	25	3	2	2	
70	Spectrogram 1	1	663.206492676	663.323472180	0.000	145.062	2241.DSG_RAWD_HMS_23_10_ 0__DMY_12_ 9_15.wav	0.1170	2.9313	25	3	2	2	
71	Spectrogram 1	1	663.898621411	664.035097500	0.000	186.728	2241.DSG_RAWD_HMS_23_10_ 0__DMY_12_ 9_15.wav	0.1365	3.6234	25	1	2	2	
72	Spectrogram 1	1	667.213040707	667.339768504	0.000	114.198	2241.DSG_RAWD_HMS_23_10_ 0__DMY_12_ 9_15.wav	0.1267	6.9378	25	3	2	2	
73	Spectrogram 1	1	668.451073797	668.616794762	0.000	137.346	2241.DSG_RAWD_HMS_23_10_ 0__DMY_12_ 9_15.wav	0.1657	8.1759	25	3	2	2	
74	Spectrogram 1	1	669.357664958	669.513637630	0.000	165.123	2241.DSG_RAWD_HMS_23_10_ 0__DMY_12_ 9_15.wav	0.1560	9.0825	25	1	2	2	
75	Spectrogram 1	1	670.663936092	670.800412181	0.000	155.864	2241.DSG_RAWD_HMS_23_10_ 0__DMY_12_ 9_15.wav	0.1365	10.3887	25	1	2	2	
76	Spectrogram 1	1	677.088081910	677.214809706	0.000	149.691	2242.DSG_RAWD_HMS_23_15_ 0__DMY_12_ 9_15.wav	0.1267	6.1633	25	3	2	2	
77	Spectrogram 1	1	682.459390828	682.576370333	0.000	137.346	2243.DSG_RAWD_HMS_23_20_ 0__DMY_12_ 9_15.wav	0.1170	0.8850	25	3	2	2	
78	Spectrogram 1	1	682.586118625	682.712846421	0.000	149.691	2243.DSG_RAWD_HMS_23_20_ 0__DMY_12_ 9_15.wav	0.1267	1.0117	25	3	2	2	
79	Spectrogram 1	1	686.777896918	686.972862759	0.000	149.691	2243.DSG_RAWD_HMS_23_20_ 0__DMY_12_ 9_15.wav	0.1950	5.2035	25	3	2	2	
80	Spectrogram 1	1	688.132909513	688.318127062	0.000	211.420	2243.DSG_RAWD_HMS_23_20_ 0__DMY_12_ 9_15.wav	0.1852	6.5585	25	1	2	2	
81	Spectrogram 1	1	689.409935771	689.604901612	0.000	279.321	2243.DSG_RAWD_HMS_23_20_ 0__DMY_12_ 9_15.wav	0.1950	7.8355	25	1	2	2	
82	Spectrogram 1	1	689.887602081	689.985085002	0.000	108.025	2243.DSG_RAWD_HMS_23_20_ 0__DMY_12_ 9_15.wav	0.0975	8.3132	25	3	2	2	
83	Spectrogram 1	1	690.228792303	690.306778639	0.000	129.630	2243.DSG_RAWD_HMS_23_20_ 0__DMY_12_ 9_15.wav	0.0780	8.6544	25	3	2	2	
84	Spectrogram 1	1	691.564312975	691.710537356	0.000	152.778	2243.DSG_RAWD_HMS_23_20_ 0__DMY_12_ 9_15.wav	0.1462	9.9899	25	1	2	2	
85	Spectrogram 1	1	692.383169507	692.509897304	0.000	125.000	2244.DSG_RAWD_HMS_23_25_ 0__DMY_12_ 9_15.wav	0.1267	0.1592	25	3	2	2	
86	Spectrogram 1	1	692.529393888	692.675618269	0.000	140.432	2244.DSG_RAWD_HMS_23_25_ 0__DMY_12_ 9_15.wav	0.1462	0.3054	25	3	2	2	
87	Spectrogram 1	1	693.747930394	693.942896235	0.000	188.272	2244.DSG_RAWD_HMS_23_25_ 0__DMY_12_ 9_15.wav	0.1950	1.5239	25	1	2	2	
88	Spectrogram 1	1	693.962392819	694.137862076	0.000	177.469	2244.DSG_RAWD_HMS_23_25_ 0__DMY_12_ 9_15.wav	0.1755	1.7384	25	1	2	2	
89	Spectrogram 1	1	696.087520485	696.233744866	0.000	192.901	2244.DSG_RAWD_HMS_23_25_ 0__DMY_12_ 9_15.wav	0.1462	3.8635	25	1	2	2	
90	Spectrogram 1	1	699.148495206	699.314216171	0.000	174.383	2244.DSG_RAWD_HMS_23_25_ 0__DMY_12_ 9_15.wav	0.1657	6.9245	25	1	2	2	
91	Spectrogram 1	1	705.738340631	705.923558180	0.000	109.568	2245.DSG_RAWD_HMS_23_30_ 0__DMY_12_ 9_15.wav	0.1852	2.8647	25	3	2	2	
92	Spectrogram 1	1	708.633597777	708.809067034	0.000	273.148	2245.DSG_RAWD_HMS_23_30_ 0__DMY_12_ 9_15.wav	0.1755	5.7600	25	1	2	2	
93	Spectrogram 1	1	710.495521558	710.641745939	0.000	101.852	2245.DSG_RAWD_HMS_23_30_ 0__DMY_12_ 9_15.wav	0.1462	7.6219	25	3	2	2	
94	Spectrogram 1	1	711.499599283	711.626327080	0.000	123.457	2245.DSG_RAWD_HMS_23_30_ 0__DMY_12_ 9_15.wav	0.1267	8.6260	25	3	2	2	
95	Spectrogram 1	1	712.259966063	712.406190444	0.000	135.802	2245.DSG_RAWD_HMS_23_30_ 0__DMY_12_ 9_15.wav	0.1462	9.3864	25	3	2	2	
96	Spectrogram 1	1	716.422486768	716.558962856	0.000	118.827	2246.DSG_RAWD_HMS_23_35_ 0__DMY_12_ 9_15.wav	0.1365	2.8993	25	3	2	2	
97	Spectrogram 1	1	717.338826220	717.514295477	0.000	118.827	2246.DSG_RAWD_HMS_23_35_ 0__DMY_12_ 9_15.wav	0.1755	3.8156	25	1	2	2	
98	Spectrogram 1	1	718.294158841	718.391641761	0.000	175.926	2246.DSG_RAWD_HMS_23_35_ 0__DMY_12_ 9_15.wav	0.0975	4.7710	25	3	2	2	
99	Spectrogram 1	1	719.824650736	719.912385364	0.000	160.494	2246.DSG_RAWD_HMS_23_35_ 0__DMY_12_ 9_15.wav	0.0877	6.3015	25	1	2	2	
100	Spectrogram 1	1	720.711745312	720.857969693	0.000	112.654	2246.DSG_RAWD_HMS_23_35_ 0__DMY_12_ 9_15.wav	0.1462	7.1885	25	3	2	2	
101	Spectrogram 1	1	723.948178272	724.065157776	0.000	151.235	2246.DSG_RAWD_HMS_23_35_ 0__DMY_12_ 9_15.wav	0.1170	10.4250	25	1	2	2	
102	Spectrogram 1	1	724.650055299	724.767034804	0.000	118.827	2247.DSG_RAWD_HMS_23_40_ 0__DMY_12_ 9_15.wav	0.1170	0.4773	25	3	2	2	
103	Spectrogram 1	1	726.395009238	726.521737034	0.000	117.284	2247.DSG_RAWD_HMS_23_40_ 0__DMY_12_ 9_15.wav	0.1267	2.2222	25	3	2	2	
104	Spectrogram 1	1	727.925491089	728.071715470	0.000	134.259	2247.DSG_RAWD_HMS_23_40_ 0__DMY_12_ 9_15.wav	0.1462	3.7527	25	3	2	2	
105	Spectrogram 1	1	728.529885196	728.685857869	0.000	158.951	2247.DSG_RAWD_HMS_23_40_ 0__DMY_12_ 9_15.wav	0.1560	4.3571	25	1	2	2	
106	Spectrogram 1	1	729.553455861	729.767918286	0.000	245.370	2247.DSG_RAWD_HMS_23_40_ 0__DMY_12_ 9_15.wav	0.2145	5.3807	25	1	2	2	
107	Spectrogram 1	1	732.741147361	732.916616618	0.000	384.259	2247.DSG_RAWD_HMS_23_40_ 0__DMY_12_ 9_15.wav	0.1755	8.5683	25	1	2	2	
108	Spectrogram 1	1	734.310633780	734.476354745	0.000	94.136	2247.DSG_RAWD_HMS_23_40_ 0__DMY_12_ 9_15.wav	0.1657	10.1378	25	3	2	2	
109	Spectrogram 1	1	736.718461916	736.903679465	0.000	152.778	2248.DSG_RAWD_HMS_23_45_ 0__DMY_12_ 9_15.wav	0.1852	1.8961	25	1	2	2	
110	Spectrogram 1	1	738.307433519	738.443909608	0.000	120.370	2248.DSG_RAWD_HMS_23_45_ 0__DMY_12_ 9_15.wav	0.1365	3.4850	25	3	2	2	
111	Spectrogram 1	1	740.919985789	741.095455046	0.000	143.519	2248.DSG_RAWD_HMS_23_45_ 0__DMY_12_ 9_15.wav	0.1755	6.0976	25	3	2	2	
112	Spectrogram 1	1	742.908637367	743.074358332	0.000	145.062	2248.DSG_RAWD_HMS_23_45_ 0__DMY_12_ 9_15.wav	0.1657	8.0862	25	3	2	2	
113	Spectrogram 1	1	743.142596376	743.288820757	0.000	106.481	2248.DSG_RAWD_HMS_23_45_ 0__DMY_12_ 9_15.wav	0.1462	8.3202	25	3	2	2	
114	Spectrogram 1	1	744.741316272	744.877792361	0.000	111.111	2248.DSG_RAWD_HMS_23_45_ 0__DMY_12_ 9_15.wav	0.1365	9.9189	25	3	2	2	
115	Spectrogram 1	1	745.170241122	745.277472335	0.000	138.889	2248.DSG_RAWD_HMS_23_45_ 0__DMY_12_ 9_15.wav	0.1072	10.3478	25	3	2	2	
116	Spectrogram 1	1	746.184063495	746.291294708	0.000	143.519	2249.DSG_RAWD_HMS_23_50_ 0__DMY_12_ 9_15.wav	0.1072	0.7121	25	3	2	2	
117	Spectrogram 1	1	746.291294708	746.408274212	0.000	104.938	2249.DSG_RAWD_HMS_23_50_ 0__DMY_12_ 9_15.wav	0.1170	0.8193	25	3	2	2	
118	Spectrogram 1	1	747.821784568	747.968008949	0.000	148.148	2249.DSG_RAWD_HMS_23_50_ 0__DMY_12_ 9_15.wav	0.1462	2.3498	25	3	2	2	
119	Spectrogram 1	1	751.526143259	752.598455384	0.000	172.840	2249.DSG_RAWD_HMS_23_50_ 0__DMY_12_ 9_15.wav	1.0723	6.0541	27	3	2	2	
120	Spectrogram 1	1	753.894978227	754.041202607	0.000	103.395	2249.DSG_RAWD_HMS_23_50_ 0__DMY_12_ 9_15.wav	0.1462	8.4230	25	3	2	2	
121	Spectrogram 1	1	754.840562555	754.977038644	0.000	154.321	2249.DSG_RAWD_HMS_23_50_ 0__DMY_12_ 9_15.wav	0.1365	9.3686	25	3	2	2	
122	Spectrogram 1	1	754.986786936	755.142759609	0.000	273.148	2249.DSG_RAWD_HMS_23_50_ 0__DMY_12_ 9_15.wav	0.1560	9.5148	25	1	2	2	
123	Spectrogram 1	1	756.312554654	756.449030743	0.000	103.395	2250.DSG_RAWD_HMS_23_55_ 0__DMY_12_ 9_15.wav	0.1365	0.1910	25	3	2	2	
124	Spectrogram 1	1	756.575758540	756.741479505	0.000	146.605	2250.DSG_RAWD_HMS_23_55_ 0__DMY_12_ 9_15.wav	0.1657	0.4542	25	3	2	2	
125	Spectrogram 1	1	758.193975020	758.340199400	0.000	256.173	2250.DSG_RAWD_HMS_23_55_ 0__DMY_12_ 9_15.wav	0.1462	2.0724	25	1	2	2	
126	Spectrogram 1	1	760.660302273	760.826023238	0.000	231.481	2250.DSG_RAWD_HMS_23_55_ 0__DMY_12_ 9_15.wav	0.1657	4.5387	25	1	2	2	
127	Spectrogram 1	1	760.865016406	760.991744203	0.000	138.889	2250.DSG_RAWD_HMS_23_55_ 0__DMY_12_ 9_15.wav	0.1267	4.7434	25	3	2	2	
128	Spectrogram 1	1	761.059982247	761.303689548	0.000	228.395	2250.DSG_RAWD_HMS_23_55_ 0__DMY_12_ 9_15.wav	0.2437	4.9384	25	1	2	2	
129	Spectrogram 1	1	762.824423108	762.990144072	0.000	199.074	2250.DSG_RAWD_HMS_23_55_ 0__DMY_12_ 9_15.wav	0.1657	6.7028	25	1	2	2	
130	Spectrogram 1	1	763.809000604	763.955224985	0.000	149.691	2250.DSG_RAWD_HMS_23_55_ 0__DMY_12_ 9_15.wav	0.1462	7.6874	25	3	2	2	
131	Spectrogram 1	1	765.203012682	765.358985354	0.000	143.519	2250.DSG_RAWD_HMS_23_55_ 0__DMY_12_ 9_15.wav	0.1560	9.0814	25	3	2	2	
132	Spectrogram 1	1	765.407726815	765.514958027	0.000	149.691	2250.DSG_RAWD_HMS_23_55_ 0__DMY_12_ 9_15.wav	0.1072	9.2861	25	3	2	2	
133	Spectrogram 1	1	766.908963790	767.064936463	0.000	154.321	2251.DSG_RAWD_HMS_ 0_ 0_ 0__DMY_13_ 9_15.wav	0.1560	0.1378	25	1	2	2	
134	Spectrogram 1	1	767.708323738	767.815554950	0.000	143.519	2251.DSG_RAWD_HMS_ 0_ 0_ 0__DMY_13_ 9_15.wav	0.1072	0.9371	25	3	2	2	
135	Spectrogram 1	1	769.336293510	769.424028139	0.000	101.852	2251.DSG_RAWD_HMS_ 0_ 0_ 0__DMY_13_ 9_15.wav	0.0877	2.5651	25	3	2	2	
136	Spectrogram 1	1	769.492266183	769.599497396	0.000	175.926	2251.DSG_RAWD_HMS_ 0_ 0_ 0__DMY_13_ 9_15.wav	0.1072	2.7211	25	1	2	2	
137	Spectrogram 1	1	770.535333432	770.671809521	0.000	231.481	2251.DSG_RAWD_HMS_ 0_ 0_ 0__DMY_13_ 9_15.wav	0.1365	3.7641	25	1	2	2	
138	Spectrogram 1	1	770.749795857	770.876523654	0.000	91.049	2251.DSG_RAWD_HMS_ 0_ 0_ 0__DMY_13_ 9_15.wav	0.1267	3.9786	25	3	2	2	
139	Spectrogram 1	1	771.022748035	771.149475831	0.000	158.951	2251.DSG_RAWD_HMS_ 0_ 0_ 0__DMY_13_ 9_15.wav	0.1267	4.2515	25	1	2	2	
140	Spectrogram 1	1	771.861101151	771.997577239	0.000	97.222	2251.DSG_RAWD_HMS_ 0_ 0_ 0__DMY_13_ 9_15.wav	0.1365	5.0899	25	3	2	2	
141	Spectrogram 1	1	772.514236718	772.650712807	0.000	87.963	2251.DSG_RAWD_HMS_ 0_ 0_ 0__DMY_13_ 9_15.wav	0.1365	5.7430	25	3	2	2	
142	Spectrogram 1	1	773.167372285	773.313596666	0.000	132.716	2251.DSG_RAWD_HMS_ 0_ 0_ 0__DMY_13_ 9_15.wav	0.1462	6.3962	25	3	2	2	
143	Spectrogram 1	1	774.142209118	774.259188622	0.000	114.198	2251.DSG_RAWD_HMS_ 0_ 0_ 0__DMY_13_ 9_15.wav	0.1170	7.3710	25	3	2	2	
144	Spectrogram 1	1	775.594704633	775.682439261	0.000	143.519	2251.DSG_RAWD_HMS_ 0_ 0_ 0__DMY_13_ 9_15.wav	0.0877	8.8235	25	3	2	2	
145	Spectrogram 1	1	775.682439261	775.789670474	0.000	246.914	2251.DSG_RAWD_HMS_ 0_ 0_ 0__DMY_13_ 9_15.wav	0.1072	8.9112	25	1	2	2	
146	Spectrogram 1	1	777.641845963	777.768573760	0.000	145.062	2252.DSG_RAWD_HMS_ 0_ 5_ 0__DMY_13_ 9_15.wav	0.1267	0.2210	25	3	2	2	
147	Spectrogram 1	1	778.031777645	778.187750318	0.000	86.420	2252.DSG_RAWD_HMS_ 0_ 5_ 0__DMY_13_ 9_15.wav	0.1560	0.6110	25	3	2	2	
148	Spectrogram 1	1	779.328300487	779.464776576	0.000	211.420	2252.DSG_RAWD_HMS_ 0_ 5_ 0__DMY_13_ 9_15.wav	0.1365	1.9075	25	1	2	2	
149	Spectrogram 1	1	781.784882118	781.901861623	0.000	175.926	2252.DSG_RAWD_HMS_ 0_ 5_ 0__DMY_13_ 9_15.wav	0.1170	4.3641	25	1	2	2	
150	Spectrogram 1	1	782.564748131	782.652482760	0.000	126.543	2252.DSG_RAWD_HMS_ 0_ 5_ 0__DMY_13_ 9_15.wav	0.0877	5.1439	25	3	2	2	
151	Spectrogram 1	1	782.662231052	782.769462264	0.000	279.321	2252.DSG_RAWD_HMS_ 0_ 5_ 0__DMY_13_ 9_15.wav	0.1072	5.2414	25	1	2	2	
152	Spectrogram 1	1	783.939257310	784.085481691	0.000	217.593	2252.DSG_RAWD_HMS_ 0_ 5_ 0__DMY_13_ 9_15.wav	0.1462	6.5185	25	1	2	2	
153	Spectrogram 1	1	785.118800648	785.255276736	0.000	220.679	2252.DSG_RAWD_HMS_ 0_ 5_ 0__DMY_13_ 9_15.wav	0.1365	7.6980	25	1	2	2	
154	Spectrogram 1	1	787.039214181	787.126948809	0.000	188.272	2252.DSG_RAWD_HMS_ 0_ 5_ 0__DMY_13_ 9_15.wav	0.0877	9.6184	25	1	2	2	
155	Spectrogram 1	1	787.161067832	787.268299044	0.000	131.173	2252.DSG_RAWD_HMS_ 0_ 5_ 0__DMY_13_ 9_15.wav	0.1072	9.7403	25	3	2	2	
156	Spectrogram 1	1	787.692349748	787.828825837	0.000	154.321	2252.DSG_RAWD_HMS_ 0_ 5_ 0__DMY_13_ 9_15.wav	0.1365	10.2715	25	1	2	2	
157	Spectrogram 1	1	789.934456919	790.109926176	0.000	197.531	2253.DSG_RAWD_HMS_ 0_10_ 0__DMY_13_ 9_15.wav	0.1755	1.8641	25	1	2	2	
158	Spectrogram 1	1	790.616837363	790.782558327	0.000	125.000	2253.DSG_RAWD_HMS_ 0_10_ 0__DMY_13_ 9_15.wav	0.1657	2.5464	25	3	2	2	
159	Spectrogram 1	1	790.889789540	791.065258797	0.000	203.704	2253.DSG_RAWD_HMS_ 0_10_ 0__DMY_13_ 9_15.wav	0.1755	2.8194	25	3	2	2	
160	Spectrogram 1	1	792.888202970	793.034427350	0.000	141.975	2253.DSG_RAWD_HMS_ 0_10_ 0__DMY_13_ 9_15.wav	0.1462	4.8178	25	3	2	2	
161	Spectrogram 1	1	794.252963856	794.438181405	0.000	108.025	2253.DSG_RAWD_HMS_ 0_10_ 0__DMY_13_ 9_15.wav	0.1852	6.1826	25	3	2	2	
162	Spectrogram 1	1	795.500745239	795.646969619	0.000	134.259	2253.DSG_RAWD_HMS_ 0_10_ 0__DMY_13_ 9_15.wav	0.1462	7.4303	25	3	2	2	
163	Spectrogram 1	1	796.992233922	797.148206595	0.000	160.494	2253.DSG_RAWD_HMS_ 0_10_ 0__DMY_13_ 9_15.wav	0.1560	8.9218	25	1	2	2	
164	Spectrogram 1	1	797.772097286	797.947566543	0.000	199.074	2253.DSG_RAWD_HMS_ 0_10_ 0__DMY_13_ 9_15.wav	0.1755	9.7017	25	1	2	2	
165	Spectrogram 1	1	795.802946021	795.890680650	0.000	145.062	2253.DSG_RAWD_HMS_ 0_10_ 0__DMY_13_ 9_15.wav	0.0877	7.7325	25	3	2	2	
166	Spectrogram 1	1	798.776175096	798.932147768	0.000	108.025	2254.DSG_RAWD_HMS_ 0_15_ 0__DMY_13_ 9_15.wav	0.1560	0.0562	25	3	2	2	
167	Spectrogram 1	1	800.082446230	800.228670611	0.000	324.074	2254.DSG_RAWD_HMS_ 0_15_ 0__DMY_13_ 9_15.wav	0.1462	1.3624	25	1	2	2	
168	Spectrogram 1	1	803.338386241	803.504107206	0.000	143.519	2254.DSG_RAWD_HMS_ 0_15_ 0__DMY_13_ 9_15.wav	0.1657	4.6184	25	3	2	2	
169	Spectrogram 1	1	803.582093542	803.786807675	0.000	186.728	2254.DSG_RAWD_HMS_ 0_15_ 0__DMY_13_ 9_15.wav	0.2047	4.8621	25	1	2	2	
170	Spectrogram 1	1	805.980173386	806.087404598	0.000	143.519	2254.DSG_RAWD_HMS_ 0_15_ 0__DMY_13_ 9_15.wav	0.1072	7.2602	25	3	2	2	
171	Spectrogram 1	1	807.110975263	807.247451352	0.000	242.284	2254.DSG_RAWD_HMS_ 0_15_ 0__DMY_13_ 9_15.wav	0.1365	8.3910	25	1	2	2	
172	Spectrogram 1	1	807.452165485	807.617886450	0.000	200.617	2254.DSG_RAWD_HMS_ 0_15_ 0__DMY_13_ 9_15.wav	0.1657	8.7322	25	1	2	2	
173	Spectrogram 1	1	808.924171483	809.109389032	0.000	217.593	2254.DSG_RAWD_HMS_ 0_15_ 0__DMY_13_ 9_15.wav	0.1852	10.2042	25	1	2	2	
174	Spectrogram 1	1	809.567558758	809.743028015	0.000	151.235	2255.DSG_RAWD_HMS_ 0_20_ 0__DMY_13_ 9_15.wav	0.1755	0.1980	25	1	2	2	
175	Spectrogram 1	1	811.780421053	811.907148850	0.000	103.395	2255.DSG_RAWD_HMS_ 0_20_ 0__DMY_13_ 9_15.wav	0.1267	2.4108	25	3	2	2	
176	Spectrogram 1	1	812.472549789	812.609025877	0.000	236.111	2255.DSG_RAWD_HMS_ 0_20_ 0__DMY_13_ 9_15.wav	0.1365	3.1029	25	1	2	2	
177	Spectrogram 1	1	813.232916568	813.369392657	0.000	143.519	2255.DSG_RAWD_HMS_ 0_20_ 0__DMY_13_ 9_15.wav	0.1365	3.8633	25	3	2	2	
178	Spectrogram 1	1	813.788569215	813.895800428	0.000	131.173	2255.DSG_RAWD_HMS_ 0_20_ 0__DMY_13_ 9_15.wav	0.1072	4.4190	25	3	2	2	
179	Spectrogram 1	1	813.895800428	814.032276516	0.000	131.173	2255.DSG_RAWD_HMS_ 0_20_ 0__DMY_13_ 9_15.wav	0.1365	4.5262	25	3	2	2	
180	Spectrogram 1	1	814.548935995	814.695160376	0.000	103.395	2255.DSG_RAWD_HMS_ 0_20_ 0__DMY_13_ 9_15.wav	0.1462	5.1793	25	3	2	2	
181	Spectrogram 1	1	817.375956622	817.541677587	0.000	212.963	2255.DSG_RAWD_HMS_ 0_20_ 0__DMY_13_ 9_15.wav	0.1657	8.0064	25	1	2	2	
182	Spectrogram 1	1	818.896690181	819.052662854	0.000	135.802	2255.DSG_RAWD_HMS_ 0_20_ 0__DMY_13_ 9_15.wav	0.1560	9.5271	25	3	2	2	
183	Spectrogram 1	1	821.840674380	821.938157300	0.000	148.148	2256.DSG_RAWD_HMS_ 0_25_ 0__DMY_13_ 9_15.wav	0.0975	1.8215	25	3	2	2	
184	Spectrogram 1	1	822.103878265	822.289095814	0.000	260.802	2256.DSG_RAWD_HMS_ 0_25_ 0__DMY_13_ 9_15.wav	0.1852	2.0847	25	1	2	2	
185	Spectrogram 1	1	824.355733728	824.560447861	0.000	203.704	2256.DSG_RAWD_HMS_ 0_25_ 0__DMY_13_ 9_15.wav	0.2047	4.3365	25	1	2	2	
186	Spectrogram 1	1	825.740001030	825.905721995	0.000	223.765	2256.DSG_RAWD_HMS_ 0_25_ 0__DMY_13_ 9_15.wav	0.1657	5.7208	25	1	2	2	
187	Spectrogram 1	1	826.880551199	827.026775580	0.000	104.938	2256.DSG_RAWD_HMS_ 0_25_ 0__DMY_13_ 9_15.wav	0.1462	6.8614	25	3	2	2	
188	Spectrogram 1	1	827.982108201	828.177074042	0.000	134.259	2256.DSG_RAWD_HMS_ 0_25_ 0__DMY_13_ 9_15.wav	0.1950	7.9629	25	3	2	2	
189	Spectrogram 1	1	830.078002856	830.194982361	0.000	108.025	2256.DSG_RAWD_HMS_ 0_25_ 0__DMY_13_ 9_15.wav	0.1170	10.0588	25	3	2	2	
190	Spectrogram 1	1	830.877362804	831.082076937	0.000	94.136	2257.DSG_RAWD_HMS_ 0_30_ 0__DMY_13_ 9_15.wav	0.2047	0.2086	25	3	2	2	
191	Spectrogram 1	1	831.520750079	832.671048541	0.000	175.926	2257.DSG_RAWD_HMS_ 0_30_ 0__DMY_13_ 9_15.wav	1.1503	0.8520	27	1	2	2	
192	Spectrogram 1	1	833.012238763	833.177959727	0.000	121.914	2257.DSG_RAWD_HMS_ 0_30_ 0__DMY_13_ 9_15.wav	0.1657	2.3434	25	3	2	2	
193	Spectrogram 1	1	833.246197772	833.421667029	0.000	138.889	2257.DSG_RAWD_HMS_ 0_30_ 0__DMY_13_ 9_15.wav	0.1755	2.5774	25	3	2	2	
194	Spectrogram 1	1	834.162537224	834.347754773	0.000	143.519	2257.DSG_RAWD_HMS_ 0_30_ 0__DMY_13_ 9_15.wav	0.1852	3.4937	25	3	2	2	
195	Spectrogram 1	1	835.381073730	835.556542987	0.000	197.531	2257.DSG_RAWD_HMS_ 0_30_ 0__DMY_13_ 9_15.wav	0.1755	4.7123	25	1	2	2	
196	Spectrogram 1	1	835.887984917	836.034209297	0.000	140.432	2257.DSG_RAWD_HMS_ 0_30_ 0__DMY_13_ 9_15.wav	0.1462	5.2192	25	3	2	2	
197	Spectrogram 1	1	836.667848281	836.833569245	0.000	149.691	2257.DSG_RAWD_HMS_ 0_30_ 0__DMY_13_ 9_15.wav	0.1657	5.9990	25	3	2	2	
198	Spectrogram 1	1	838.061867603	838.344568073	0.000	202.160	2257.DSG_RAWD_HMS_ 0_30_ 0__DMY_13_ 9_15.wav	0.2827	7.3931	25	1	2	2	
199	Spectrogram 1	1	840.781641085	841.025348386	0.000	155.864	2257.DSG_RAWD_HMS_ 0_30_ 0__DMY_13_ 9_15.wav	0.2437	10.1128	25	1	2	2	
200	Spectrogram 1	1	841.542007864	841.785715166	0.000	100.309	2257.DSG_RAWD_HMS_ 0_30_ 0__DMY_13_ 9_15.wav	0.2437	10.8732	25	3	2	2	
201	Spectrogram 1	1	842.156150263	842.234136600	0.000	205.247	2257.DSG_RAWD_HMS_ 0_30_ 0__DMY_13_ 9_15.wav	0.0780	11.4874	25	1	2	2	
202	Spectrogram 1	1	842.234136600	842.341367812	0.000	195.988	2257.DSG_RAWD_HMS_ 0_30_ 0__DMY_13_ 9_15.wav	0.1072	11.5653	25	1	2	2	
203	Spectrogram 1	1	843.189469221	843.345441893	0.000	129.630	2258.DSG_RAWD_HMS_ 0_35_ 0__DMY_13_ 9_15.wav	0.1560	0.6423	25	3	2	2	
204	Spectrogram 1	1	845.548569795	845.704542468	0.000	143.519	2258.DSG_RAWD_HMS_ 0_35_ 0__DMY_13_ 9_15.wav	0.1560	3.0014	25	3	2	2	
205	Spectrogram 1	1	845.957998061	846.065229274	0.000	186.728	2258.DSG_RAWD_HMS_ 0_35_ 0__DMY_13_ 9_15.wav	0.1072	3.4108	25	1	2	2	
206	Spectrogram 1	1	846.172460486	846.377174619	0.000	180.556	2258.DSG_RAWD_HMS_ 0_35_ 0__DMY_13_ 9_15.wav	0.2047	3.6253	25	1	2	2	
207	Spectrogram 1	1	848.200105232	848.326833029	0.000	98.765	2258.DSG_RAWD_HMS_ 0_35_ 0__DMY_13_ 9_15.wav	0.1267	5.6529	25	3	2	2	
208	Spectrogram 1	1	848.960472012	849.126192977	0.000	138.889	2258.DSG_RAWD_HMS_ 0_35_ 0__DMY_13_ 9_15.wav	0.1657	6.4133	25	3	2	2	
209	Spectrogram 1	1	849.545369535	849.711090500	0.000	189.815	2258.DSG_RAWD_HMS_ 0_35_ 0__DMY_13_ 9_15.wav	0.1657	6.9982	25	1	2	2	
210	Spectrogram 1	1	851.436538192	851.534021113	0.000	137.346	2258.DSG_RAWD_HMS_ 0_35_ 0__DMY_13_ 9_15.wav	0.0975	8.8893	25	3	2	2	
211	Spectrogram 1	1	852.684319574	852.840292247	0.000	148.148	2258.DSG_RAWD_HMS_ 0_35_ 0__DMY_13_ 9_15.wav	0.1560	10.1371	25	3	2	2	
212	Spectrogram 1	1	854.945936889	855.092161270	0.000	157.407	2259.DSG_RAWD_HMS_ 0_40_ 0__DMY_13_ 9_15.wav	0.1462	1.7491	25	1	2	2	
213	Spectrogram 1	1	855.725800253	855.989004138	0.000	177.469	2259.DSG_RAWD_HMS_ 0_40_ 0__DMY_13_ 9_15.wav	0.2632	2.5290	25	1	2	2	
214	Spectrogram 1	1	857.246533813	857.441499654	0.000	242.284	2259.DSG_RAWD_HMS_ 0_40_ 0__DMY_13_ 9_15.wav	0.1950	4.0497	25	1	2	2	
215	Spectrogram 1	1	858.932988337	859.147450762	0.000	125.000	2259.DSG_RAWD_HMS_ 0_40_ 0__DMY_13_ 9_15.wav	0.2145	5.7362	25	3	2	2	
216	Spectrogram 1	1	861.058116003	861.223836968	0.000	132.716	2259.DSG_RAWD_HMS_ 0_40_ 0__DMY_13_ 9_15.wav	0.1657	7.8613	25	3	2	2	
217	Spectrogram 1	1	861.964707164	862.120679837	0.000	259.259	2259.DSG_RAWD_HMS_ 0_40_ 0__DMY_13_ 9_15.wav	0.1560	8.7679	25	1	2	2	
218	Spectrogram 1	1	865.240151937	865.405872902	0.000	149.691	2260.DSG_RAWD_HMS_ 0_45_ 0__DMY_13_ 9_15.wav	0.1657	1.3938	25	3	2	2	
219	Spectrogram 1	1	866.292967478	866.409946983	0.000	236.111	2260.DSG_RAWD_HMS_ 0_45_ 0__DMY_13_ 9_15.wav	0.1170	2.4466	25	1	2	2	
220	Spectrogram 1	1	867.209306931	867.394524480	0.000	148.148	2260.DSG_RAWD_HMS_ 0_45_ 0__DMY_13_ 9_15.wav	0.1852	3.3629	25	3	2	2	
221	Spectrogram 1	1	868.954251207	869.119972172	0.000	143.519	2260.DSG_RAWD_HMS_ 0_45_ 0__DMY_13_ 9_15.wav	0.1657	5.1079	25	3	2	2	
222	Spectrogram 1	1	870.163039421	870.241025757	0.000	189.815	2260.DSG_RAWD_HMS_ 0_45_ 0__DMY_13_ 9_15.wav	0.0780	6.3166	25	1	2	2	
223	Spectrogram 1	1	870.241025757	870.348256970	0.000	166.667	2260.DSG_RAWD_HMS_ 0_45_ 0__DMY_13_ 9_15.wav	0.1072	6.3946	25	1	2	2	
224	Spectrogram 1	1	870.786930112	870.942902785	0.000	128.086	2260.DSG_RAWD_HMS_ 0_45_ 0__DMY_13_ 9_15.wav	0.1560	6.9405	25	3	2	2	
225	Spectrogram 1	1	873.516469514	873.672442186	0.000	243.827	2260.DSG_RAWD_HMS_ 0_45_ 0__DMY_13_ 9_15.wav	0.1560	9.6701	25	1	2	2	
226	Spectrogram 1	1	873.691938770	873.857659735	0.000	165.123	2260.DSG_RAWD_HMS_ 0_45_ 0__DMY_13_ 9_15.wav	0.1657	9.8455	25	1	2	2	
227	Spectrogram 1	1	875.271162082	875.407638171	0.000	141.975	2261.DSG_RAWD_HMS_ 0_50_ 0__DMY_13_ 9_15.wav	0.1365	0.7752	25	3	2	2	
228	Spectrogram 1	1	876.431208836	876.616426385	0.000	131.173	2261.DSG_RAWD_HMS_ 0_50_ 0__DMY_13_ 9_15.wav	0.1852	1.9352	25	3	2	2	
229	Spectrogram 1	1	878.020180440	878.156656528	0.000	148.148	2261.DSG_RAWD_HMS_ 0_50_ 0__DMY_13_ 9_15.wav	0.1365	3.5242	25	3	2	2	
230	Spectrogram 1	1	879.628648628	879.774873008	0.000	141.975	2261.DSG_RAWD_HMS_ 0_50_ 0__DMY_13_ 9_15.wav	0.1462	5.1326	25	3	2	2	
231	Spectrogram 1	1	880.067321770	880.233042735	0.000	120.370	2261.DSG_RAWD_HMS_ 0_50_ 0__DMY_13_ 9_15.wav	0.1657	5.5713	25	3	2	2	
232	Spectrogram 1	1	881.285858276	881.412586072	0.000	199.074	2261.DSG_RAWD_HMS_ 0_50_ 0__DMY_13_ 9_15.wav	0.1267	6.7899	25	1	2	2	
233	Spectrogram 1	1	881.432082656	881.568558745	4.630	149.691	2261.DSG_RAWD_HMS_ 0_50_ 0__DMY_13_ 9_15.wav	0.1365	6.9361	25	3	2	2	
234	Spectrogram 1	1	885.146196165	885.311917130	0.000	174.383	2262.DSG_RAWD_HMS_ 0_55_ 0__DMY_13_ 9_15.wav	0.1657	0.0006	25	1	2	2	
235	Spectrogram 1	1	888.031690611	888.158418407	0.000	131.173	2262.DSG_RAWD_HMS_ 0_55_ 0__DMY_13_ 9_15.wav	0.1267	2.8861	25	3	2	2	
236	Spectrogram 1	1	888.870043727	888.977274939	0.000	223.765	2262.DSG_RAWD_HMS_ 0_55_ 0__DMY_13_ 9_15.wav	0.1072	3.7244	25	1	2	2	
237	Spectrogram 1	1	890.936694523	891.082918904	0.000	274.691	2262.DSG_RAWD_HMS_ 0_55_ 0__DMY_13_ 9_15.wav	0.1462	5.7911	25	1	2	2	
238	Spectrogram 1	1	892.925346101	893.052073898	0.000	148.148	2262.DSG_RAWD_HMS_ 0_55_ 0__DMY_13_ 9_15.wav	0.1267	7.7797	25	3	2	2	
239	Spectrogram 1	1	893.149556818	893.305529491	0.000	310.185	2262.DSG_RAWD_HMS_ 0_55_ 0__DMY_13_ 9_15.wav	0.1560	8.0040	25	1	2	2	
240	Spectrogram 1	1	894.699535254	894.826263050	0.000	146.605	2262.DSG_RAWD_HMS_ 0_55_ 0__DMY_13_ 9_15.wav	0.1267	9.5539	25	3	2	2	
241	Spectrogram 1	1	895.108963520	895.284432776	0.000	209.877	2262.DSG_RAWD_HMS_ 0_55_ 0__DMY_13_ 9_15.wav	0.1755	9.9634	25	1	2	2	
242	Spectrogram 1	1	896.980635593	897.097615097	0.000	135.802	2263.DSG_RAWD_HMS_ 1_ 0_ 0__DMY_13_ 9_15.wav	0.1170	1.1854	25	3	2	2	
243	Spectrogram 1	1	898.306403311	898.501369152	0.000	246.914	2263.DSG_RAWD_HMS_ 1_ 0_ 0__DMY_13_ 9_15.wav	0.1950	2.5112	25	1	2	2	
244	Spectrogram 1	1	899.817404512	899.963628893	0.000	138.889	2263.DSG_RAWD_HMS_ 1_ 0_ 0__DMY_13_ 9_15.wav	0.1462	4.0222	25	3	2	2	
245	Spectrogram 1	1	900.607016168	900.792233717	0.000	251.543	2263.DSG_RAWD_HMS_ 1_ 0_ 0__DMY_13_ 9_15.wav	0.1852	4.8118	25	1	2	2	
246	Spectrogram 1	1	902.868619923	902.936857967	0.000	89.506	2263.DSG_RAWD_HMS_ 1_ 0_ 0__DMY_13_ 9_15.wav	0.0682	7.0734	25	3	2	2	
247	Spectrogram 1	1	903.209810144	903.385279401	0.000	169.753	2263.DSG_RAWD_HMS_ 1_ 0_ 0__DMY_13_ 9_15.wav	0.1755	7.4146	25	1	2	2	
248	Spectrogram 1	1	904.457591527	904.642809075	0.000	146.605	2263.DSG_RAWD_HMS_ 1_ 0_ 0__DMY_13_ 9_15.wav	0.1852	8.6624	25	3	2	2	
249	Spectrogram 1	1	905.286196351	905.520155360	0.000	226.852	2263.DSG_RAWD_HMS_ 1_ 0_ 0__DMY_13_ 9_15.wav	0.2340	9.4910	25	1	2	2	
250	Spectrogram 1	1	906.056311422	906.251277263	0.000	365.741	2263.DSG_RAWD_HMS_ 1_ 0_ 0__DMY_13_ 9_15.wav	0.1950	10.2611	25	1	2	2	
251	Spectrogram 1	1	906.494984565	906.660705529	0.000	157.407	2264.DSG_RAWD_HMS_ 1_ 5_ 0__DMY_13_ 9_15.wav	0.1657	0.0502	25	1	2	2	
252	Spectrogram 1	1	907.645283026	907.772010823	0.000	143.519	2264.DSG_RAWD_HMS_ 1_ 5_ 0__DMY_13_ 9_15.wav	0.1267	1.2005	25	3	2	2	
253	Spectrogram 1	1	907.898738619	908.083956168	0.000	112.654	2264.DSG_RAWD_HMS_ 1_ 5_ 0__DMY_13_ 9_15.wav	0.1852	1.4539	25	3	2	2	
254	Spectrogram 1	1	910.491801593	910.618529390	0.000	266.975	2264.DSG_RAWD_HMS_ 1_ 5_ 0__DMY_13_ 9_15.wav	0.1267	4.0470	25	1	2	2	
255	Spectrogram 1	1	911.798072728	912.022283445	0.000	211.420	2264.DSG_RAWD_HMS_ 1_ 5_ 0__DMY_13_ 9_15.wav	0.2242	5.3533	25	1	2	2	
256	Spectrogram 1	1	913.221323367	913.377296039	0.000	126.543	2264.DSG_RAWD_HMS_ 1_ 5_ 0__DMY_13_ 9_15.wav	0.1560	6.7765	25	3	2	2	
257	Spectrogram 1	1	913.698989677	913.854962350	0.000	243.827	2264.DSG_RAWD_HMS_ 1_ 5_ 0__DMY_13_ 9_15.wav	0.1560	7.2542	25	1	2	2	
258	Spectrogram 1	1	916.019083184	916.194552441	0.000	106.481	2264.DSG_RAWD_HMS_ 1_ 5_ 0__DMY_13_ 9_15.wav	0.1755	9.5743	25	3	2	2	
259	Spectrogram 1	1	918.826605532	918.963081621	0.000	114.198	2265.DSG_RAWD_HMS_ 1_10_ 0__DMY_13_ 9_15.wav	0.1365	1.7322	25	3	2	2	
260	Spectrogram 1	1	919.245782090	919.411503055	0.000	129.630	2265.DSG_RAWD_HMS_ 1_10_ 0__DMY_13_ 9_15.wav	0.1657	2.1514	25	3	2	2	
261	Spectrogram 1	1	922.258004333	922.472466758	0.000	115.741	2265.DSG_RAWD_HMS_ 1_10_ 0__DMY_13_ 9_15.wav	0.2145	5.1636	25	3	2	2	
262	Spectrogram 1	1	923.096357449	923.203588662	0.000	120.370	2265.DSG_RAWD_HMS_ 1_10_ 0__DMY_13_ 9_15.wav	0.1072	6.0020	25	3	2	2	
263	Spectrogram 1	1	925.260478284	925.416450956	0.000	145.062	2265.DSG_RAWD_HMS_ 1_10_ 0__DMY_13_ 9_15.wav	0.1560	8.1661	25	3	2	2	
264	Spectrogram 1	1	926.888458650	927.112669367	0.000	123.457	2265.DSG_RAWD_HMS_ 1_10_ 0__DMY_13_ 9_15.wav	0.2242	9.7941	25	3	2	2	
265	Spectrogram 1	1	928.516423422	928.691892679	0.000	106.481	2266.DSG_RAWD_HMS_ 1_15_ 0__DMY_13_ 9_15.wav	0.1755	0.7724	25	3	2	2	
266	Spectrogram 1	1	930.368598911	930.505075000	0.000	149.691	2266.DSG_RAWD_HMS_ 1_15_ 0__DMY_13_ 9_15.wav	0.1365	2.6246	25	3	2	2	
267	Spectrogram 1	1	930.505075000	930.631802796	0.000	140.432	2266.DSG_RAWD_HMS_ 1_15_ 0__DMY_13_ 9_15.wav	0.1267	2.7611	25	3	2	2	
268	Spectrogram 1	1	933.517308090	933.683029055	0.000	166.667	2266.DSG_RAWD_HMS_ 1_15_ 0__DMY_13_ 9_15.wav	0.1657	5.7733	25	1	2	2	
269	Spectrogram 1	1	935.116027986	935.272000659	0.000	245.370	2266.DSG_RAWD_HMS_ 1_15_ 0__DMY_13_ 9_15.wav	0.1560	7.3720	25	1	2	2	
270	Spectrogram 1	1	935.759415261	935.895891350	0.000	118.827	2266.DSG_RAWD_HMS_ 1_15_ 0__DMY_13_ 9_15.wav	0.1365	8.0154	25	3	2	2	
271	Spectrogram 1	1	936.558775209	936.743992758	0.000	143.519	2266.DSG_RAWD_HMS_ 1_15_ 0__DMY_13_ 9_15.wav	0.1852	8.8148	25	3	2	2	
272	Spectrogram 1	1	941.501166397	941.686383945	0.000	172.840	2267.DSG_RAWD_HMS_ 1_20_ 0__DMY_13_ 9_15.wav	0.1852	3.1076	25	1	2	2	
273	Spectrogram 1	1	941.705880530	941.842356618	0.000	291.667	2267.DSG_RAWD_HMS_ 1_20_ 0__DMY_13_ 9_15.wav	0.1365	3.3123	25	1	2	2	
274	Spectrogram 1	1	942.290778052	942.398009265	0.000	162.037	2267.DSG_RAWD_HMS_ 1_20_ 0__DMY_13_ 9_15.wav	0.1072	3.8972	25	1	2	2	
275	Spectrogram 1	1	945.419979800	945.546707596	0.000	162.037	2267.DSG_RAWD_HMS_ 1_20_ 0__DMY_13_ 9_15.wav	0.1267	7.0264	25	1	2	2	
276	Spectrogram 1	1	945.624693933	945.790414898	0.000	262.346	2267.DSG_RAWD_HMS_ 1_20_ 0__DMY_13_ 9_15.wav	0.1657	7.2311	25	1	2	2	
277	Spectrogram 1	1	946.326587232	946.424070153	0.000	120.370	2267.DSG_RAWD_HMS_ 1_20_ 0__DMY_13_ 9_15.wav	0.0975	7.9330	25	3	2	2	
278	Spectrogram 1	1	946.794505251	946.921233047	0.000	202.160	2267.DSG_RAWD_HMS_ 1_20_ 0__DMY_13_ 9_15.wav	0.1267	8.4009	25	1	2	2	
279	Spectrogram 1	1	949.494782148	949.679999697	0.000	115.741	2268.DSG_RAWD_HMS_ 1_25_ 0__DMY_13_ 9_15.wav	0.1852	0.4516	25	3	2	2	
280	Spectrogram 1	1	950.030938210	950.225904051	0.000	279.321	2268.DSG_RAWD_HMS_ 1_25_ 0__DMY_13_ 9_15.wav	0.1950	0.9877	25	1	2	2	
281	Spectrogram 1	1	952.984670701	953.101650206	0.000	125.000	2268.DSG_RAWD_HMS_ 1_25_ 0__DMY_13_ 9_15.wav	0.1170	3.9415	25	3	2	2	
282	Spectrogram 1	1	953.940003322	954.095975994	0.000	98.765	2268.DSG_RAWD_HMS_ 1_25_ 0__DMY_13_ 9_15.wav	0.1560	4.8968	25	3	2	2	
283	Spectrogram 1	1	955.002578342	955.158551015	0.000	166.667	2268.DSG_RAWD_HMS_ 1_25_ 0__DMY_13_ 9_15.wav	0.1560	5.9594	25	1	2	2	
284	Spectrogram 1	1	957.293426973	957.468896230	0.000	180.556	2268.DSG_RAWD_HMS_ 1_25_ 0__DMY_13_ 9_15.wav	0.1755	8.2502	25	1	2	2	
285	Spectrogram 1	1	962.596513780	962.732989869	0.000	242.284	2269.DSG_RAWD_HMS_ 1_30_ 0__DMY_13_ 9_15.wav	0.1365	2.9037	25	1	2	2	
286	Spectrogram 1	1	962.918207418	963.005942046	0.000	128.086	2269.DSG_RAWD_HMS_ 1_30_ 0__DMY_13_ 9_15.wav	0.0877	3.2254	25	3	2	2	
287	Spectrogram 1	1	964.331709765	964.458437561	0.000	109.568	2269.DSG_RAWD_HMS_ 1_30_ 0__DMY_13_ 9_15.wav	0.1267	4.6389	25	3	2	2	
288	Spectrogram 1	1	965.189559465	965.326035554	0.000	158.951	2269.DSG_RAWD_HMS_ 1_30_ 0__DMY_13_ 9_15.wav	0.1365	5.4968	25	1	2	2	
289	Spectrogram 1	1	968.055557327	968.143291955	0.000	112.654	2269.DSG_RAWD_HMS_ 1_30_ 0__DMY_13_ 9_15.wav	0.0877	8.3628	25	3	2	2	
290	Spectrogram 1	1	968.162788540	968.279768044	0.000	202.160	2269.DSG_RAWD_HMS_ 1_30_ 0__DMY_13_ 9_15.wav	0.1170	8.4700	25	1	2	2	
291	Spectrogram 1	1	969.127869452	969.293590417	0.000	183.642	2269.DSG_RAWD_HMS_ 1_30_ 0__DMY_13_ 9_15.wav	0.1657	9.4351	25	1	2	2	
292	Spectrogram 1	1	972.042624708	972.140107628	0.000	120.370	2270.DSG_RAWD_HMS_ 1_35_ 0__DMY_13_ 9_15.wav	0.0975	1.7002	25	3	2	2	
293	Spectrogram 1	1	972.861481240	972.968712452	0.000	112.654	2270.DSG_RAWD_HMS_ 1_35_ 0__DMY_13_ 9_15.wav	0.1072	2.5191	25	3	2	2	
294	Spectrogram 1	1	973.738827524	973.826562152	0.000	108.025	2270.DSG_RAWD_HMS_ 1_35_ 0__DMY_13_ 9_15.wav	0.0877	3.3964	25	3	2	2	
295	Spectrogram 1	1	977.374940458	977.521164838	0.000	192.901	2270.DSG_RAWD_HMS_ 1_35_ 0__DMY_13_ 9_15.wav	0.1462	7.0325	25	1	2	2	
296	Spectrogram 1	1	981.712945335	981.820176548	0.000	126.543	2271.DSG_RAWD_HMS_ 1_40_ 0__DMY_13_ 9_15.wav	0.1072	0.7209	25	3	2	2	
297	Spectrogram 1	1	985.972948960	986.109425049	0.000	141.975	2271.DSG_RAWD_HMS_ 1_40_ 0__DMY_13_ 9_15.wav	0.1365	4.9809	25	3	2	2	
298	Spectrogram 1	1	986.158166509	986.304390890	0.000	185.185	2271.DSG_RAWD_HMS_ 1_40_ 0__DMY_13_ 9_15.wav	0.1462	5.1662	25	1	2	2	
299	Spectrogram 1	1	993.791101895	993.898333108	0.000	104.938	2272.DSG_RAWD_HMS_ 1_45_ 0__DMY_13_ 9_15.wav	0.1072	2.1495	25	3	2	2	
300	Spectrogram 1	1	994.570965259	994.746434516	0.000	251.543	2272.DSG_RAWD_HMS_ 1_45_ 0__DMY_13_ 9_15.wav	0.1755	2.9294	25	1	2	2	
301	Spectrogram 1	1	995.555542756	995.760256889	0.000	148.148	2272.DSG_RAWD_HMS_ 1_45_ 0__DMY_13_ 9_15.wav	0.2047	3.9139	25	3	2	2	
302	Spectrogram 1	1	997.553942626	997.651425546	0.000	103.395	2272.DSG_RAWD_HMS_ 1_45_ 0__DMY_13_ 9_15.wav	0.0975	5.9123	25	3	2	2	
303	Spectrogram 1	1	999.805798089	999.932525886	0.000	111.111	2272.DSG_RAWD_HMS_ 1_45_ 0__DMY_13_ 9_15.wav	0.1267	8.1642	25	3	2	2	
304	Spectrogram 1	1	1001.813961167	1001.911444087	0.000	165.123	2272.DSG_RAWD_HMS_ 1_45_ 0__DMY_13_ 9_15.wav	0.0975	10.1724	25	3	2	2	
305	Spectrogram 1	1	1003.032497673	1003.227463514	1.543	256.173	2273.DSG_RAWD_HMS_ 1_50_ 0__DMY_13_ 9_15.wav	0.1950	0.7413	25	1	2	2	
306	Spectrogram 1	1	1004.173047842	1004.290027347	0.000	165.123	2273.DSG_RAWD_HMS_ 1_50_ 0__DMY_13_ 9_15.wav	0.1170	1.8818	25	1	2	2	
307	Spectrogram 1	1	1010.840894519	1011.006615484	0.000	185.185	2273.DSG_RAWD_HMS_ 1_50_ 0__DMY_13_ 9_15.wav	0.1657	8.5497	25	1	2	2	
308	Spectrogram 1	1	1015.227625941	1015.383598614	0.000	148.148	2274.DSG_RAWD_HMS_ 1_55_ 0__DMY_13_ 9_15.wav	0.1560	2.2868	25	3	2	2	
309	Spectrogram 1	1	1011.815723724	1011.971696397	0.000	146.605	2273.DSG_RAWD_HMS_ 1_50_ 0__DMY_13_ 9_15.wav	0.1560	9.5245	25	3	2	2	
310	Spectrogram 1	1	1017.079801430	1017.196780934	0.000	226.852	2274.DSG_RAWD_HMS_ 1_55_ 0__DMY_13_ 9_15.wav	0.1170	4.1390	25	1	2	2	
311	Spectrogram 1	1	1019.068461483	1019.234182447	0.000	143.519	2274.DSG_RAWD_HMS_ 1_55_ 0__DMY_13_ 9_15.wav	0.1657	6.1277	25	3	2	2	
312	Spectrogram 1	1	1020.998623308	1021.076609644	0.000	253.086	2274.DSG_RAWD_HMS_ 1_55_ 0__DMY_13_ 9_15.wav	0.0780	8.0578	25	1	2	2	
313	Spectrogram 1	1	1022.636336372	1022.772812461	0.000	94.136	2274.DSG_RAWD_HMS_ 1_55_ 0__DMY_13_ 9_15.wav	0.1365	9.6955	25	3	2	2	
314	Spectrogram 1	1	1023.815891787	1023.893878124	0.000	132.716	2275.DSG_RAWD_HMS_ 2_ 0_ 0__DMY_13_ 9_15.wav	0.0780	0.2255	25	3	2	2	
315	Spectrogram 1	1	1024.790720992	1024.907700497	0.000	240.741	2275.DSG_RAWD_HMS_ 2_ 0_ 0__DMY_13_ 9_15.wav	0.1170	1.2003	25	1	2	2	
316	Spectrogram 1	1	1029.430913346	1029.557641143	0.000	179.012	2275.DSG_RAWD_HMS_ 2_ 0_ 0__DMY_13_ 9_15.wav	0.1267	5.8405	25	1	2	2	
317	Spectrogram 1	1	1031.975217571	1032.082448783	0.000	120.370	2275.DSG_RAWD_HMS_ 2_ 0_ 0__DMY_13_ 9_15.wav	0.1072	8.3848	25	3	2	2	
318	Spectrogram 1	1	1033.642175511	1033.749406723	0.000	166.667	2275.DSG_RAWD_HMS_ 2_ 0_ 0__DMY_13_ 9_15.wav	0.1072	10.0518	25	1	2	2	
319	Spectrogram 1	1	1036.829880867	1036.937112080	0.000	109.568	2276.DSG_RAWD_HMS_ 2_ 5_ 0__DMY_13_ 9_15.wav	0.1072	2.5899	25	3	2	2	
320	Spectrogram 1	1	1037.551254479	1037.687730568	0.000	263.889	2276.DSG_RAWD_HMS_ 2_ 5_ 0__DMY_13_ 9_15.wav	0.1365	3.3113	25	1	2	2	
321	Spectrogram 1	1	1039.851851402	1039.998075783	0.000	234.568	2276.DSG_RAWD_HMS_ 2_ 5_ 0__DMY_13_ 9_15.wav	0.1462	5.6119	25	1	2	2	
322	Spectrogram 1	1	1044.794248183	1044.872234520	0.000	117.284	2276.DSG_RAWD_HMS_ 2_ 5_ 0__DMY_13_ 9_15.wav	0.0780	10.5542	25	3	2	2	
323	Spectrogram 1	1	1047.387293868	1047.494525081	0.000	112.654	2277.DSG_RAWD_HMS_ 2_10_ 0__DMY_13_ 9_15.wav	0.1072	2.4977	25	3	2	2	
324	Spectrogram 1	1	1049.551414703	1049.629401039	0.000	95.679	2277.DSG_RAWD_HMS_ 2_10_ 0__DMY_13_ 9_15.wav	0.0780	4.6618	25	3	2	2	
325	Spectrogram 1	1	1051.822773445	1051.998242702	0.000	140.432	2277.DSG_RAWD_HMS_ 2_10_ 0__DMY_13_ 9_15.wav	0.1755	6.9332	25	3	2	2	
326	Spectrogram 1	1	1055.234675662	1055.341906874	0.000	139.233	2277.DSG_RAWD_HMS_ 2_10_ 0__DMY_13_ 9_15.wav	0.1072	10.3451	25	3	2	2	
327	Spectrogram 1	1	1059.104757314	1059.211988526	0.000	348.082	2278.DSG_RAWD_HMS_ 2_15_ 0__DMY_13_ 9_15.wav	0.1072	3.5656	25	1	2	2	
328	Spectrogram 1	1	1059.406954367	1059.514185580	0.000	105.198	2278.DSG_RAWD_HMS_ 2_15_ 0__DMY_13_ 9_15.wav	0.1072	3.8678	25	3	2	2	
329	Spectrogram 1	1	1063.374509231	1063.540230195	0.000	224.319	2278.DSG_RAWD_HMS_ 2_15_ 0__DMY_13_ 9_15.wav	0.1657	7.8353	25	1	2	2	
330	Spectrogram 1	1	1065.675113866	1065.801841663	0.000	340.347	2278.DSG_RAWD_HMS_ 2_15_ 0__DMY_13_ 9_15.wav	0.1267	10.1359	25	1	2	2	
331	Spectrogram 1	1	1066.279507973	1066.454977230	0.000	191.832	2279.DSG_RAWD_HMS_ 2_20_ 0__DMY_13_ 9_15.wav	0.1755	0.0907	25	1	2	2	
332	Spectrogram 1	1	1070.461535941	1070.695494950	0.000	145.421	2279.DSG_RAWD_HMS_ 2_20_ 0__DMY_13_ 9_15.wav	0.2340	4.2727	25	3	2	2	
333	Spectrogram 1	1	1074.468083973	1074.731287858	0.000	133.045	2279.DSG_RAWD_HMS_ 2_20_ 0__DMY_13_ 9_15.wav	0.2632	8.2793	25	3	2	2	
334	Spectrogram 1	1	1076.359252630	1076.524973595	0.000	99.010	2279.DSG_RAWD_HMS_ 2_20_ 0__DMY_13_ 9_15.wav	0.1657	10.1705	25	3	2	2	
335	Spectrogram 1	1	1078.513637546	1078.659861927	0.000	148.515	2280.DSG_RAWD_HMS_ 2_25_ 0__DMY_13_ 9_15.wav	0.1462	1.6752	25	3	2	2	
336	Spectrogram 1	1	1080.862975930	1080.989703727	0.000	170.173	2280.DSG_RAWD_HMS_ 2_25_ 0__DMY_13_ 9_15.wav	0.1267	4.0246	25	1	2	2	
337	Spectrogram 1	1	1084.723306276	1084.908523825	0.000	360.458	2280.DSG_RAWD_HMS_ 2_25_ 0__DMY_13_ 9_15.wav	0.1852	7.8849	25	1	2	2	
338	Spectrogram 1	1	1086.146556915	1086.370767632	0.000	165.532	2280.DSG_RAWD_HMS_ 2_25_ 0__DMY_13_ 9_15.wav	0.2242	9.3082	25	1	2	2	
339	Spectrogram 1	1	1088.661616264	1088.885826981	0.000	215.037	2281.DSG_RAWD_HMS_ 2_30_ 0__DMY_13_ 9_15.wav	0.2242	1.1736	25	1	2	2	
340	Spectrogram 1	1	1095.836375229	1096.021592778	0.000	264.542	2281.DSG_RAWD_HMS_ 2_30_ 0__DMY_13_ 9_15.wav	0.1852	8.3484	25	1	2	2	
341	Spectrogram 1	1	1099.833174969	1100.028140810	0.000	119.121	2282.DSG_RAWD_HMS_ 2_35_ 0__DMY_13_ 9_15.wav	0.1950	1.6956	25	3	2	2	
342	Spectrogram 1	1	1107.534339078	1107.719556627	0.000	103.651	2282.DSG_RAWD_HMS_ 2_35_ 0__DMY_13_ 9_15.wav	0.1852	9.3967	25	3	2	2	
343	Spectrogram 1	1	1115.586440980	1115.742413653	0.000	114.480	2283.DSG_RAWD_HMS_ 2_40_ 0__DMY_13_ 9_15.wav	0.1560	6.7992	25	3	2	2	
344	Spectrogram 1	1	1118.832622232	1118.988594905	0.000	247.525	2283.DSG_RAWD_HMS_ 2_40_ 0__DMY_13_ 9_15.wav	0.1560	10.0454	25	1	2	2	
345	Spectrogram 1	1	1120.792039316	1120.928515404	0.000	276.918	2284.DSG_RAWD_HMS_ 2_45_ 0__DMY_13_ 9_15.wav	0.1365	1.3552	25	1	2	2	
346	Spectrogram 1	1	1121.484168051	1121.610895848	0.000	83.540	2284.DSG_RAWD_HMS_ 2_45_ 0__DMY_13_ 9_15.wav	0.1267	2.0474	25	3	2	2	
347	Spectrogram 1	1	1123.911492771	1123.979730815	0.000	114.480	2284.DSG_RAWD_HMS_ 2_45_ 0__DMY_13_ 9_15.wav	0.0682	4.4747	25	3	2	2	
348	Spectrogram 1	1	1125.042294649	1125.237260490	0.000	97.463	2284.DSG_RAWD_HMS_ 2_45_ 0__DMY_13_ 9_15.wav	0.1950	5.6055	25	3	2	2	
349	Spectrogram 1	1	1127.459881840	1127.615854513	0.000	262.995	2284.DSG_RAWD_HMS_ 2_45_ 0__DMY_13_ 9_15.wav	0.1560	8.0231	25	1	2	2	
350	Spectrogram 1	1	1134.420162362	1134.556638451	0.000	94.369	2285.DSG_RAWD_HMS_ 2_50_ 0__DMY_13_ 9_15.wav	0.1365	4.3338	25	3	2	2	
351	Spectrogram 1	1	1137.169192500	1137.344661757	0.000	179.455	2285.DSG_RAWD_HMS_ 2_50_ 0__DMY_13_ 9_15.wav	0.1755	7.0828	25	3	2	2	
352	Spectrogram 1	1	1146.293607587	1146.439831968	0.000	129.950	2286.DSG_RAWD_HMS_ 2_55_ 0__DMY_13_ 9_15.wav	0.1462	5.5576	25	3	2	2	
353	Spectrogram 1	1	1149.442305918	1149.598278591	0.000	148.515	2286.DSG_RAWD_HMS_ 2_55_ 0__DMY_13_ 9_15.wav	0.1560	8.7063	25	3	2	2	
354	Spectrogram 1	1	1154.989095790	1155.106075294	0.000	129.950	2287.DSG_RAWD_HMS_ 3_ 0_ 0__DMY_13_ 9_15.wav	0.1170	3.6035	25	3	2	2	
355	Spectrogram 1	1	1164.815387862	1164.951863950	0.000	249.072	2288.DSG_RAWD_HMS_ 3_ 5_ 0__DMY_13_ 9_15.wav	0.1365	2.7802	25	1	2	2	
356	Spectrogram 1	1	1166.755297979	1166.872277484	0.000	198.020	2288.DSG_RAWD_HMS_ 3_ 5_ 0__DMY_13_ 9_15.wav	0.1170	4.7201	25	1	2	2	
357	Spectrogram 1	1	1168.607473468	1168.773194433	0.000	380.569	2288.DSG_RAWD_HMS_ 3_ 5_ 0__DMY_13_ 9_15.wav	0.1657	6.5723	25	1	2	2	
358	Spectrogram 1	1	1170.401168231	1170.537644320	0.000	253.713	2288.DSG_RAWD_HMS_ 3_ 5_ 0__DMY_13_ 9_15.wav	0.1365	8.3660	25	1	2	2	
359	Spectrogram 1	1	1172.009636419	1172.165609092	0.000	255.260	2288.DSG_RAWD_HMS_ 3_ 5_ 0__DMY_13_ 9_15.wav	0.1560	9.9744	25	1	2	2	
360	Spectrogram 1	1	1176.045436658	1176.211157623	0.000	173.267	2289.DSG_RAWD_HMS_ 3_10_ 0__DMY_13_ 9_15.wav	0.1657	3.3606	25	1	2	2	
361	Spectrogram 1	1	1180.032488106	1180.198209070	0.000	128.403	2289.DSG_RAWD_HMS_ 3_10_ 0__DMY_13_ 9_15.wav	0.1657	7.3477	25	3	2	2	
362	Spectrogram 1	1	1184.584951171	1184.750672136	0.000	303.218	2290.DSG_RAWD_HMS_ 3_15_ 0__DMY_13_ 9_15.wav	0.1657	1.2506	25	1	2	2	
363	Spectrogram 1	1	1189.390859151	1189.556580115	0.000	117.574	2290.DSG_RAWD_HMS_ 3_15_ 0__DMY_13_ 9_15.wav	0.1657	6.0565	25	3	2	2	
364	Spectrogram 1	1	1192.549321157	1192.715042122	0.000	148.515	2290.DSG_RAWD_HMS_ 3_15_ 0__DMY_13_ 9_15.wav	0.1657	9.2149	25	3	2	2	
365	Spectrogram 1	1	1193.816599123	1193.933578628	0.000	134.592	2290.DSG_RAWD_HMS_ 3_15_ 0__DMY_13_ 9_15.wav	0.1170	10.4822	25	3	2	2	
366	Spectrogram 1	1	1195.464060479	1195.659026320	0.000	177.908	2291.DSG_RAWD_HMS_ 3_20_ 0__DMY_13_ 9_15.wav	0.1950	1.4801	25	1	2	2	
367	Spectrogram 1	1	1202.268382058	1202.502341068	0.000	145.421	2291.DSG_RAWD_HMS_ 3_20_ 0__DMY_13_ 9_15.wav	0.2340	8.2844	25	3	2	2	
368	Spectrogram 1	1	1208.107608995	1208.234336792	0.000	148.515	2292.DSG_RAWD_HMS_ 3_25_ 0__DMY_13_ 9_15.wav	0.1267	3.4740	25	3	2	2	
369	Spectrogram 1	1	1221.667509634	1221.784489139	0.000	171.720	2293.DSG_RAWD_HMS_ 3_30_ 0__DMY_13_ 9_15.wav	0.1170	6.3843	25	1	2	2	
370	Spectrogram 1	1	1245.960287785	1246.106512166	0.000	129.950	2295.DSG_RAWD_HMS_ 3_40_ 0__DMY_13_ 9_15.wav	0.1462	9.3779	25	3	2	2	
371	Spectrogram 1	1	1259.256971190	1259.403195571	0.000	157.797	2297.DSG_RAWD_HMS_ 3_50_ 0__DMY_13_ 9_15.wav	0.1462	1.3754	25	1	2	2	
372	Spectrogram 1	1	1270.243314720	1270.418783977	0.000	142.327	2298.DSG_RAWD_HMS_ 3_55_ 0__DMY_13_ 9_15.wav	0.1755	1.7121	25	3	2	2	
373	Spectrogram 1	1	1274.464325177	1274.639794433	0.000	126.856	2298.DSG_RAWD_HMS_ 3_55_ 0__DMY_13_ 9_15.wav	0.1755	5.9331	25	3	2	2	
374	Spectrogram 1	1	1276.521214799	1276.696684055	0.000	137.686	2298.DSG_RAWD_HMS_ 3_55_ 0__DMY_13_ 9_15.wav	0.1755	7.9900	25	3	2	2	
375	Spectrogram 1	1	1294.770052897	1294.887032401	0.000	163.985	2300.DSG_RAWD_HMS_ 4_ 5_ 0__DMY_13_ 9_15.wav	0.1170	4.9397	25	1	2	2	
376	Spectrogram 1	1	1302.578434827	1302.724659208	0.000	148.515	2301.DSG_RAWD_HMS_ 4_10_ 0__DMY_13_ 9_15.wav	0.1462	2.0984	25	3	2	2	
377	Spectrogram 1	1	1307.403857486	1307.579326742	0.000	129.950	2301.DSG_RAWD_HMS_ 4_10_ 0__DMY_13_ 9_15.wav	0.1755	6.9239	25	3	2	2	
378	Spectrogram 1	1	1344.856846512	1345.022567477	0.000	106.745	2305.DSG_RAWD_HMS_ 4_30_ 0__DMY_13_ 9_15.wav	0.1657	1.7784	25	3	2	2	
379	Spectrogram 1	1	1350.725324681	1350.969031983	0.000	128.403	2305.DSG_RAWD_HMS_ 4_30_ 0__DMY_13_ 9_15.wav	0.2437	7.6469	25	3	2	2	
380	Spectrogram 1	1	1396.610602136	1396.737329933	0.000	163.985	2310.DSG_RAWD_HMS_ 4_55_ 0__DMY_13_ 9_15.wav	0.1267	0.2842	25	1	2	2	
381	Spectrogram 1	1	1403.648881072	1403.921833250	0.000	151.609	2310.DSG_RAWD_HMS_ 4_55_ 0__DMY_13_ 9_15.wav	0.2730	7.3225	25	1	2	2	
382	Spectrogram 1	1	1404.389751268	1404.526227357	0.000	119.121	2310.DSG_RAWD_HMS_ 4_55_ 0__DMY_13_ 9_15.wav	0.1365	8.0634	25	3	2	2	
383	Spectrogram 1	1	1462.655374032	1462.821094996	0.000	131.498	2316.DSG_RAWD_HMS_ 5_25_ 0__DMY_13_ 9_15.wav	0.1657	2.4314	25	3	2	2	
