Selection	View	Channel	Begin Time (s)	End Time (s)	Low Freq (Hz)	High Freq (Hz)	Begin File	Delta Time (s)	File Offset (s)	Peak Freq (Hz)	call variant	level	call cutoff @ end	calls overlap	Notes
1	Spectrogram 1	1	0.425558871	0.536204178	59.166	138.534	LH1079579406.WAV	0.1106	0.4255	86.133	33	2	2	2	
2	Spectrogram 1	1	30.648759017	30.725359614	63.495	135.648	LH1079581206.WAV	0.0766	0.6488	103.359	33	3	2	2	
3	Spectrogram 1	1	32.112681534	32.214815663	60.609	147.192	LH1079581206.WAV	0.1021	2.1127	103.359	33	2	2	2	
4	Spectrogram 1	1	32.512706873	32.589307470	57.723	131.319	LH1079581206.WAV	0.0766	2.5127	86.133	33	2	2	2	
5	Spectrogram 1	1	32.963799276	33.074444583	57.723	144.306	LH1079581206.WAV	0.1106	2.9638	120.586	33	2	2	2	
6	Spectrogram 1	1	39.219517650	39.355696489	60.609	142.863	LH1079581211.WAV	0.1362	4.2195	86.133	33	2	2	2	
7	Spectrogram 1	1	40.462149553	40.555772505	47.621	116.888	LH1079581806.WAV	0.0936	0.4621	86.133	33	2	2	2	
8	Spectrogram 1	1	40.572794860	40.734507231	46.178	139.977	LH1079581806.WAV	0.1617	0.5728	86.133	33	2	2	2	
9	Spectrogram 1	1	41.389867892	41.526046731	51.950	152.965	LH1079581806.WAV	0.1362	1.3899	103.359	33	2	2	2	
10	Spectrogram 1	1	42.326097409	42.470787425	56.279	141.420	LH1079581806.WAV	0.1447	2.3261	103.359	33	2	2	2	
11	Spectrogram 1	1	42.870812764	43.015502780	37.520	160.180	LH1079581806.WAV	0.1447	2.8709	86.133	33	1	2	2	
12	Spectrogram 1	1	43.619796377	43.721930506	15.874	147.192	LH1079581806.WAV	0.1021	3.6198	86.133	33	2	2	2	
13	Spectrogram 1	1	43.858109345	43.943221119	63.495	152.965	LH1079581806.WAV	0.0851	3.8582	120.586	33	2	2	2	
14	Spectrogram 1	1	44.207067619	44.377291167	50.507	154.408	LH1079581806.WAV	0.1702	4.2070	103.359	33	2	2	2	
15	Spectrogram 1	1	44.777316506	44.973073587	47.621	163.066	LH1079581806.WAV	0.1958	4.7773	86.133	33	2	2	2	
16	Spectrogram 1	1	46.854045391	46.998735407	51.950	155.851	LH1079581811.WAV	0.1447	1.8541	86.133	33	1	2	2	
17	Spectrogram 1	1	47.705163133	47.866875504	54.836	151.522	LH1079581811.WAV	0.1617	2.7052	86.133	33	2	2	2	
18	Spectrogram 1	1	48.300945552	48.445635568	44.735	165.952	LH1079581811.WAV	0.1447	3.3009	86.133	33	2	2	2	
19	Spectrogram 1	1	48.539258520	48.683948536	50.507	174.611	LH1079581811.WAV	0.1447	3.5392	86.133	33	1	2	2	
20	Spectrogram 1	1	48.871194440	49.024395633	49.064	147.192	LH1079581811.WAV	0.1532	3.8712	86.133	33	2	2	2	
21	Spectrogram 1	1	49.569110988	49.739334537	51.950	152.965	LH1079581811.WAV	0.1702	4.5692	86.133	33	2	2	2	
22	Spectrogram 1	1	49.884024553	49.977647504	49.064	157.294	LH1079581811.WAV	0.0936	4.8840	86.133	33	2	2	2	
23	Spectrogram 1	1	50.564920970	50.718122163	51.950	151.522	LH1079582406.WAV	0.1532	0.5650	86.133	33	1	2	2	
24	Spectrogram 1	1	50.828767470	50.939412776	56.279	148.635	LH1079582406.WAV	0.1106	0.8288	103.359	33	2	2	2	
25	Spectrogram 1	1	51.058569260	51.237303986	53.393	150.079	LH1079582406.WAV	0.1787	1.0586	86.133	33	1	2	2	
26	Spectrogram 1	1	52.667181793	52.837405341	51.950	154.408	LH1079582406.WAV	0.1702	2.6672	103.359	33	1	2	2	
27	Spectrogram 1	1	53.177852438	53.305520099	56.279	151.522	LH1079582406.WAV	0.1277	3.1779	86.133	33	2	2	2	
28	Spectrogram 1	1	53.637456019	53.756612503	49.064	151.522	LH1079582406.WAV	0.1192	3.6374	103.359	33	2	2	2	
29	Spectrogram 1	1	54.616241422	54.794976148	41.849	157.294	LH1079582406.WAV	0.1787	4.6162	86.133	33	2	2	2	
30	Spectrogram 1	1	55.799295084	55.918451568	64.938	158.737	LH1079582411.WAV	0.1192	0.7993	120.586	33	2	2	2	
31	Spectrogram 1	1	56.156764535	56.250387487	57.723	148.635	LH1079582411.WAV	0.0936	1.1568	103.359	33	2	2	2	
32	Spectrogram 1	1	57.663247597	57.756870549	62.052	145.749	LH1079582411.WAV	0.0936	2.6633	103.359	33	2	2	2	
33	Spectrogram 1	1	57.978161162	58.088806468	56.279	151.522	LH1079582411.WAV	0.1106	2.9781	120.586	33	3	2	2	
34	Spectrogram 1	1	59.161214823	59.305904839	59.166	152.965	LH1079582411.WAV	0.1447	4.1612	103.359	33	2	2	2	
35	Spectrogram 1	1	70.498110879	70.727912670	43.292	147.192	LH1079583606.WAV	0.2298	0.4981	86.133	33	2	2	2	
36	Spectrogram 1	1	71.127938008	71.264116847	47.621	163.066	LH1079583606.WAV	0.1362	1.1279	103.359	33	2	2	2	
37	Spectrogram 1	1	71.791809847	71.953522218	56.279	145.749	LH1079583606.WAV	0.1617	1.7918	86.133	33	2	2	2	
38	Spectrogram 1	1	72.183324009	72.345036380	51.950	158.737	LH1079583606.WAV	0.1617	2.1833	86.133	33	2	2	2	
39	Spectrogram 1	1	72.693994654	72.787617606	67.824	147.192	LH1079583606.WAV	0.0936	2.6940	103.359	33	2	2	2	
40	Spectrogram 1	1	73.936626558	74.081316574	38.963	152.965	LH1079583606.WAV	0.1447	3.9366	86.133	33	2	2	2	
41	Spectrogram 1	1	74.583476042	74.711143703	53.393	141.420	LH1079583606.WAV	0.1277	4.5834	86.133	33	2	2	2	
42	Spectrogram 1	1	75.357993187	75.477149671	49.064	148.635	LH1079583611.WAV	0.1192	0.3579	86.133	33	2	2	2	
43	Spectrogram 1	1	75.545239090	75.655884397	54.836	155.851	LH1079583611.WAV	0.1106	0.5452	86.133	33	2	2	2	
44	Spectrogram 1	1	76.030376203	76.132510332	53.393	147.192	LH1079583611.WAV	0.1021	1.0304	86.133	33	2	2	2	
45	Spectrogram 1	1	76.251666816	76.370823300	59.166	152.965	LH1079583611.WAV	0.1192	1.2517	86.133	33	2	2	2	
46	Spectrogram 1	1	77.358119881	77.485787542	69.267	158.737	LH1079583611.WAV	0.1277	2.3582	120.586	33	2	2	2	
47	Spectrogram 1	1	77.894324059	77.987947010	56.279	151.522	LH1079583611.WAV	0.0936	2.8943	103.359	33	3	2	2	
48	Spectrogram 1	1	78.345416462	78.490106478	53.393	152.965	LH1079583611.WAV	0.1447	3.3455	86.133	33	2	2	2	
49	Spectrogram 1	1	78.958224416	79.085892078	72.153	142.863	LH1079583611.WAV	0.1277	3.9583	120.586	33	3	2	2	
50	Spectrogram 1	1	79.315693868	79.460383884	57.723	145.749	LH1079583611.WAV	0.1447	4.3156	86.133	33	3	2	2	
51	Spectrogram 1	1	79.826364513	79.988076884	54.836	154.408	LH1079583611.WAV	0.1617	4.8264	120.586	33	1	2	2	
52	Spectrogram 1	1	80.728549320	80.881750514	57.723	139.977	LH1079584206.WAV	0.1532	0.7286	86.133	33	2	2	2	
53	Spectrogram 1	1	81.434977046	81.588178240	51.950	152.965	LH1079584206.WAV	0.1532	1.4349	86.133	33	2	2	2	
54	Spectrogram 1	1	81.673290014	81.860535917	43.292	148.635	LH1079584206.WAV	0.1872	1.6732	103.359	33	2	2	2	
55	Spectrogram 1	1	82.090337707	82.252050078	33.190	155.851	LH1079584206.WAV	0.1617	2.0904	103.359	33	1	2	2	
56	Spectrogram 1	1	82.473340691	82.609519530	40.406	147.192	LH1079584206.WAV	0.1362	2.4734	103.359	33	2	2	2	
57	Spectrogram 1	1	82.779743079	82.915921917	56.279	142.863	LH1079584206.WAV	0.1362	2.7797	103.359	33	2	2	2	
58	Spectrogram 1	1	83.315947256	83.443614917	54.836	158.737	LH1079584206.WAV	0.1277	3.3160	86.133	33	2	2	2	
59	Spectrogram 1	1	83.545749046	83.681927885	60.609	150.079	LH1079584206.WAV	0.1362	3.5458	103.359	33	2	2	2	
60	Spectrogram 1	1	83.903218498	84.056419692	50.507	152.965	LH1079584206.WAV	0.1532	3.9032	86.133	33	2	2	2	
61	Spectrogram 1	1	84.218132063	84.354310902	53.393	157.294	LH1079584206.WAV	0.1362	4.2181	86.133	33	2	2	2	
62	Spectrogram 1	1	84.499000918	84.635179756	56.279	160.180	LH1079584206.WAV	0.1362	4.4990	103.359	33	2	2	2	
63	Spectrogram 1	1	84.847959192	84.975626853	57.723	154.408	LH1079584206.WAV	0.1277	4.8480	103.359	33	2	2	2	
64	Spectrogram 1	1	85.256497087	85.392675926	50.507	152.965	LH1079584211.WAV	0.1362	0.2565	86.133	33	2	2	2	
65	Spectrogram 1	1	85.494810055	85.639500071	56.279	187.598	LH1079584211.WAV	0.1447	0.4948	103.359	33	1	2	2	
66	Spectrogram 1	1	85.903346571	86.048036587	51.950	152.965	LH1079584211.WAV	0.1447	0.9034	86.133	33	1	2	2	
67	Spectrogram 1	1	86.158681894	86.303371910	54.836	155.851	LH1079584211.WAV	0.1447	1.1587	103.359	33	1	2	2	
68	Spectrogram 1	1	86.482106636	86.626796652	56.279	152.965	LH1079584211.WAV	0.1447	1.4821	86.133	33	1	2	2	
69	Spectrogram 1	1	86.788509023	86.907665507	66.381	150.079	LH1079584211.WAV	0.1192	1.7885	120.586	33	3	2	2	
70	Spectrogram 1	1	87.145978475	87.358757910	46.178	171.724	LH1079584211.WAV	0.2128	2.1460	86.133	33	2	2	2	
71	Spectrogram 1	1	87.469403217	87.605582056	54.836	196.257	LH1079584211.WAV	0.1362	2.4694	103.359	33	1	2	2	
72	Spectrogram 1	1	87.852406201	87.997096217	41.849	165.952	LH1079584211.WAV	0.1447	2.8524	86.133	33	2	2	2	
73	Spectrogram 1	1	88.218386830	88.320520959	57.723	158.737	LH1079584211.WAV	0.1021	3.2184	103.359	33	2	2	2	
74	Spectrogram 1	1	88.550322749	88.677990411	50.507	164.509	LH1079584211.WAV	0.1277	3.5503	103.359	33	1	2	2	
75	Spectrogram 1	1	88.882258669	89.060993395	44.735	155.851	LH1079584211.WAV	0.1787	3.8823	103.359	33	2	2	2	
76	Spectrogram 1	1	89.520596975	89.639753459	47.621	144.306	LH1079584211.WAV	0.1192	4.5206	86.133	33	2	2	2	
77	Spectrogram 1	1	89.758909943	89.937644669	57.723	199.143	LH1079584211.WAV	0.1787	4.7590	103.359	33	1	2	2	
78	Spectrogram 1	1	90.695143484	90.797277613	69.267	152.965	LH1079584806.WAV	0.1021	0.6951	120.586	33	2	2	2	
79	Spectrogram 1	1	91.052612936	91.180280597	40.406	170.281	LH1079584806.WAV	0.1277	1.0526	86.133	33	2	2	2	
80	Spectrogram 1	1	91.290925904	91.486682985	49.064	151.522	LH1079584806.WAV	0.1958	1.2909	86.133	33	2	2	2	
81	Spectrogram 1	1	91.724995952	91.861174791	49.064	160.180	LH1079584806.WAV	0.1362	1.7249	86.133	33	2	2	2	
82	Spectrogram 1	1	93.393186727	93.486809679	53.393	158.737	LH1079584806.WAV	0.0936	3.3932	86.133	33	2	2	2	
83	Spectrogram 1	1	94.584751566	94.678374518	56.279	141.420	LH1079584806.WAV	0.0936	4.5848	86.133	33	2	2	2	
84	Spectrogram 1	1	95.163511631	95.299690469	62.052	155.851	LH1079584811.WAV	0.1362	0.1635	120.586	33	2	2	2	
85	Spectrogram 1	1	95.478425195	95.572048147	62.052	161.623	LH1079584811.WAV	0.0936	0.4785	103.359	33	2	2	2	
86	Spectrogram 1	1	96.567855905	96.635945325	59.166	147.192	LH1079584811.WAV	0.0681	1.5678	86.133	33	3	2	2	
87	Spectrogram 1	1	96.823191228	96.950858889	50.507	151.522	LH1079584811.WAV	0.1277	1.8232	103.359	33	2	2	2	
88	Spectrogram 1	1	97.146615970	97.291305986	54.836	158.737	LH1079584811.WAV	0.1447	2.1466	103.359	33	1	2	2	
89	Spectrogram 1	1	97.580686018	97.691331325	53.393	148.635	LH1079584811.WAV	0.1106	2.5807	120.586	33	3	2	2	
90	Spectrogram 1	1	97.708353680	97.801976631	59.166	137.091	LH1079584811.WAV	0.0936	2.7084	86.133	33	3	2	2	
91	Spectrogram 1	1	98.712672615	98.933963228	51.950	171.724	LH1079584811.WAV	0.2213	3.7127	120.586	33	1	2	2	
92	Spectrogram 1	1	99.078658432	99.197814916	66.381	148.635	LH1079584811.WAV	0.1192	4.0787	120.586	33	2	2	2	
93	Spectrogram 1	1	99.333993754	99.461661416	56.279	165.952	LH1079584811.WAV	0.1277	4.3340	103.359	33	2	2	2	
94	Spectrogram 1	1	100.780893916	100.874516868	62.052	147.192	LH1079585406.WAV	0.0936	0.7808	120.586	33	2	2	2	
95	Spectrogram 1	1	101.129852190	101.249008674	63.495	152.965	LH1079585406.WAV	0.1192	1.1298	120.586	33	2	2	2	
96	Spectrogram 1	1	101.691589900	101.793724029	56.279	152.965	LH1079585406.WAV	0.1021	1.6916	86.133	33	2	2	2	
97	Spectrogram 1	1	101.980969933	102.108637594	51.950	158.737	LH1079585406.WAV	0.1277	1.9810	103.359	33	1	2	2	
98	Spectrogram 1	1	102.134171126	102.244816433	57.723	148.635	LH1079585406.WAV	0.1106	2.1341	86.133	33	2	2	2	
99	Spectrogram 1	1	104.806680836	104.917326143	56.279	161.623	LH1079585406.WAV	0.1106	4.8067	103.359	33	2	2	2	
100	Spectrogram 1	1	110.721955496	110.909201399	47.621	154.408	LH1079586006.WAV	0.1872	0.7220	103.359	33	1	2	2	
101	Spectrogram 1	1	111.113469657	111.207092609	63.495	141.420	LH1079586006.WAV	0.0936	1.1135	120.586	33	2	2	2	
102	Spectrogram 1	1	112.219922722	112.381635093	56.279	141.420	LH1079586006.WAV	0.1617	2.2200	86.133	33	1	2	2	
103	Spectrogram 1	1	112.509302755	112.662503948	63.495	158.737	LH1079586006.WAV	0.1532	2.5093	120.586	33	2	2	2	
104	Spectrogram 1	1	112.815705142	112.960395158	51.950	165.952	LH1079586006.WAV	0.1447	2.8158	120.586	33	1	2	2	
105	Spectrogram 1	1	113.854068787	113.990247626	53.393	158.737	LH1079586006.WAV	0.1362	3.8541	86.133	33	2	2	2	
106	Spectrogram 1	1	114.168985739	114.288142223	49.064	147.192	LH1079586006.WAV	0.1192	4.1689	86.133	33	2	2	2	
107	Spectrogram 1	1	115.700997675	115.871221224	64.938	154.408	LH1079586011.WAV	0.1702	0.7010	120.586	33	2	2	2	
108	Spectrogram 1	1	116.058467127	116.220179498	67.824	148.635	LH1079586011.WAV	0.1617	1.0585	86.133	33	3	2	2	
109	Spectrogram 1	1	116.620204837	116.739361321	59.166	157.294	LH1079586011.WAV	0.1192	1.6202	120.586	33	1	2	2	
110	Spectrogram 1	1	116.875540159	116.986185466	62.052	152.965	LH1079586011.WAV	0.1106	1.8755	103.359	33	3	2	2	
111	Spectrogram 1	1	117.301099030	117.420255514	50.507	152.965	LH1079586011.WAV	0.1192	2.3011	103.359	33	2	2	2	
112	Spectrogram 1	1	118.433085627	118.586286821	51.950	152.965	LH1079586011.WAV	0.1532	3.4331	103.359	33	1	2	2	
113	Spectrogram 1	1	118.705443305	118.807577434	67.824	151.522	LH1079586011.WAV	0.1021	3.7054	103.359	33	2	2	2	
114	Spectrogram 1	1	118.833110966	118.926733918	63.495	147.192	LH1079586011.WAV	0.0936	3.8331	103.359	33	2	2	2	
115	Spectrogram 1	1	119.437404563	119.573583402	57.723	160.180	LH1079586011.WAV	0.1362	4.4374	120.586	33	2	2	2	
116	Spectrogram 1	1	119.701251063	119.786362837	62.052	141.420	LH1079586011.WAV	0.0851	4.7012	103.359	33	3	2	2	
117	Spectrogram 1	1	120.356614265	120.475770749	67.824	152.965	LH1079586606.WAV	0.1192	0.3566	120.586	33	2	2	2	
118	Spectrogram 1	1	120.475770749	120.620460765	63.495	152.965	LH1079586606.WAV	0.1447	0.4757	120.586	33	2	2	2	
119	Spectrogram 1	1	120.722594894	120.833240201	50.507	164.509	LH1079586606.WAV	0.1106	0.7226	103.359	33	2	2	2	
120	Spectrogram 1	1	120.850262556	120.969419040	53.393	152.965	LH1079586606.WAV	0.1192	0.8502	86.133	33	2	2	2	
121	Spectrogram 1	1	122.918478669	123.037635153	67.824	171.724	LH1079586606.WAV	0.1192	2.9185	120.586	33	2	2	2	
122	Spectrogram 1	1	123.718529347	123.880241718	54.836	157.294	LH1079586606.WAV	0.1617	3.7185	86.133	33	2	2	2	
123	Spectrogram 1	1	124.101532331	124.246222347	60.609	154.408	LH1079586606.WAV	0.1447	4.1016	86.133	33	2	2	2	
124	Spectrogram 1	1	124.407934718	124.561135912	57.723	148.635	LH1079586606.WAV	0.1532	4.4079	103.359	33	2	2	2	
125	Spectrogram 1	1	124.799448879	124.910094186	53.393	152.965	LH1079586606.WAV	0.1106	4.7994	86.133	33	2	2	2	
126	Spectrogram 1	1	125.752704879	125.854839008	66.381	137.091	LH1079586611.WAV	0.1021	0.7527	103.359	33	3	2	2	
127	Spectrogram 1	1	126.365509654	126.476154960	70.710	145.749	LH1079586611.WAV	0.1106	1.3655	103.359	33	3	2	2	
128	Spectrogram 1	1	127.242160928	127.344295057	73.596	158.737	LH1079586611.WAV	0.1021	2.2422	120.586	33	2	2	2	
129	Spectrogram 1	1	127.676230976	127.769853928	73.596	150.079	LH1079586611.WAV	0.0936	2.6762	103.359	33	2	2	2	
130	Spectrogram 1	1	127.871988057	128.008166896	59.166	152.965	LH1079586611.WAV	0.1362	2.8720	103.359	33	2	2	2	
131	Spectrogram 1	1	128.054978372	128.131578968	55.558	158.015	LH1079586611.WAV	0.0766	3.0550	120.586	33	2	2	2	
132	Spectrogram 1	1	128.237968686	128.348613993	50.507	150.079	LH1079586611.WAV	0.1106	3.2380	86.133	33	1	2	2	
133	Spectrogram 1	1	128.382658702	128.467770477	63.495	152.965	LH1079586611.WAV	0.0851	3.3827	103.359	33	1	2	2	
134	Spectrogram 1	1	128.612460493	128.697572267	72.153	154.408	LH1079586611.WAV	0.0851	3.6125	120.586	33	3	2	2	
135	Spectrogram 1	1	129.182709380	129.318888219	54.836	164.509	LH1079586611.WAV	0.1362	4.1827	103.359	33	2	2	2	
136	Spectrogram 1	1	129.744447090	129.838070041	56.279	142.863	LH1079586611.WAV	0.0936	4.7444	86.133	33	2	2	2	
137	Spectrogram 1	1	130.348743228	130.510455599	57.723	152.965	LH1079587206.WAV	0.1617	0.3488	103.359	33	1	2	2	
138	Spectrogram 1	1	131.378595696	131.514774535	54.836	154.408	LH1079587206.WAV	0.1362	1.3786	86.133	33	2	2	2	
139	Spectrogram 1	1	131.684998083	131.855221632	53.393	158.737	LH1079587206.WAV	0.1702	1.6850	86.133	33	2	2	2	
140	Spectrogram 1	1	132.161624019	132.263758148	59.166	152.965	LH1079587206.WAV	0.1021	2.1617	103.359	33	2	2	2	
141	Spectrogram 1	1	132.348869922	132.485048761	54.836	148.635	LH1079587206.WAV	0.1362	2.3489	103.359	33	2	2	2	
142	Spectrogram 1	1	132.629738777	132.808473503	57.723	154.408	LH1079587206.WAV	0.1787	2.6297	103.359	33	1	2	2	
143	Spectrogram 1	1	132.919118809	133.080831180	47.621	158.737	LH1079587206.WAV	0.1617	2.9192	103.359	33	1	2	2	
144	Spectrogram 1	1	133.097853535	133.259565906	54.836	155.851	LH1079587206.WAV	0.1617	3.0978	86.133	33	2	2	2	
145	Spectrogram 1	1	133.310632971	133.429789455	54.836	154.408	LH1079587206.WAV	0.1192	3.3107	103.359	33	2	2	2	
146	Spectrogram 1	1	133.438300632	133.557457116	54.836	152.965	LH1079587206.WAV	0.1192	3.4383	103.359	33	2	2	2	
147	Spectrogram 1	1	133.685124777	133.804281261	59.166	154.408	LH1079587206.WAV	0.1192	3.6851	103.359	33	1	2	2	
148	Spectrogram 1	1	133.804281261	133.906415390	59.166	137.091	LH1079587206.WAV	0.1021	3.8043	103.359	33	2	2	2	
149	Spectrogram 1	1	134.791577842	134.919245503	64.938	164.509	LH1079587206.WAV	0.1277	4.7916	120.586	33	2	2	2	
150	Spectrogram 1	1	135.106491834	135.285226560	49.064	160.180	LH1079587211.WAV	0.1787	0.1065	86.133	33	1	2	2	
151	Spectrogram 1	1	135.480983640	135.659718366	59.166	155.851	LH1079587211.WAV	0.1787	0.4810	103.359	33	2	2	2	
152	Spectrogram 1	1	135.957609576	136.059743705	57.723	150.079	LH1079587211.WAV	0.1021	0.9576	103.359	33	2	2	2	
153	Spectrogram 1	1	136.255500786	136.349123737	59.166	148.635	LH1079587211.WAV	0.0936	1.2556	103.359	33	2	2	2	
154	Spectrogram 1	1	136.842772028	137.030017931	56.279	171.724	LH1079587211.WAV	0.1872	1.8427	120.586	33	2	2	2	
155	Spectrogram 1	1	137.123640883	137.285353254	59.166	164.509	LH1079587211.WAV	0.1617	2.1237	120.586	33	2	2	2	
156	Spectrogram 1	1	137.319397963	137.464087980	57.723	152.965	LH1079587211.WAV	0.1447	2.3194	120.586	33	3	2	2	
157	Spectrogram 1	1	137.744956834	137.881135673	59.166	160.180	LH1079587211.WAV	0.1362	2.7450	86.133	33	2	2	2	
158	Spectrogram 1	1	138.093915109	138.230093947	56.279	147.192	LH1079587211.WAV	0.1362	3.0939	103.359	33	2	2	2	
159	Spectrogram 1	1	138.340739254	138.468406915	53.393	137.091	LH1079587211.WAV	0.1277	3.3407	86.133	33	3	2	2	
160	Spectrogram 1	1	138.706719883	138.876943431	53.393	152.965	LH1079587211.WAV	0.1702	3.7067	86.133	33	1	2	2	
161	Spectrogram 1	1	139.719549996	139.906795900	49.064	158.737	LH1079587211.WAV	0.1872	4.7195	86.133	33	2	2	2	
162	Spectrogram 1	1	140.545135483	140.706847854	54.836	163.066	LH1079587806.WAV	0.1617	0.5451	103.359	33	1	2	2	
163	Spectrogram 1	1	140.979205531	141.089850838	66.381	164.509	LH1079587806.WAV	0.1106	0.9793	103.359	33	2	2	2	
164	Spectrogram 1	1	141.345186160	141.481364999	49.064	165.952	LH1079587806.WAV	0.1362	1.3452	103.359	33	1	2	2	
165	Spectrogram 1	1	141.694144435	141.796278564	63.495	181.826	LH1079587806.WAV	0.1021	1.6941	120.586	33	1	2	2	
166	Spectrogram 1	1	143.030399290	143.158066951	59.166	163.066	LH1079587806.WAV	0.1277	3.0304	103.359	33	1	2	2	
167	Spectrogram 1	1	143.396379919	143.498514048	64.938	158.737	LH1079587806.WAV	0.1021	3.3964	120.586	33	2	2	2	
168	Spectrogram 1	1	143.643204064	143.736827016	59.166	154.408	LH1079587806.WAV	0.0936	3.6432	103.359	33	2	2	2	
169	Spectrogram 1	1	145.685886645	145.847599016	57.723	187.598	LH1079587811.WAV	0.1617	0.6859	103.359	33	1	2	2	
170	Spectrogram 1	1	146.613607423	146.707230374	59.166	160.180	LH1079587811.WAV	0.0936	1.6136	103.359	33	2	2	2	
171	Spectrogram 1	1	147.345568681	147.447702810	76.482	148.635	LH1079587811.WAV	0.1021	2.3456	103.359	33	2	2	2	
172	Spectrogram 1	1	147.626437536	147.779638730	62.052	151.522	LH1079587811.WAV	0.1532	2.6264	103.359	33	2	2	2	
173	Spectrogram 1	1	148.443510568	148.545644697	62.052	171.724	LH1079587811.WAV	0.1021	3.4435	120.586	33	1	2	2	
174	Spectrogram 1	1	149.396762440	149.515918923	60.609	152.965	LH1079587811.WAV	0.1192	4.3967	103.359	33	1	2	2	
175	Spectrogram 1	1	149.541452456	149.669120117	60.609	170.281	LH1079587811.WAV	0.1277	4.5415	120.586	33	2	2	2	
176	Spectrogram 1	1	149.822321311	149.967011327	47.621	187.598	LH1079587811.WAV	0.1447	4.8223	103.359	33	2	2	2	
177	Spectrogram 1	1	150.920263198	151.039419682	57.723	142.863	LH1079588406.WAV	0.1192	0.9203	103.359	33	2	2	2	
178	Spectrogram 1	1	151.839472797	152.001185168	47.621	158.737	LH1079588406.WAV	0.1617	1.8395	103.359	33	2	2	2	
179	Spectrogram 1	1	152.528878168	152.656545830	67.824	157.294	LH1079588406.WAV	0.1277	2.5289	120.586	33	2	2	2	
180	Spectrogram 1	1	152.733146426	152.869325265	62.052	158.737	LH1079588406.WAV	0.1362	2.7331	120.586	33	1	2	2	
181	Spectrogram 1	1	152.996992927	153.090615878	56.279	164.509	LH1079588406.WAV	0.0936	2.9969	86.133	33	2	2	2	
182	Spectrogram 1	1	153.218283539	153.371484733	60.609	154.408	LH1079588406.WAV	0.1532	3.2183	120.586	33	1	2	2	
183	Spectrogram 1	1	153.465107685	153.584264169	60.609	148.635	LH1079588406.WAV	0.1192	3.4651	103.359	33	1	2	2	
184	Spectrogram 1	1	153.720443007	153.839599491	54.836	150.079	LH1079588406.WAV	0.1192	3.7204	120.586	33	1	2	2	
185	Spectrogram 1	1	154.197068943	154.358781314	59.166	150.079	LH1079588406.WAV	0.1617	4.1971	103.359	33	1	2	2	
186	Spectrogram 1	1	156.452530960	156.571687444	70.710	139.977	LH1079588411.WAV	0.1192	1.4525	103.359	33	3	2	2	
187	Spectrogram 1	1	156.614243331	156.682332750	64.938	158.737	LH1079588411.WAV	0.0681	1.6143	120.586	33	2	2	2	
188	Spectrogram 1	1	156.818511589	156.903623363	56.279	152.965	LH1079588411.WAV	0.0851	1.8185	120.586	33	2	2	2	
189	Spectrogram 1	1	156.912134540	157.039802202	64.938	150.079	LH1079588411.WAV	0.1277	1.9121	103.359	33	2	2	2	
190	Spectrogram 1	1	157.090869266	157.218536928	54.836	158.737	LH1079588411.WAV	0.1277	2.0908	103.359	33	1	2	2	
191	Spectrogram 1	1	157.227048105	157.380249299	57.723	165.952	LH1079588411.WAV	0.1532	2.2271	120.586	33	1	2	2	
192	Spectrogram 1	1	159.048440073	159.218663622	43.292	160.180	LH1079588411.WAV	0.1702	4.0484	103.359	33	1	2	2	
193	Spectrogram 1	1	159.218663622	159.405909525	50.507	151.522	LH1079588411.WAV	0.1872	4.2187	103.359	33	1	2	2	
194	Spectrogram 1	1	163.806192174	163.925348658	51.950	164.509	LH1079589006.WAV	0.1192	3.8062	103.359	33	2	2	2	
195	Spectrogram 1	1	164.095572206	164.231751045	57.723	148.635	LH1079589006.WAV	0.1362	4.0956	86.133	33	2	2	2	
196	Spectrogram 1	1	164.308351642	164.401974593	60.609	150.079	LH1079589006.WAV	0.0936	4.3084	120.586	33	2	2	2	
197	Spectrogram 1	1	164.716888158	164.844555819	53.393	167.395	LH1079589006.WAV	0.1277	4.7169	103.359	33	1	2	2	
198	Spectrogram 1	1	165.048824077	165.142447029	54.836	160.180	LH1079589011.WAV	0.0936	0.0489	120.586	33	2	2	2	
199	Spectrogram 1	1	166.172299497	166.299967158	38.963	167.395	LH1079589011.WAV	0.1277	1.1723	103.359	33	1	2	2	
200	Spectrogram 1	1	167.721333788	167.857512626	57.723	151.522	LH1079589011.WAV	0.1362	2.7213	86.133	33	2	2	2	
201	Spectrogram 1	1	168.070292062	168.172426191	56.279	154.408	LH1079589011.WAV	0.1021	3.0703	103.359	33	2	2	2	
202	Spectrogram 1	1	169.474638033	169.653372759	53.393	170.281	LH1079589011.WAV	0.1787	4.4746	120.586	33	2	2	2	
203	Spectrogram 1	1	169.687417469	169.832107485	57.723	151.522	LH1079589011.WAV	0.1447	4.6874	120.586	33	2	2	2	
204	Spectrogram 1	1	171.117295275	171.244962937	60.609	150.079	LH1079589606.WAV	0.1277	1.1173	103.359	33	1	2	2	
205	Spectrogram 1	1	171.704566517	171.891812421	63.495	151.522	LH1079589606.WAV	0.1872	1.7045	120.586	33	2	2	2	
206	Spectrogram 1	1	172.062035969	172.172681276	54.836	152.965	LH1079589606.WAV	0.1106	2.0620	86.133	33	2	2	2	
207	Spectrogram 1	1	172.206725985	172.317371292	51.950	161.623	LH1079589606.WAV	0.1106	2.2067	120.586	33	2	2	2	
208	Spectrogram 1	1	172.564196709	172.708886725	69.267	158.737	LH1079589606.WAV	0.1447	2.5642	120.586	33	2	2	2	
209	Spectrogram 1	1	173.057844999	173.177001483	54.836	155.851	LH1079589606.WAV	0.1192	3.0578	103.359	33	2	2	2	
210	Spectrogram 1	1	173.857895677	174.028119225	60.609	173.168	LH1079589606.WAV	0.1702	3.8579	120.586	33	1	2	2	
211	Spectrogram 1	1	174.172809241	174.300476903	67.824	164.509	LH1079589606.WAV	0.1277	4.1728	120.586	33	1	2	2	
212	Spectrogram 1	1	175.372885258	175.517575274	63.495	164.509	LH1079589611.WAV	0.1447	0.3729	103.359	33	2	2	2	
213	Spectrogram 1	1	176.155913581	176.402737726	49.064	160.180	LH1079589611.WAV	0.2468	1.1559	103.359	33	1	2	2	
214	Spectrogram 1	1	176.428271258	176.572961274	51.950	163.066	LH1079589611.WAV	0.1447	1.4282	103.359	33	1	2	2	
215	Spectrogram 1	1	176.768718355	176.887874839	72.153	158.737	LH1079589611.WAV	0.1192	1.7687	103.359	33	2	2	2	
216	Spectrogram 1	1	178.760336732	178.879493216	57.723	150.079	LH1079589611.WAV	0.1192	3.7603	120.586	33	2	2	2	
217	Spectrogram 1	1	179.066739119	179.228451490	64.938	161.623	LH1079589611.WAV	0.1617	4.0668	120.586	33	2	2	2	
218	Spectrogram 1	1	179.636988006	179.798700377	60.609	158.737	LH1079589611.WAV	0.1617	4.6370	103.359	33	2	2	2	
219	Spectrogram 1	1	179.849767442	179.977435103	31.747	152.965	LH1079589611.WAV	0.1277	4.8498	120.586	33	1	2	2	
220	Spectrogram 1	1	190.335546177	190.471725015	54.836	154.408	LH1079590806.WAV	0.1362	0.3356	103.359	33	2	2	2	
221	Spectrogram 1	1	190.641948564	190.837705644	57.723	157.294	LH1079590806.WAV	0.1958	0.6420	103.359	33	1	2	2	
222	Spectrogram 1	1	191.510088661	191.637756322	59.166	145.749	LH1079590806.WAV	0.1277	1.5101	103.359	33	2	2	2	
223	Spectrogram 1	1	191.901602822	191.978203419	54.836	148.635	LH1079590806.WAV	0.0766	1.9016	103.359	33	2	2	2	
224	Spectrogram 1	1	192.097359903	192.233538742	53.393	151.522	LH1079590806.WAV	0.1362	2.0974	86.133	33	2	2	2	
225	Spectrogram 1	1	192.242049919	192.327161693	49.064	152.965	LH1079590806.WAV	0.0851	2.2421	103.359	33	2	2	2	
226	Spectrogram 1	1	193.042100597	193.203812968	64.938	165.952	LH1079590806.WAV	0.1617	3.0421	120.586	33	2	2	2	
227	Spectrogram 1	1	193.442125935	193.595327129	60.609	168.838	LH1079590806.WAV	0.1532	3.4422	120.586	33	2	2	2	
228	Spectrogram 1	1	193.654907065	193.782574726	56.279	148.635	LH1079590806.WAV	0.1277	3.6549	86.133	33	2	2	2	
229	Spectrogram 1	1	193.799597081	193.944287097	56.279	148.635	LH1079590806.WAV	0.1447	3.7995	120.586	33	2	2	2	
230	Spectrogram 1	1	194.071954758	194.191111242	60.609	158.737	LH1079590806.WAV	0.1192	4.0720	120.586	33	2	2	2	
231	Spectrogram 1	1	194.335801258	194.471980097	51.950	148.635	LH1079590806.WAV	0.1362	4.3358	120.586	33	2	2	2	
232	Spectrogram 1	1	194.514535984	194.752848952	56.279	158.737	LH1079590806.WAV	0.2383	4.5145	103.359	33	1	2	2	
233	Spectrogram 1	1	194.778382484	194.914561323	59.166	161.623	LH1079590806.WAV	0.1362	4.7783	103.359	33	2	2	2	
234	Spectrogram 1	1	195.442254323	195.620989049	60.609	164.509	LH1079590811.WAV	0.1787	0.4423	120.586	33	2	2	2	
235	Spectrogram 1	1	195.927391436	196.063570275	56.279	160.180	LH1079590811.WAV	0.1362	0.9274	120.586	33	2	2	2	
236	Spectrogram 1	1	196.284860888	196.463595614	66.381	150.079	LH1079590811.WAV	0.1787	1.2848	103.359	33	2	2	2	
237	Spectrogram 1	1	196.710419759	196.829576243	59.166	158.737	LH1079590811.WAV	0.1192	1.7104	103.359	33	1	2	2	
238	Spectrogram 1	1	198.710546453	198.940348243	57.723	160.180	LH1079590811.WAV	0.2298	3.7105	103.359	33	1	2	2	
239	Spectrogram 1	1	200.906435733	201.008569862	57.723	164.509	LH1079591406.WAV	0.1021	0.9065	103.359	33	1	2	2	
240	Spectrogram 1	1	202.183112346	202.268224120	60.609	134.205	LH1079591406.WAV	0.0851	2.1831	103.359	33	3	2	2	
241	Spectrogram 1	1	202.327802362	202.429936491	77.925	151.522	LH1079591406.WAV	0.1021	2.3278	120.586	33	2	2	2	
242	Spectrogram 1	1	211.392211821	211.545413015	54.836	168.838	LH1079592006.WAV	0.1532	1.3922	103.359	33	1	2	2	
243	Spectrogram 1	1	215.000951048	215.154152242	51.950	152.965	LH1079592011.WAV	0.1532	0.0009	103.359	33	1	2	2	
244	Spectrogram 1	1	215.375444019	215.554178745	40.406	164.509	LH1079592011.WAV	0.1787	0.3754	86.133	33	2	2	2	
245	Spectrogram 1	1	215.749935826	215.920159374	53.393	151.522	LH1079592011.WAV	0.1702	0.7499	103.359	33	1	2	2	
246	Spectrogram 1	1	216.039315858	216.209539406	63.495	157.294	LH1079592011.WAV	0.1702	1.0393	103.359	33	1	2	2	
247	Spectrogram 1	1	217.852198766	217.971355250	59.166	129.876	LH1079592011.WAV	0.1192	2.8522	103.359	33	2	2	2	
248	Spectrogram 1	1	230.635996675	230.780686691	59.166	158.737	LH1079593206.WAV	0.1447	0.6359	103.359	33	2	2	2	
249	Spectrogram 1	1	230.891331997	231.027510836	60.609	150.079	LH1079593206.WAV	0.1362	0.8914	120.586	33	2	2	2	
250	Spectrogram 1	1	231.189223207	231.333913223	56.279	155.851	LH1079593206.WAV	0.1447	1.1892	103.359	33	2	2	2	
251	Spectrogram 1	1	231.716916207	231.810539159	72.153	145.749	LH1079593206.WAV	0.0936	1.7169	120.586	33	2	2	2	
252	Spectrogram 1	1	232.091408014	232.219075675	67.824	147.192	LH1079593206.WAV	0.1277	2.0914	103.359	33	2	2	2	
253	Spectrogram 1	1	232.568033949	232.712723965	54.836	163.066	LH1079593206.WAV	0.1447	2.5680	103.359	33	2	2	2	
254	Spectrogram 1	1	233.334039917	233.453196401	63.495	148.635	LH1079593206.WAV	0.1192	3.3340	103.359	33	3	2	2	
255	Spectrogram 1	1	233.538308175	233.691509369	46.178	157.294	LH1079593206.WAV	0.1532	3.5383	103.359	33	2	2	2	
256	Spectrogram 1	1	233.717042901	233.836199385	62.052	147.192	LH1079593206.WAV	0.1192	3.7170	103.359	33	2	2	2	
257	Spectrogram 1	1	234.134090595	234.278780611	54.836	157.294	LH1079593206.WAV	0.1447	4.1341	120.586	33	2	2	2	
258	Spectrogram 1	1	234.389425917	234.508582401	62.052	151.522	LH1079593206.WAV	0.1192	4.3895	103.359	33	2	2	2	
259	Spectrogram 1	1	234.610716530	234.738384192	43.292	157.294	LH1079593206.WAV	0.1277	4.6108	103.359	33	2	2	2	
260	Spectrogram 1	1	234.814984789	234.925630095	56.279	154.408	LH1079593206.WAV	0.1106	4.8150	103.359	33	2	2	2	
261	Spectrogram 1	1	235.053297756	235.172454240	47.621	151.522	LH1079593211.WAV	0.1192	0.0533	120.586	33	2	2	2	
262	Spectrogram 1	1	235.249054837	235.359700144	56.279	147.192	LH1079593211.WAV	0.1106	0.2491	103.359	33	2	2	2	
263	Spectrogram 1	1	235.427789563	235.580990756	47.621	155.851	LH1079593211.WAV	0.1532	0.4278	103.359	33	2	2	2	
264	Spectrogram 1	1	235.657591353	235.768236660	57.723	151.522	LH1079593211.WAV	0.1106	0.6576	120.586	33	1	2	2	
265	Spectrogram 1	1	235.912926676	236.049105515	57.723	163.066	LH1079593211.WAV	0.1362	0.9129	120.586	33	1	2	2	
266	Spectrogram 1	1	236.083150224	236.227840241	54.836	150.079	LH1079593211.WAV	0.1447	1.0831	103.359	33	2	2	2	
267	Spectrogram 1	1	240.381298739	240.594078175	59.166	150.079	LH1079593806.WAV	0.2128	0.3813	103.359	33	2	2	2	
268	Spectrogram 1	1	244.160265008	244.321977379	54.836	148.635	LH1079593806.WAV	0.1617	4.1603	103.359	33	2	2	2	
269	Spectrogram 1	1	247.241311234	247.403023605	62.052	151.522	LH1079593811.WAV	0.1617	2.2413	120.586	33	2	2	2	
270	Spectrogram 1	1	254.143879831	254.297081025	60.609	144.306	LH1079594406.WAV	0.1532	4.1439	103.359	33	2	2	2	
271	Spectrogram 1	1	257.139815348	257.284505365	51.950	148.635	LH1079594411.WAV	0.1447	2.1398	103.359	33	2	2	2	
272	Spectrogram 1	1	257.531329510	257.650485994	56.279	141.420	LH1079594411.WAV	0.1192	2.5313	103.359	33	2	2	2	
273	Spectrogram 1	1	259.020785559	259.191009107	56.279	151.522	LH1079594411.WAV	0.1702	4.0207	103.359	33	2	2	2	
274	Spectrogram 1	1	282.069060493	282.239284041	62.052	148.635	LH1079596206.WAV	0.1702	2.0690	103.359	33	2	2	2	
275	Spectrogram 1	1	282.375462880	282.545686428	69.267	139.977	LH1079596206.WAV	0.1702	2.3755	103.359	33	3	2	2	
276	Spectrogram 1	1	283.907474816	284.009608945	59.166	144.306	LH1079596206.WAV	0.1021	3.9075	103.359	33	2	2	2	
277	Spectrogram 1	1	284.511768413	284.588369010	57.723	135.648	LH1079596206.WAV	0.0766	4.5118	103.359	33	2	2	2	
278	Spectrogram 1	1	285.005416703	285.150106719	67.824	147.192	LH1079596211.WAV	0.1447	0.0054	103.359	33	2	2	2	
279	Spectrogram 1	1	285.205429373	285.328841445	73.596	151.522	LH1079596211.WAV	0.1234	0.2054	120.586	33	3	2	2	
280	Spectrogram 1	1	292.248431237	292.384610075	63.495	147.192	LH1079596806.WAV	0.1362	2.2484	103.359	33	2	2	2	
281	Spectrogram 1	1	293.414462543	293.559152560	53.393	151.522	LH1079596806.WAV	0.1447	3.4145	103.359	33	2	2	2	
282	Spectrogram 1	1	297.465785012	297.559407963	73.596	144.306	LH1079596811.WAV	0.0936	2.4658	103.359	33	3	2	2	
283	Spectrogram 1	1	299.125464609	299.244621093	62.052	145.749	LH1079596811.WAV	0.1192	4.1255	103.359	33	2	2	2	
284	Spectrogram 1	1	401.846916177	401.966072661	62.052	139.977	LH1079603406.WAV	0.1192	1.8469	103.359	33	2	2	2	
285	Spectrogram 1	1	402.391631532	402.544832725	54.836	158.737	LH1079603406.WAV	0.1532	2.3916	103.359	33	1	2	2	
286	Spectrogram 1	1	402.927835709	403.098059258	66.381	152.965	LH1079603406.WAV	0.1702	2.9279	103.359	33	2	2	2	
287	Spectrogram 1	1	404.161956436	404.315157629	59.166	152.965	LH1079603406.WAV	0.1532	4.1619	103.359	33	1	2	2	
288	Spectrogram 1	1	406.740843194	406.859999678	60.609	152.965	LH1079603411.WAV	0.1192	1.7408	103.359	33	2	2	2	
289	Spectrogram 1	1	407.234491485	407.336625614	59.166	150.079	LH1079603411.WAV	0.1021	2.2345	103.359	33	1	2	2	
290	Spectrogram 1	1	407.600472114	407.745162130	56.279	151.522	LH1079603411.WAV	0.1447	2.6005	103.359	33	2	2	2	
291	Spectrogram 1	1	413.549791166	413.677458827	56.279	148.635	LH1079604006.WAV	0.1277	3.5498	103.359	33	2	2	2	
292	Spectrogram 1	1	421.482214768	421.584348897	54.836	139.977	LH1079604606.WAV	0.1021	1.4822	86.133	33	2	2	2	
293	Spectrogram 1	1	424.316436850	424.401548624	56.279	142.863	LH1079604606.WAV	0.0851	4.3164	103.359	33	2	2	2	
294	Spectrogram 1	1	424.886685737	424.980308688	64.938	147.192	LH1079604606.WAV	0.0936	4.8867	103.359	33	2	2	2	
295	Spectrogram 1	1	439.125896043	439.245052527	56.279	147.192	LH1079605211.WAV	0.1192	4.1259	103.359	33	2	2	2	
296	Spectrogram 1	1	454.675825873	454.812004712	54.836	170.281	LH1079606406.WAV	0.1362	4.6759	103.359	33	2	2	2	
297	Spectrogram 1	1	463.621080012	463.723214141	51.950	151.522	LH1079607006.WAV	0.1021	3.6211	86.133	33	2	2	2	
298	Spectrogram 1	1	471.536478825	471.638612954	60.609	155.851	LH1079607606.WAV	0.1021	1.5365	103.359	33	2	2	2	
299	Spectrogram 1	1	472.472708341	472.659954245	49.064	170.281	LH1079607606.WAV	0.1872	2.4727	103.359	33	2	2	2	
300	Spectrogram 1	1	473.051468406	473.179136067	70.710	147.192	LH1079607606.WAV	0.1277	3.0515	103.359	33	2	2	2	
301	Spectrogram 1	1	473.400426680	473.562139051	60.609	163.066	LH1079607606.WAV	0.1617	3.4005	103.359	33	2	2	2	
302	Spectrogram 1	1	473.749384955	473.868541438	54.836	151.522	LH1079607606.WAV	0.1192	3.7494	103.359	33	2	2	2	
303	Spectrogram 1	1	474.200477358	474.353678552	62.052	154.408	LH1079607606.WAV	0.1532	4.2005	120.586	33	2	2	2	
304	Spectrogram 1	1	477.026192496	477.170882512	57.723	147.192	LH1079607611.WAV	0.1447	2.0262	86.133	33	2	2	2	
305	Spectrogram 1	1	478.779495045	478.915673884	64.938	142.863	LH1079607611.WAV	0.1362	3.7795	103.359	33	2	2	2	
306	Spectrogram 1	1	479.307188045	479.443366884	51.950	152.965	LH1079607611.WAV	0.1362	4.3071	86.133	33	2	2	2	
307	Spectrogram 1	1	479.502945126	479.588056900	64.938	147.192	LH1079607611.WAV	0.0851	4.5029	103.359	33	2	2	2	
308	Spectrogram 1	1	480.609398191	480.754088207	51.950	145.749	LH1079608206.WAV	0.1447	0.6094	86.133	33	1	2	2	
309	Spectrogram 1	1	480.788135881	480.864736477	59.166	148.635	LH1079608206.WAV	0.0766	0.7881	103.359	33	2	2	2	
310	Spectrogram 1	1	480.966870607	481.103049445	54.836	145.749	LH1079608206.WAV	0.1362	0.9669	86.133	33	2	2	2	
311	Spectrogram 1	1	481.920122478	482.098857204	44.735	150.079	LH1079608206.WAV	0.1787	1.9201	86.133	33	1	2	2	
312	Spectrogram 1	1	482.286103107	482.422281946	44.735	147.192	LH1079608206.WAV	0.1362	2.2861	86.133	33	1	2	2	
313	Spectrogram 1	1	482.949974946	483.086153784	51.950	151.522	LH1079608206.WAV	0.1362	2.9500	86.133	33	2	2	2	
314	Spectrogram 1	1	483.281910865	483.401067349	44.735	152.965	LH1079608206.WAV	0.1192	3.2819	86.133	33	1	2	2	
315	Spectrogram 1	1	484.167073317	484.286229801	54.836	147.192	LH1079608206.WAV	0.1192	4.1671	103.359	33	2	2	2	
316	Spectrogram 1	1	484.839456333	484.933079285	59.166	151.522	LH1079608206.WAV	0.0936	4.8395	103.359	33	2	2	2	
317	Spectrogram 1	1	485.784197027	485.869308801	66.381	142.863	LH1079608211.WAV	0.0851	0.7842	103.359	33	2	2	2	
318	Spectrogram 1	1	485.911864688	485.996976463	62.052	142.863	LH1079608211.WAV	0.0851	0.9119	103.359	33	2	2	2	
319	Spectrogram 1	1	487.077899171	487.197055655	51.950	141.420	LH1079608211.WAV	0.1192	2.0779	86.133	33	2	2	2	
320	Spectrogram 1	1	487.937528091	488.031151042	62.052	148.635	LH1079608211.WAV	0.0936	2.9375	103.359	33	2	2	2	
321	Spectrogram 1	1	486.371471445	486.456583219	53.393	137.091	LH1079608211.WAV	0.0851	1.3714	86.133	33	3	2	2	
322	Spectrogram 1	1	486.533183816	486.618295590	76.482	141.420	LH1079608211.WAV	0.0851	1.5332	120.586	33	3	2	2	
323	Spectrogram 1	1	486.694896187	486.762985606	72.153	139.977	LH1079608211.WAV	0.0681	1.6949	103.359	33	3	2	2	
324	Spectrogram 1	1	486.865119735	486.975765042	77.925	147.192	LH1079608211.WAV	0.1106	1.8651	120.586	33	3	2	2	
325	Spectrogram 1	1	488.771623478	488.882268784	51.950	141.420	LH1079608211.WAV	0.1106	3.7717	86.133	33	2	2	2	
326	Spectrogram 1	1	489.095048220	489.248249413	49.064	152.965	LH1079608211.WAV	0.1532	4.0950	86.133	33	1	2	2	
327	Spectrogram 1	1	490.805794882	490.958996075	60.609	147.192	LH1079608806.WAV	0.1532	0.8058	103.359	33	2	2	2	
328	Spectrogram 1	1	493.759176941	493.886844602	51.950	151.522	LH1079608806.WAV	0.1277	3.7592	86.133	33	2	2	2	
329	Spectrogram 1	1	494.244314054	494.465604667	62.052	160.180	LH1079608806.WAV	0.2213	4.2443	103.359	33	2	2	2	
330	Spectrogram 1	1	495.555035377	495.725258925	56.279	141.420	LH1079608811.WAV	0.1702	0.5550	86.133	33	1	2	2	
331	Spectrogram 1	1	498.253078620	498.389257458	62.052	158.737	LH1079608811.WAV	0.1362	3.2531	86.133	33	2	2	2	
332	Spectrogram 1	1	501.419242337	501.572443530	63.495	147.192	LH1079609406.WAV	0.1532	1.4193	103.359	33	2	2	2	
333	Spectrogram 1	1	502.823586611	502.968276628	66.381	158.737	LH1079609406.WAV	0.1447	2.8236	120.586	33	2	2	2	
334	Spectrogram 1	1	502.993810160	503.121477821	56.279	152.965	LH1079609406.WAV	0.1277	2.9938	120.586	33	2	2	2	
335	Spectrogram 1	1	503.189567240	503.300212547	66.381	150.079	LH1079609406.WAV	0.1106	3.1896	103.359	33	2	2	2	
336	Spectrogram 1	1	503.410857853	503.512991982	62.052	141.420	LH1079609406.WAV	0.1021	3.4109	103.359	33	3	2	2	
337	Spectrogram 1	1	504.627956225	504.815202128	64.938	152.965	LH1079609406.WAV	0.1872	4.6280	103.359	33	2	2	2	
338	Spectrogram 1	1	509.011215986	509.096327761	51.950	144.306	LH1079609411.WAV	0.0851	4.0112	86.133	33	2	2	2	
339	Spectrogram 1	1	509.096327761	509.189950712	59.166	147.192	LH1079609411.WAV	0.0936	4.0964	103.359	33	2	2	2	
340	Spectrogram 1	1	510.977297971	511.139010342	57.723	165.952	LH1079610006.WAV	0.1617	0.9773	86.133	33	2	2	2	
341	Spectrogram 1	1	511.802882181	511.956083374	57.723	158.737	LH1079610006.WAV	0.1532	1.8028	86.133	33	2	2	2	
342	Spectrogram 1	1	512.092262213	512.211418697	56.279	147.192	LH1079610006.WAV	0.1192	2.0923	86.133	33	2	2	2	
343	Spectrogram 1	1	512.500798729	512.679533455	56.279	158.737	LH1079610006.WAV	0.1787	2.5008	103.359	33	2	2	2	
344	Spectrogram 1	1	512.790178762	512.917846423	69.267	142.863	LH1079610006.WAV	0.1277	2.7901	103.359	33	2	2	2	
345	Spectrogram 1	1	513.785986520	513.930676536	50.507	187.598	LH1079610006.WAV	0.1447	3.7859	120.586	33	1	2	2	
346	Spectrogram 1	1	514.339213052	514.569014843	53.393	151.522	LH1079610006.WAV	0.2298	4.3392	86.133	33	1	2	2	
347	Spectrogram 1	1	515.020107246	515.156286085	47.621	163.066	LH1079610011.WAV	0.1362	0.0201	103.359	33	1	2	2	
348	Spectrogram 1	1	515.683981205	515.837182399	75.039	152.965	LH1079610011.WAV	0.1532	0.6840	120.586	33	2	2	2	
349	Spectrogram 1	1	517.437283754	517.616018480	60.609	152.965	LH1079610011.WAV	0.1787	2.4373	103.359	33	2	2	2	
350	Spectrogram 1	1	517.854331447	518.041577351	49.064	158.737	LH1079610011.WAV	0.1872	2.8543	86.133	33	2	2	2	
351	Spectrogram 1	1	518.884183915	519.037385109	53.393	161.623	LH1079610011.WAV	0.1532	3.8842	86.133	33	2	2	2	
352	Spectrogram 1	1	519.284209254	519.394854561	47.621	158.737	LH1079610011.WAV	0.1106	4.2842	103.359	33	2	2	2	
353	Spectrogram 1	1	520.518332208	520.645999869	62.052	147.192	LH1079610606.WAV	0.1277	0.5184	86.133	33	1	2	2	
354	Spectrogram 1	1	520.748133998	520.918357547	63.495	164.509	LH1079610606.WAV	0.1702	0.7482	103.359	33	1	2	2	
355	Spectrogram 1	1	521.377961127	521.531162321	63.495	155.851	LH1079610606.WAV	0.1532	1.3780	103.359	33	2	2	2	
356	Spectrogram 1	1	521.863098240	522.084388853	50.507	152.965	LH1079610606.WAV	0.2213	1.8632	86.133	33	1	2	2	
357	Spectrogram 1	1	522.220567692	522.331212999	62.052	147.192	LH1079610606.WAV	0.1106	2.2205	103.359	33	2	2	2	
358	Spectrogram 1	1	522.867417176	522.952528950	54.836	152.965	LH1079610606.WAV	0.0851	2.8675	103.359	33	2	2	2	
359	Spectrogram 1	1	523.173819563	523.309998402	53.393	152.965	LH1079610606.WAV	0.1362	3.1738	103.359	33	1	2	2	
360	Spectrogram 1	1	523.454688418	523.624911967	56.279	151.522	LH1079610606.WAV	0.1702	3.4546	86.133	33	2	2	2	
361	Spectrogram 1	1	523.786624338	523.982381418	51.950	147.192	LH1079610606.WAV	0.1958	3.7866	86.133	33	2	2	2	
362	Spectrogram 1	1	524.229205564	524.416451467	49.064	161.623	LH1079610606.WAV	0.1872	4.2293	86.133	33	2	2	2	
363	Spectrogram 1	1	524.824987983	524.944144467	57.723	139.977	LH1079610606.WAV	0.1192	4.8249	103.359	33	2	2	2	
364	Spectrogram 1	1	525.216502144	525.344169806	47.621	152.965	LH1079610611.WAV	0.1277	0.2166	86.133	33	2	2	2	
365	Spectrogram 1	1	525.429281580	525.522904532	63.495	147.192	LH1079610611.WAV	0.0936	0.4293	103.359	33	2	2	2	
366	Spectrogram 1	1	525.778239854	525.982508112	53.393	158.737	LH1079610611.WAV	0.2043	0.7782	103.359	33	2	2	2	
367	Spectrogram 1	1	527.727301498	527.837946804	53.393	151.522	LH1079610611.WAV	0.1106	2.7273	86.133	33	2	2	2	
368	Spectrogram 1	1	528.084770950	528.220949788	60.609	148.635	LH1079610611.WAV	0.1362	3.0848	103.359	33	2	2	2	
369	Spectrogram 1	1	528.357128627	528.535863353	50.507	152.965	LH1079610611.WAV	0.1787	3.3571	86.133	33	1	2	2	
370	Spectrogram 1	1	528.620975127	528.748642789	60.609	152.965	LH1079610611.WAV	0.1277	3.6210	103.359	33	1	2	2	
371	Spectrogram 1	1	528.986955756	529.123134595	57.723	139.977	LH1079610611.WAV	0.1362	3.9870	103.359	33	1	2	2	
372	Spectrogram 1	1	530.561523579	530.731747128	60.609	160.180	LH1079611206.WAV	0.1702	0.5616	103.359	33	2	2	2	
373	Spectrogram 1	1	531.361574257	531.489241918	54.836	152.965	LH1079611206.WAV	0.1277	1.3616	103.359	33	2	2	2	
374	Spectrogram 1	1	531.676487822	531.812666660	56.279	151.522	LH1079611206.WAV	0.1362	1.6765	103.359	33	2	2	2	
375	Spectrogram 1	1	532.706340290	532.816985596	47.621	147.192	LH1079611206.WAV	0.1106	2.7063	86.133	33	2	2	2	
376	Spectrogram 1	1	533.863862964	534.034086512	49.064	152.965	LH1079611206.WAV	0.1702	3.8638	103.359	33	1	2	2	
377	Spectrogram 1	1	534.076642399	534.229843593	54.836	157.294	LH1079611206.WAV	0.1532	4.0766	103.359	33	1	2	2	
378	Spectrogram 1	1	534.408578319	534.510712448	28.861	152.965	LH1079611206.WAV	0.1021	4.4086	120.586	33	2	2	2	
379	Spectrogram 1	1	534.638380109	534.783070125	57.723	141.420	LH1079611206.WAV	0.1447	4.6384	86.133	33	2	2	2	
380	Spectrogram 1	1	535.217140174	535.378852545	54.836	152.965	LH1079611211.WAV	0.1617	0.2171	86.133	33	2	2	2	
381	Spectrogram 1	1	535.498009029	535.659721400	63.495	152.965	LH1079611211.WAV	0.1617	0.4980	86.133	33	1	2	2	
382	Spectrogram 1	1	535.940590255	536.034213206	59.166	150.079	LH1079611211.WAV	0.0936	0.9406	86.133	33	3	2	2	
383	Spectrogram 1	1	536.519350319	536.655529158	59.166	152.965	LH1079611211.WAV	0.1362	1.5194	86.133	33	1	2	2	
384	Spectrogram 1	1	536.706596223	536.817241529	59.166	158.737	LH1079611211.WAV	0.1106	1.7066	103.359	33	2	2	2	
385	Spectrogram 1	1	537.102365973	537.200244513	62.052	145.749	LH1079611211.WAV	0.0979	2.1024	86.133	33	3	2	2	
386	Spectrogram 1	1	537.889649884	538.051362255	59.166	152.965	LH1079611211.WAV	0.1617	2.8897	120.586	33	2	2	2	
387	Spectrogram 1	1	539.319530023	539.472731216	59.166	154.408	LH1079611211.WAV	0.1532	4.3195	86.133	33	2	2	2	
388	Spectrogram 1	1	539.702533007	539.847223023	56.279	158.737	LH1079611211.WAV	0.1447	4.7025	103.359	33	1	2	2	
389	Spectrogram 1	1	540.587695459	540.749407830	54.836	157.294	LH1079611806.WAV	0.1617	0.5876	86.133	33	1	2	2	
390	Spectrogram 1	1	540.868564314	541.013254330	54.836	155.851	LH1079611806.WAV	0.1447	0.8686	86.133	33	1	2	2	
391	Spectrogram 1	1	541.166455523	541.251567297	66.381	147.192	LH1079611806.WAV	0.0851	1.1664	120.586	33	2	2	2	
392	Spectrogram 1	1	541.540947330	541.668614991	59.166	142.863	LH1079611806.WAV	0.1277	1.5409	103.359	33	2	2	2	
393	Spectrogram 1	1	542.638889217	542.783579233	64.938	152.965	LH1079611806.WAV	0.1447	2.6389	120.586	33	2	2	2	
394	Spectrogram 1	1	542.860179830	543.013381024	59.166	152.965	LH1079611806.WAV	0.1532	2.8602	103.359	33	2	2	2	
395	Spectrogram 1	1	543.166582217	543.285738701	64.938	152.965	LH1079611806.WAV	0.1192	3.1666	86.133	33	2	2	2	
396	Spectrogram 1	1	543.566607556	543.694275217	59.166	139.977	LH1079611806.WAV	0.1277	3.5666	86.133	33	2	2	2	
397	Spectrogram 1	1	546.341254046	546.477432884	57.723	154.408	LH1079611811.WAV	0.1362	1.3413	103.359	33	1	2	2	
398	Spectrogram 1	1	546.902991755	547.022148239	53.393	147.192	LH1079611811.WAV	0.1192	1.9029	86.133	33	2	2	2	
399	Spectrogram 1	1	547.217905320	547.354084159	53.393	145.749	LH1079611811.WAV	0.1362	2.2179	103.359	33	2	2	2	
400	Spectrogram 1	1	547.447707110	547.583885949	62.052	158.737	LH1079611811.WAV	0.1362	2.4477	103.359	33	2	2	2	
401	Spectrogram 1	1	548.230735433	548.375425449	47.621	154.408	LH1079611811.WAV	0.1447	3.2307	86.133	33	1	2	2	
402	Spectrogram 1	1	548.520115466	548.707361369	57.723	152.965	LH1079611811.WAV	0.1872	3.5201	86.133	33	1	2	2	
403	Spectrogram 1	1	548.894607272	549.013763756	53.393	147.192	LH1079611811.WAV	0.1192	3.8946	86.133	33	2	2	2	
404	Spectrogram 1	1	549.201009659	549.345699675	56.279	158.737	LH1079611811.WAV	0.1447	4.2010	103.359	33	2	2	2	
405	Spectrogram 1	1	549.796792079	549.924459740	53.393	152.965	LH1079611811.WAV	0.1277	4.7968	103.359	33	2	2	2	
406	Spectrogram 1	1	550.886224696	551.030914712	51.950	142.863	LH1079612406.WAV	0.1447	0.8863	86.133	33	1	2	2	
407	Spectrogram 1	1	551.464984760	551.609674776	56.279	147.192	LH1079612406.WAV	0.1447	1.4650	120.586	33	2	2	2	
408	Spectrogram 1	1	551.745853615	551.899054809	57.723	144.306	LH1079612406.WAV	0.1532	1.7458	86.133	33	2	2	2	
409	Spectrogram 1	1	552.656549599	552.826773148	24.532	152.965	LH1079612406.WAV	0.1702	2.6566	86.133	33	1	2	2	
410	Spectrogram 1	1	553.626823825	553.737469132	43.292	155.851	LH1079612406.WAV	0.1106	3.6269	86.133	33	2	2	2	
411	Spectrogram 1	1	553.865136793	553.975782100	56.279	147.192	LH1079612406.WAV	0.1106	3.8652	86.133	33	2	2	2	
412	Spectrogram 1	1	554.733276890	554.894989261	57.723	150.079	LH1079612406.WAV	0.1617	4.7333	103.359	33	2	2	2	
413	Spectrogram 1	1	555.167346939	555.269481068	56.279	142.863	LH1079612411.WAV	0.1021	0.1673	103.359	33	2	2	2	
414	Spectrogram 1	1	555.720573471	555.873774665	47.621	150.079	LH1079612411.WAV	0.1532	0.7205	103.359	33	1	2	2	
415	Spectrogram 1	1	556.035488417	556.205711965	63.495	145.749	LH1079612411.WAV	0.1702	1.0355	120.586	33	2	2	2	
416	Spectrogram 1	1	556.844050272	556.988740288	44.735	148.635	LH1079612411.WAV	0.1447	1.8441	103.359	33	2	2	2	
417	Spectrogram 1	1	557.218542078	557.303653853	59.166	150.079	LH1079612411.WAV	0.0851	2.2186	103.359	33	3	2	2	
418	Spectrogram 1	1	557.431321514	557.584522708	18.760	152.965	LH1079612411.WAV	0.1532	2.4313	86.133	33	1	2	2	
419	Spectrogram 1	1	557.712190369	557.848369208	43.292	160.180	LH1079612411.WAV	0.1362	2.7122	103.359	33	2	2	2	
420	Spectrogram 1	1	557.899436272	558.035615111	51.950	155.851	LH1079612411.WAV	0.1362	2.8994	86.133	33	1	2	2	
421	Spectrogram 1	1	558.137749240	558.299461611	57.723	152.965	LH1079612411.WAV	0.1617	3.1378	86.133	33	2	2	2	
422	Spectrogram 1	1	561.074105450	561.244328999	44.735	152.965	LH1079613006.WAV	0.1702	1.0741	86.133	33	1	2	2	
423	Spectrogram 1	1	561.278375512	561.440087883	53.393	147.192	LH1079613006.WAV	0.1617	1.2783	86.133	33	1	2	2	
424	Spectrogram 1	1	562.155026787	562.299716803	36.077	147.192	LH1079613006.WAV	0.1447	2.1550	86.133	33	2	2	2	
425	Spectrogram 1	1	563.295524561	563.508303997	34.634	151.522	LH1079613006.WAV	0.2128	3.2956	86.133	33	1	2	2	
426	Spectrogram 1	1	564.436022336	564.597734707	53.393	145.749	LH1079613006.WAV	0.1617	4.4361	103.359	33	2	2	2	
427	Spectrogram 1	1	564.691357658	564.802002965	54.836	145.749	LH1079613006.WAV	0.1106	4.6914	103.359	33	2	2	2	
428	Spectrogram 1	1	565.304162433	565.482897159	38.963	151.522	LH1079613011.WAV	0.1787	0.3042	86.133	33	2	2	2	
429	Spectrogram 1	1	565.516941868	565.687165417	36.077	147.192	LH1079613011.WAV	0.1702	0.5169	103.359	33	1	2	2	
430	Spectrogram 1	1	566.512749627	566.708506707	47.621	152.965	LH1079613011.WAV	0.1958	1.5127	86.133	33	1	2	2	
431	Spectrogram 1	1	566.785107304	566.887241433	59.166	155.851	LH1079613011.WAV	0.1021	1.7851	103.359	33	2	2	2	
432	Spectrogram 1	1	567.500046207	567.644736224	46.178	148.635	LH1079613011.WAV	0.1447	2.5000	103.359	33	2	2	2	
433	Spectrogram 1	1	567.729847998	567.874538014	53.393	141.420	LH1079613011.WAV	0.1447	2.7298	103.359	33	2	2	2	
434	Spectrogram 1	1	568.742679278	568.878858116	49.064	152.965	LH1079613011.WAV	0.1362	3.7426	103.359	33	2	2	2	
435	Spectrogram 1	1	569.670397617	569.798065278	57.723	151.522	LH1079613011.WAV	0.1277	4.6704	86.133	33	2	2	2	
436	Spectrogram 1	1	571.083254234	571.244966605	43.292	158.737	LH1079613606.WAV	0.1617	1.0832	86.133	33	1	2	2	
437	Spectrogram 1	1	571.900327267	572.010972573	56.279	141.420	LH1079613606.WAV	0.1106	1.9003	86.133	33	2	2	2	
438	Spectrogram 1	1	572.274819073	572.385464380	41.849	141.420	LH1079613606.WAV	0.1106	2.2748	120.586	33	1	2	2	
439	Spectrogram 1	1	573.321693896	573.457872735	38.963	154.408	LH1079613606.WAV	0.1362	3.3217	103.359	33	1	2	2	
440	Spectrogram 1	1	574.028121622	574.113233397	50.507	147.192	LH1079613606.WAV	0.0851	4.0281	86.133	33	2	2	2	
441	Spectrogram 1	1	575.900583199	576.002717328	46.178	154.408	LH1079613611.WAV	0.1021	0.9006	86.133	33	2	2	2	
442	Spectrogram 1	1	576.530410328	576.641055635	60.609	135.648	LH1079613611.WAV	0.1106	1.5304	86.133	33	2	2	2	
443	Spectrogram 1	1	576.947458022	577.075125683	46.178	134.205	LH1079613611.WAV	0.1277	1.9475	86.133	33	3	2	2	
444	Spectrogram 1	1	577.211304522	577.347483361	44.735	134.205	LH1079613611.WAV	0.1362	2.2113	86.133	33	2	2	2	
445	Spectrogram 1	1	577.560262796	577.696441635	39.684	153.686	LH1079613611.WAV	0.1362	2.5603	86.133	33	2	2	2	
446	Spectrogram 1	1	577.964543724	578.058166676	44.013	132.040	LH1079613611.WAV	0.0936	2.9645	86.133	33	2	2	2	
447	Spectrogram 1	1	579.858280700	579.985948362	18.760	147.192	LH1079613611.WAV	0.1277	4.8583	86.133	33	2	2	2	
448	Spectrogram 1	1	581.083892369	581.211560030	34.634	147.192	LH1079614206.WAV	0.1277	1.0839	86.133	33	2	2	2	
449	Spectrogram 1	1	581.373272401	581.509451240	59.166	145.749	LH1079614206.WAV	0.1362	1.3732	103.359	33	2	2	2	
450	Spectrogram 1	1	581.654141256	581.807342450	54.836	155.851	LH1079614206.WAV	0.1532	1.6542	86.133	33	2	2	2	
451	Spectrogram 1	1	581.960543643	582.062677772	57.723	148.635	LH1079614206.WAV	0.1021	1.9605	86.133	33	2	2	2	
452	Spectrogram 1	1	582.232901321	582.335035450	63.495	144.306	LH1079614206.WAV	0.1021	2.2329	103.359	33	3	2	2	
453	Spectrogram 1	1	583.969181515	584.062804467	63.495	142.863	LH1079614206.WAV	0.0936	3.9692	103.359	33	3	2	2	
454	Spectrogram 1	1	585.543751881	585.671419542	56.279	158.737	LH1079614211.WAV	0.1277	0.5438	103.359	33	2	2	2	
455	Spectrogram 1	1	585.807598381	585.926754865	51.950	152.965	LH1079614211.WAV	0.1192	0.8076	103.359	33	2	2	2	
456	Spectrogram 1	1	586.292735494	586.428914332	27.418	154.408	LH1079614211.WAV	0.1362	1.2927	103.359	33	2	2	2	
457	Spectrogram 1	1	586.582115526	586.718294365	40.406	142.863	LH1079614211.WAV	0.1362	1.5821	86.133	33	2	2	2	
458	Spectrogram 1	1	586.837450849	586.948096155	37.520	152.965	LH1079614211.WAV	0.1106	1.8374	103.359	33	2	2	2	
459	Spectrogram 1	1	587.331099139	587.475789155	14.431	157.294	LH1079614211.WAV	0.1447	2.3311	103.359	33	1	2	2	
460	Spectrogram 1	1	587.637501526	587.799213897	33.190	148.635	LH1079614211.WAV	0.1617	2.6375	86.133	33	2	2	2	
461	Spectrogram 1	1	593.629373084	593.740018391	49.064	148.635	LH1079614806.WAV	0.1106	3.6294	103.359	33	1	2	2	
462	Spectrogram 1	1	594.157066084	594.301756100	43.292	155.851	LH1079614806.WAV	0.1447	4.1570	103.359	33	1	2	2	
463	Spectrogram 1	1	594.463468471	594.625180842	51.950	157.294	LH1079614806.WAV	0.1617	4.4635	86.133	33	1	2	2	
464	Spectrogram 1	1	594.710292617	594.872004988	31.747	150.079	LH1079614806.WAV	0.1617	4.7103	103.359	33	1	2	2	
465	Spectrogram 1	1	595.246496794	595.374164455	24.532	148.635	LH1079614811.WAV	0.1277	0.2465	86.133	33	1	2	2	
466	Spectrogram 1	1	595.510343294	595.612477423	41.849	150.079	LH1079614811.WAV	0.1021	0.5103	120.586	33	2	2	2	
467	Spectrogram 1	1	596.029525117	596.157192778	62.052	147.192	LH1079614811.WAV	0.1277	1.0295	103.359	33	2	2	2	
468	Spectrogram 1	1	601.238368772	601.357525256	56.279	147.192	LH1079615406.WAV	0.1192	1.2383	86.133	33	2	2	2	
469	Spectrogram 1	1	601.519237627	601.689461176	57.723	150.079	LH1079615406.WAV	0.1702	1.5193	86.133	33	2	2	2	
470	Spectrogram 1	1	602.872514837	603.034227208	63.495	158.737	LH1079615406.WAV	0.1617	2.8726	120.586	33	1	2	2	
471	Spectrogram 1	1	603.255517821	603.374674305	53.393	158.737	LH1079615406.WAV	0.1192	3.2556	103.359	33	2	2	2	
472	Spectrogram 1	1	603.587453741	603.698099047	66.381	158.737	LH1079615406.WAV	0.1106	3.5874	120.586	33	2	2	2	
473	Spectrogram 1	1	603.910878483	604.081102031	57.723	161.623	LH1079615406.WAV	0.1702	3.9109	103.359	33	2	2	2	
474	Spectrogram 1	1	604.191747338	604.302392644	63.495	157.294	LH1079615406.WAV	0.1106	4.1917	103.359	33	1	2	2	
475	Spectrogram 1	1	605.051376257	605.170532741	50.507	157.294	LH1079615411.WAV	0.1192	0.0514	120.586	33	2	2	2	
476	Spectrogram 1	1	605.374800999	605.485446306	56.279	160.180	LH1079615411.WAV	0.1106	0.3748	103.359	33	2	2	2	
477	Spectrogram 1	1	605.664181032	605.757803983	60.609	135.648	LH1079615411.WAV	0.0936	0.6642	103.359	33	2	2	2	
478	Spectrogram 1	1	606.591899371	606.711055854	53.393	137.091	LH1079615411.WAV	0.1192	1.5920	103.359	33	2	2	2	
479	Spectrogram 1	1	606.821701161	606.966391177	53.393	152.965	LH1079615411.WAV	0.1447	1.8217	103.359	33	2	2	2	
480	Spectrogram 1	1	607.817508919	608.004754822	56.279	158.737	LH1079615411.WAV	0.1872	2.8175	103.359	33	1	2	2	
481	Spectrogram 1	1	608.132424922	608.277114938	66.381	164.509	LH1079615411.WAV	0.1447	3.1324	103.359	33	2	2	2	
482	Spectrogram 1	1	609.221855632	609.366545648	53.393	163.066	LH1079615411.WAV	0.1447	4.2219	86.133	33	2	2		
483	Spectrogram 1	1	609.502724487	609.647414503	56.279	160.180	LH1079615411.WAV	0.1447	4.5027	103.359	33	2	2	2	
484	Spectrogram 1	1	610.941113471	611.102825842	62.052	158.737	LH1079616006.WAV	0.1617	0.9412	103.359	33	2	2	2	
485	Spectrogram 1	1	611.247515858	611.392205875	66.381	148.635	LH1079616006.WAV	0.1447	1.2475	103.359	33	2	2	2	
486	Spectrogram 1	1	611.553918246	611.630518842	73.596	160.180	LH1079616006.WAV	0.0766	1.5540	103.359	33	2	2	2	
487	Spectrogram 1	1	611.690097084	611.783720036	59.166	142.863	LH1079616006.WAV	0.0936	1.6901	103.359	33	2	2	2	
488	Spectrogram 1	1	612.966775499	613.111465516	60.609	157.294	LH1079616006.WAV	0.1447	2.9668	120.586	33	1	2	2	
489	Spectrogram 1	1	614.720078048	614.856256887	57.723	152.965	LH1079616006.WAV	0.1362	4.7201	103.359	33	2	2	2	
490	Spectrogram 1	1	615.903131710	616.047821726	51.950	161.623	LH1079616011.WAV	0.1447	0.9032	86.133	33	2	2	2	
491	Spectrogram 1	1	616.720204742	616.822338871	53.393	157.294	LH1079616011.WAV	0.1021	1.7202	86.133	33	2	2	2	
492	Spectrogram 1	1	616.992562420	617.120230081	57.723	151.522	LH1079616011.WAV	0.1277	1.9925	86.133	33	2	2	2	
493	Spectrogram 1	1	617.273431275	617.409610113	51.950	154.408	LH1079616011.WAV	0.1362	2.2735	103.359	33	1	2	2	
494	Spectrogram 1	1	617.579835782	617.698992266	64.938	141.420	LH1079616011.WAV	0.1192	2.5798	103.359	33	2	2	2	
495	Spectrogram 1	1	618.260729976	618.413931169	54.836	148.635	LH1079616011.WAV	0.1532	3.2608	103.359	33	2	2	2	
496	Spectrogram 1	1	619.213981847	619.358671863	54.836	160.180	LH1079616011.WAV	0.1447	4.2139	86.133	33	2	2	2	
497	Spectrogram 1	1	619.358671863	619.486339524	64.938	151.522	LH1079616011.WAV	0.1277	4.3586	120.586	33	2	2	2	
498	Spectrogram 1	1	619.656563073	619.784230734	62.052	145.749	LH1079616011.WAV	0.1277	4.6566	103.359	33	2	2	2	
499	Spectrogram 1	1	628.746504484	628.874172145	67.824	152.965	LH1079616611.WAV	0.1277	3.7465	103.359	33	2	2	2	
500	Spectrogram 1	1	629.120996290	629.248663951	70.710	151.522	LH1079616611.WAV	0.1277	4.1210	120.586	33	3	2	2	
501	Spectrogram 1	1	630.806209420	630.916854726	72.153	152.965	LH1079617206.WAV	0.1106	0.8062	120.586	33	2	2	2	
502	Spectrogram 1	1	640.611089627	640.738757288	64.938	147.192	LH1079617806.WAV	0.1277	0.6111	86.133	33	2	2	2	
503	Spectrogram 1	1	640.874936127	640.994092611	66.381	155.851	LH1079617806.WAV	0.1192	0.8749	103.359	33	1	2	2	
504	Spectrogram 1	1	642.245235691	642.355880998	53.393	151.522	LH1079617806.WAV	0.1106	2.2452	103.359	33	1	2	2	
505	Spectrogram 1	1	642.509082192	642.662283385	56.279	151.522	LH1079617806.WAV	0.1532	2.5091	103.359	33	2	2	2	
506	Spectrogram 1	1	642.806973401	642.934641063	60.609	147.192	LH1079617806.WAV	0.1277	2.8070	103.359	33	1	2	2	
507	Spectrogram 1	1	643.087842256	643.275088159	59.166	160.180	LH1079617806.WAV	0.1872	3.0879	103.359	33	2	2	2	
508	Spectrogram 1	1	643.692135853	643.853848224	66.381	157.294	LH1079617806.WAV	0.1617	3.6922	120.586	33	1	2	2	
509	Spectrogram 1	1	644.611343015	644.739010676	51.950	147.192	LH1079617806.WAV	0.1277	4.6113	86.133	33	2	2	2	
510	Spectrogram 1	1	647.224276922	647.343433406	51.950	150.079	LH1079617811.WAV	0.1192	2.2243	86.133	33	2	2	2	
511	Spectrogram 1	1	647.505145777	647.658346971	59.166	148.635	LH1079617811.WAV	0.1532	2.5051	86.133	33	2	2	2	
512	Spectrogram 1	1	647.726436390	647.888148761	63.495	152.965	LH1079617811.WAV	0.1617	2.7264	86.133	33	2	2	2	
513	Spectrogram 1	1	648.015816422	648.169017616	60.609	145.749	LH1079617811.WAV	0.1532	3.0159	103.359	33	2	2	2	
514	Spectrogram 1	1	648.390308229	648.492442358	54.836	151.522	LH1079617811.WAV	0.1021	3.3904	86.133	33	2	2	2	
515	Spectrogram 1	1	649.318026568	649.437183052	60.609	145.749	LH1079617811.WAV	0.1192	4.3180	86.133	33	2	2	2	
516	Spectrogram 1	1	650.305323149	650.458524342	54.836	184.712	LH1079618406.WAV	0.1532	0.3053	103.359	33	1	2	2	
517	Spectrogram 1	1	651.045797704	651.190487720	73.596	155.851	LH1079618406.WAV	0.1447	1.0458	120.586	33	3	2	2	
518	Spectrogram 1	1	652.756544365	652.875700849	67.824	151.522	LH1079618406.WAV	0.1192	2.7566	120.586	33	2	2	2	
519	Spectrogram 1	1	653.258703833	653.352326785	53.393	160.180	LH1079618406.WAV	0.0936	3.2587	103.359	33	2	2	2	
520	Spectrogram 1	1	653.539572688	653.658729172	59.166	151.522	LH1079618406.WAV	0.1192	3.5396	103.359	33	1	2	2	
521	Spectrogram 1	1	655.173718753	655.301386415	50.507	152.965	LH1079618411.WAV	0.1277	0.1737	86.133	33	1	2	2	
522	Spectrogram 1	1	655.471609963	655.573744092	60.609	152.965	LH1079618411.WAV	0.1021	0.4717	86.133	33	2	2	2	
523	Spectrogram 1	1	655.760989995	655.905680011	56.279	151.522	LH1079618411.WAV	0.1447	0.7610	103.359	33	2	2	2	
524	Spectrogram 1	1	656.063136794	656.156759745	59.166	165.952	LH1079618411.WAV	0.0936	1.0632	103.359	33	2	2	2	
525	Spectrogram 1	1	657.565361200	657.735584749	49.064	141.420	LH1079618411.WAV	0.1702	2.5653	103.359	33	2	2	2	
526	Spectrogram 1	1	657.871763587	657.973897716	50.507	158.737	LH1079618411.WAV	0.1021	2.8718	103.359	33	2	2	2	
527	Spectrogram 1	1	658.484568362	658.603724846	62.052	187.598	LH1079618411.WAV	0.1192	3.4846	103.359	33	1	2	2	
528	Spectrogram 1	1	659.054817249	659.165462555	56.279	147.192	LH1079618411.WAV	0.1106	4.0548	103.359	33	2	2	2	
529	Spectrogram 1	1	659.267596684	659.369730813	64.938	141.420	LH1079618411.WAV	0.1021	4.2676	103.359	33	2	2	2	
530	Spectrogram 1	1	660.603851540	660.774075088	47.621	148.635	LH1079619006.WAV	0.1702	0.6039	86.133	33	2	2	2	
531	Spectrogram 1	1	661.225167491	661.378368685	63.495	167.395	LH1079619006.WAV	0.1532	1.2252	120.586	33	2	2	2	
532	Spectrogram 1	1	661.565614588	661.684771072	64.938	142.863	LH1079619006.WAV	0.1192	1.5656	120.586	33	3	2	2	
533	Spectrogram 1	1	661.872016975	662.042240524	50.507	161.623	LH1079619006.WAV	0.1702	1.8720	120.586	33	2	2	2	
534	Spectrogram 1	1	662.186930540	662.348642911	62.052	150.079	LH1079619006.WAV	0.1617	2.1870	120.586	33	2	2	2	
535	Spectrogram 1	1	662.859313556	663.004003572	62.052	168.838	LH1079619006.WAV	0.1447	2.8593	103.359	33	2	2	2	
536	Spectrogram 1	1	663.165715943	663.284872427	67.824	168.838	LH1079619006.WAV	0.1192	3.1658	120.586	33	2	2	2	
537	Spectrogram 1	1	663.838098960	663.974277798	54.836	163.066	LH1079619006.WAV	0.1362	3.8381	103.359	33	2	2	2	
538	Spectrogram 1	1	664.118967815	664.255146653	59.166	167.395	LH1079619006.WAV	0.1362	4.1189	103.359	33	1	2	2	
539	Spectrogram 1	1	665.233933968	665.361601629	54.836	148.635	LH1079619011.WAV	0.1277	0.2339	103.359	33	2	2	2	
540	Spectrogram 1	1	666.434009985	666.561677646	57.723	134.205	LH1079619011.WAV	0.1277	1.4340	86.133	33	2	2	2	
541	Spectrogram 1	1	666.740412372	666.876591210	64.938	187.598	LH1079619011.WAV	0.1362	1.7404	103.359	33	1	2	2	
542	Spectrogram 1	1	667.021281227	667.225549485	54.836	148.635	LH1079619011.WAV	0.2043	2.0213	86.133	33	1	2	2	
543	Spectrogram 1	1	667.931977211	668.144756646	51.950	155.851	LH1079619011.WAV	0.2128	2.9320	120.586	33	2	2	2	
544	Spectrogram 1	1	668.366047259	668.536270808	53.393	144.306	LH1079619011.WAV	0.1702	3.3661	86.133	33	2	2	2	
545	Spectrogram 1	1	668.612871404	668.766072598	56.279	154.408	LH1079619011.WAV	0.1532	3.6129	86.133	33	2	2	2	
546	Spectrogram 1	1	668.859695550	669.012896743	53.393	158.737	LH1079619011.WAV	0.1532	3.8598	103.359	33	1	2	2	
547	Spectrogram 1	1	669.174609114	669.276743243	57.723	158.737	LH1079619011.WAV	0.1021	4.1746	103.359	33	1	2	2	
548	Spectrogram 1	1	669.489522679	669.591656808	62.052	152.965	LH1079619011.WAV	0.1021	4.4896	103.359	33	1	2	2	
549	Spectrogram 1	1	669.753369179	669.974659792	56.279	152.965	LH1079619011.WAV	0.2213	4.7534	103.359	33	2	2	2	
