Selection	View	Channel	Begin Time (s)	End Time (s)	Low Freq (Hz)	High Freq (Hz)	Begin File	Delta Time (s)	File Offset (s)	Peak Freq (Hz)	call variant	level	call cutoff @ end	calls overlap	Notes
1	Spectrogram 1	1	2.442707920	2.510797339	72.153	142.863	LH1079418606.WAV	0.0681	2.4427	103.359	33	3	2	2	
2	Spectrogram 1	1	17.643675144	17.771342806	62.052	154.408	LH1079419211.WAV	0.1277	2.6437	120.586	33	2	2	2	
3	Spectrogram 1	1	40.334482105	40.445127411	57.723	155.851	LH1079421006.WAV	0.1106	0.3345	103.359	33	2	2	2	
4	Spectrogram 1	1	65.970162372	66.063785323	59.166	141.420	LH1079422211.WAV	0.0936	0.9702	103.359	33	3	2	2	
5	Spectrogram 1	1	85.435233189	85.545878496	66.381	145.749	LH1079423411.WAV	0.1106	0.4353	103.359	33	2	2	2	
6	Spectrogram 1	1	85.758657931	85.894836770	44.735	164.509	LH1079423411.WAV	0.1362	0.7586	103.359	33	2	2	2	
7	Spectrogram 1	1	104.040675610	104.142809739	62.052	147.192	LH1079424606.WAV	0.1021	4.0407	103.359	33	3	2	2	
8	Spectrogram 1	1	141.583498598	141.702655082	62.052	144.306	LH1079427006.WAV	0.1192	1.5834	103.359	33	2	2	2	
9	Spectrogram 1	1	241.240929564	241.309018983	56.279	148.635	LH1079433006.WAV	0.0681	1.2409	103.359	33	2	2	2	
10	Spectrogram 1	1	265.991442623	266.059532043	62.052	150.079	LH1079434211.WAV	0.0681	0.9915	103.359	33	2	2	2	
11	Spectrogram 1	1	266.348912075	266.519135624	56.279	167.395	LH1079434211.WAV	0.1702	1.3489	103.359	33	2	2	2	
12	Spectrogram 1	1	267.872412834	267.940502253	56.279	141.420	LH1079434211.WAV	0.0681	2.8724	103.359	33	2	2	2	
13	Spectrogram 1	1	270.425767232	270.527901361	67.824	141.420	LH1079434806.WAV	0.1021	0.4257	103.359	33	2	2	2	
14	Spectrogram 1	1	270.621524312	270.757703151	73.596	147.192	LH1079434806.WAV	0.1362	0.6215	103.359	33	2	2	2	
15	Spectrogram 1	1	287.575793558	287.686438864	56.279	148.635	LH1079435411.WAV	0.1106	2.5757	103.359	33	2	2	2	
16	Spectrogram 1	1	291.499447835	291.644137851	57.723	157.294	LH1079436006.WAV	0.1447	1.4994	103.359	33	2	2	2	
17	Spectrogram 1	1	298.155189642	298.248812593	62.052	150.079	LH1079436011.WAV	0.0936	3.1552	103.359	33	2	2	2	
18	Spectrogram 1	1	311.790102017	311.909258501	62.052	145.749	LH1079437206.WAV	0.1192	1.7901	103.359	33	2	2	2	
19	Spectrogram 1	1	312.819954485	312.947622146	49.064	139.977	LH1079437206.WAV	0.1277	2.8200	86.133	33	2	2	2	
20	Spectrogram 1	1	319.475697350	319.569320301	50.507	145.749	LH1079437211.WAV	0.0936	4.4757	86.133	33	2	2	2	
21	Spectrogram 1	1	322.633344173	322.726967125	59.166	152.965	LH1079437806.WAV	0.0936	2.6333	120.586	33	2	2	2	
22	Spectrogram 1	1	322.769523012	322.829101254	50.507	141.420	LH1079437806.WAV	0.0596	2.7695	103.359	33	3	2	2	
23	Spectrogram 1	1	343.749582152	343.851716281	44.735	129.876	LH1079439006.WAV	0.1021	3.7495	86.133	33	2	2	2	
24	Spectrogram 1	1	348.626486814	348.796710363	51.950	167.395	LH1079439011.WAV	0.1702	3.6265	103.359	33	2	2	2	
25	Spectrogram 1	1	349.069068040	349.162690992	51.950	165.952	LH1079439011.WAV	0.0936	4.0690	103.359	33	2	2	2	
26	Spectrogram 1	1	360.601723715	360.737902554	54.836	147.192	LH1079440206.WAV	0.1362	0.6017	103.359	33	2	2	2	
27	Spectrogram 1	1	363.265722248	363.350834023	60.609	141.420	LH1079440206.WAV	0.0851	3.2658	103.359	33	2	2	2	
28	Spectrogram 1	1	363.708303474	363.767881716	69.267	141.420	LH1079440206.WAV	0.0596	3.7083	103.359	33	2	2	2	
29	Spectrogram 1	1	374.560063473	374.636664070	54.836	196.257	LH1079440806.WAV	0.0766	4.5601	103.359	33	1	2	2	
30	Spectrogram 1	1	373.760012796	373.828102215	59.166	141.420	LH1079440806.WAV	0.0681	3.7600	120.586	33	3	2	2	
31	Spectrogram 1	1	374.653686425	374.772842909	60.609	152.965	LH1079440806.WAV	0.1192	4.6537	103.359	33	1	2	2	
32	Spectrogram 1	1	377.360240845	377.590042635	43.292	157.294	LH1079440811.WAV	0.2298	2.3602	103.359	33	1	2	2	
33	Spectrogram 1	1	378.228380942	378.356048603	47.621	163.066	LH1079440811.WAV	0.1277	3.2283	103.359	33	1	2	2	
34	Spectrogram 1	1	378.543294506	378.730540410	62.052	197.700	LH1079440811.WAV	0.1872	3.5433	120.586	33	1	2	2	
35	Spectrogram 1	1	379.368878716	379.462501668	47.621	152.965	LH1079440811.WAV	0.0936	4.3689	86.133	33	2	2	2	
36	Spectrogram 1	1	382.100971750	382.186083524	66.381	158.737	LH1079441406.WAV	0.0851	2.1010	120.586	33	2	2	2	
37	Spectrogram 1	1	383.003156557	383.122313040	67.824	142.863	LH1079441406.WAV	0.1192	3.0032	86.133	33	2	2	2	
38	Spectrogram 1	1	383.547871912	383.675539573	64.938	158.737	LH1079441406.WAV	0.1277	3.5478	120.586	33	2	2	2	
39	Spectrogram 1	1	384.058542557	384.186210218	62.052	152.965	LH1079441406.WAV	0.1277	4.0585	103.359	33	2	2	2	
40	Spectrogram 1	1	385.369263880	385.522465073	56.279	147.192	LH1079441411.WAV	0.1532	0.3693	103.359	33	2	2	2	
41	Spectrogram 1	1	387.633237074	387.769415913	56.279	154.408	LH1079441411.WAV	0.1362	2.6332	103.359	33	1	2	2	
42	Spectrogram 1	1	388.152418897	388.331153622	46.178	152.965	LH1079441411.WAV	0.1787	3.1524	103.359	33	1	2	2	
43	Spectrogram 1	1	389.795080373	389.905725680	53.393	151.522	LH1079441411.WAV	0.1106	4.7951	86.133	33	2	2	2	
44	Spectrogram 1	1	391.250491712	391.437737616	69.267	157.294	LH1079442006.WAV	0.1872	1.2505	103.359	33	2	2	2	
45	Spectrogram 1	1	391.905852374	392.042031213	57.723	144.306	LH1079442006.WAV	0.1362	1.9059	103.359	33	2	2	2	
46	Spectrogram 1	1	393.471909019	393.667666100	47.621	160.180	LH1079442006.WAV	0.1958	3.4719	103.359	33	1	2	2	
47	Spectrogram 1	1	395.642259262	395.820993988	43.292	155.851	LH1079442011.WAV	0.1787	0.6423	103.359	33	2	2	2	
48	Spectrogram 1	1	396.833828124	396.970006962	59.166	161.623	LH1079442011.WAV	0.1362	1.8338	86.133	33	2	2	2	
49	Spectrogram 1	1	397.165764043	397.370032301	51.950	160.180	LH1079442011.WAV	0.2043	2.1658	86.133	33	2	2	2	
50	Spectrogram 1	1	398.765865398	398.859488350	69.267	150.079	LH1079442011.WAV	0.0936	3.7659	103.359	33	2	2	2	
51	Spectrogram 1	1	398.867999527	399.046734253	54.836	152.965	LH1079442011.WAV	0.1787	3.8680	103.359	33	1	2	2	
52	Spectrogram 1	1	399.336114286	399.489315479	53.393	158.737	LH1079442011.WAV	0.1532	4.3362	103.359	33	1	2	2	
53	Spectrogram 1	1	401.787333383	401.957556931	59.166	196.257	LH1079442606.WAV	0.1702	1.7873	120.586	33	2	2	2	
54	Spectrogram 1	1	408.579258999	408.766504903	53.393	161.623	LH1079442611.WAV	0.1872	3.5793	103.359	33	1	2	2	
55	Spectrogram 1	1	415.175427006	415.320117022	50.507	170.281	LH1079443211.WAV	0.1447	0.1754	120.586	33	2	2	2	
56	Spectrogram 1	1	415.635030587	415.771209425	54.836	148.635	LH1079443211.WAV	0.1362	0.6350	103.359	33	2	2	2	
57	Spectrogram 1	1	430.504068446	430.674291994	49.064	160.180	LH1079444406.WAV	0.1702	0.5041	103.359	33	1	2	2	
58	Spectrogram 1	1	430.725359059	430.878560252	67.824	151.522	LH1079444406.WAV	0.1532	0.7254	103.359	33	2	2	2	
59	Spectrogram 1	1	430.997716736	431.116873220	53.393	158.737	LH1079444406.WAV	0.1192	0.9977	86.133	33	2	2	2	
60	Spectrogram 1	1	431.193473817	431.278585591	64.938	152.965	LH1079444406.WAV	0.0851	1.1934	103.359	33	2	2	2	
61	Spectrogram 1	1	441.926075850	442.019698801	56.279	158.737	LH1079445006.WAV	0.0936	1.9261	103.359	33	2	2	2	
62	Spectrogram 1	1	445.645460383	445.730572157	69.267	152.965	LH1079445011.WAV	0.0851	0.6455	103.359	33	2	2	2	
63	Spectrogram 1	1	454.326868128	454.454535789	41.849	152.965	LH1079445606.WAV	0.1277	4.3269	103.359	33	2	2	2	
64	Spectrogram 1	1	455.492899435	455.560988854	37.520	150.079	LH1079445611.WAV	0.0681	0.4929	103.359	33	2	2	2	
65	Spectrogram 1	1	461.586907444	461.672019218	54.836	158.737	LH1079446206.WAV	0.0851	1.5870	103.359	33	2	2	2	
66	Spectrogram 1	1	469.144836911	469.255482217	57.723	160.180	LH1079446211.WAV	0.1106	4.1448	103.359	33	2	2	2	
67	Spectrogram 1	1	469.553373427	469.698063443	49.064	157.294	LH1079446211.WAV	0.1447	4.5534	103.359	33	2	2	2	
68	Spectrogram 1	1	477.162370912	477.307060928	64.938	150.079	LH1079446811.WAV	0.1447	2.1624	103.359	33	2	2	2	
69	Spectrogram 1	1	503.095945136	503.257657507	56.279	150.079	LH1079448606.WAV	0.1617	3.0959	103.359	33	2	2	2	
70	Spectrogram 1	1	503.581082249	503.657682846	56.279	157.294	LH1079448606.WAV	0.0766	3.5811	103.359	33	2	2	2	
71	Spectrogram 1	1	505.249273023	505.393963040	57.723	161.623	LH1079448611.WAV	0.1447	0.2493	86.133	33	2	2	2	
72	Spectrogram 1	1	508.202651589	508.313296895	62.052	142.863	LH1079448611.WAV	0.1106	3.2026	103.359	33	2	2	2	
73	Spectrogram 1	1	509.053769331	509.206970524	70.710	144.306	LH1079448611.WAV	0.1532	4.0537	103.359	33	3	2	2	
74	Spectrogram 1	1	513.368940205	513.454051979	53.393	152.965	LH1079449206.WAV	0.0851	3.3689	103.359	33	2	2	2	
75	Spectrogram 1	1	516.909590012	517.011724141	59.166	142.863	LH1079449211.WAV	0.1021	1.9096	103.359	33	3	2	2	
76	Spectrogram 1	1	517.947953657	518.050087786	62.052	152.965	LH1079449211.WAV	0.1021	2.9480	103.359	33	2	2	2	
77	Spectrogram 1	1	518.356490174	518.501180190	56.279	144.306	LH1079449211.WAV	0.1447	3.3565	103.359	33	2	2	2	
78	Spectrogram 1	1	518.790560222	518.901205529	59.166	147.192	LH1079449211.WAV	0.1106	3.7906	103.359	33	2	2	2	
79	Spectrogram 1	1	525.386726965	525.471838740	53.393	142.863	LH1079449811.WAV	0.0851	0.3867	86.133	33	2	2	2	
80	Spectrogram 1	1	526.416579433	526.535735917	53.393	137.091	LH1079449811.WAV	0.1192	1.4166	86.133	33	2	2	2	
81	Spectrogram 1	1	573.764276606	573.891944267	51.950	154.408	LH1079452806.WAV	0.1277	3.7643	103.359	33	2	2	2	
82	Spectrogram 1	1	643.547445943	643.819803620	34.634	147.192	LH1079457006.WAV	0.2724	3.5474	103.359	33	1	2	2	
83	Spectrogram 1	1	669.634212377	669.744857683	53.393	147.192	LH1079458211.WAV	0.1106	4.6342	103.359	33	2	2	2	
