Selection	View	Channel	Begin Time (s)	End Time (s)	Low Freq (Hz)	High Freq (Hz)	Begin File	Delta Time (s)	File Offset (s)	Peak Freq (Hz)	call variant	level	call cutoff @ end	calls overlap	Notes
1	Spectrogram 1	1	2.023280209	2.203829547	57.723	145.749	LH1079338206.WAV	0.1805	2.0232	103.359	33	3	2	2	
2	Spectrogram 1	1	2.300122528	2.432525376	53.393	142.863	LH1079338206.WAV	0.1324	2.3001	103.359	33	3	2	2	
3	Spectrogram 1	1	2.661221204	2.805660674	63.495	145.749	LH1079338206.WAV	0.1444	2.6612	103.359	33	3	2	2	
4	Spectrogram 1	1	2.986210013	3.118612861	64.938	137.091	LH1079338206.WAV	0.1324	2.9862	103.359	33	3	2	2	
5	Spectrogram 1	1	5.092618957	5.285204918	49.064	194.813	LH1079338211.WAV	0.1926	0.0926	120.586	33	1	2	2	
6	Spectrogram 1	1	5.453717634	5.622230349	53.393	191.927	LH1079338211.WAV	0.1685	0.4537	86.133	33	2	2	2	
7	Spectrogram 1	1	5.682413462	5.850926177	46.178	167.395	LH1079338211.WAV	0.1685	0.6824	103.359	33	1	2	2	
8	Spectrogram 1	1	5.899072668	6.115731873	59.166	170.281	LH1079338211.WAV	0.2167	0.8991	103.359	33	1	2	2	
9	Spectrogram 1	1	6.199988231	6.344427702	50.507	170.281	LH1079338211.WAV	0.1444	1.2000	120.586	33	3	2	2	
10	Spectrogram 1	1	6.512940417	6.705526378	53.393	176.054	LH1079338211.WAV	0.1926	1.5129	103.359	33	1	2	2	
11	Spectrogram 1	1	6.777746113	6.934222206	54.836	152.965	LH1079338211.WAV	0.1565	1.7778	103.359	33	1	2	2	
12	Spectrogram 1	1	6.982368696	7.211064525	59.166	141.420	LH1079338211.WAV	0.2287	1.9823	103.359	33	2	2	2	
13	Spectrogram 1	1	7.608273068	7.836968897	53.393	164.509	LH1079338211.WAV	0.2287	2.6083	103.359	33	2	2	2	
14	Spectrogram 1	1	8.619349362	8.775825455	63.495	147.192	LH1079338211.WAV	0.1565	3.6194	103.359	33	3	2	2	
15	Spectrogram 1	1	9.004521283	9.136924131	59.166	150.079	LH1079338211.WAV	0.1324	4.0045	103.359	33	2	2	2	
16	Spectrogram 1	1	13.542322409	13.758981614	51.950	157.294	LH1079338806.WAV	0.2167	3.5423	103.359	33	2	2	2	
17	Spectrogram 1	1	14.059897178	14.252483139	38.963	158.737	LH1079338806.WAV	0.1926	4.0599	103.359	33	2	2	2	
18	Spectrogram 1	1	14.312666251	14.517288835	49.064	242.435	LH1079338806.WAV	0.2046	4.3127	103.359	33	1	2	2	
19	Spectrogram 1	1	14.577471947	14.854314266	41.849	245.321	LH1079338806.WAV	0.2768	4.5774	103.359	33	1	2	2	
20	Spectrogram 1	1	18.140310947	18.356970153	57.723	177.497	LH1079338811.WAV	0.2167	3.1404	103.359	33	2	2	2	
21	Spectrogram 1	1	18.633812471	18.874544922	51.950	148.635	LH1079338811.WAV	0.2407	3.6338	103.359	33	1	2	2	
22	Spectrogram 1	1	18.838435055	19.103240751	51.950	158.737	LH1079338811.WAV	0.2648	3.8384	103.359	33	1	2	2	
23	Spectrogram 1	1	19.440266182	19.632852142	49.064	151.522	LH1079338811.WAV	0.1926	4.4402	103.359	33	1	2	2	
24	Spectrogram 1	1	20.463379098	20.704111549	62.052	178.940	LH1079339406.WAV	0.2407	0.4634	120.586	33	3	2	2	
25	Spectrogram 1	1	20.860587642	21.017063735	67.824	141.420	LH1079339406.WAV	0.1565	0.8605	103.359	33	3	2	2	
26	Spectrogram 1	1	21.125393337	21.293906053	72.153	142.863	LH1079339406.WAV	0.1685	1.1254	103.359	33	3	2	2	
27	Spectrogram 1	1	21.450382146	21.606858239	62.052	154.408	LH1079339406.WAV	0.1565	1.4503	120.586	33	2	2	2	
28	Spectrogram 1	1	21.727224465	21.895737180	62.052	158.737	LH1079339406.WAV	0.1685	1.7272	103.359	33	2	2	2	
29	Spectrogram 1	1	22.605897910	22.882740228	50.507	176.054	LH1079339406.WAV	0.2768	2.6059	103.359	33	1	2	2	
30	Spectrogram 1	1	22.918850096	23.147545924	51.950	161.623	LH1079339406.WAV	0.2287	2.9188	103.359	33	1	2	2	
31	Spectrogram 1	1	23.195692415	23.412351620	51.950	150.079	LH1079339406.WAV	0.2167	3.1957	103.359	33	1	2	2	
32	Spectrogram 1	1	23.520681223	23.797523542	46.178	160.180	LH1079339406.WAV	0.2768	3.5206	103.359	33	1	2	2	
33	Spectrogram 1	1	23.797523542	23.978072880	49.064	148.635	LH1079339406.WAV	0.1805	3.7975	103.359	33	1	2	2	
34	Spectrogram 1	1	24.074365860	24.206768708	49.064	152.965	LH1079339406.WAV	0.1324	4.0744	103.359	33	1	2	2	
35	Spectrogram 1	1	24.315098311	24.543794139	59.166	160.180	LH1079339406.WAV	0.2287	4.3151	103.359	33	1	2	2	
36	Spectrogram 1	1	24.555830762	24.832673080	57.723	173.168	LH1079339406.WAV	0.2768	4.5558	103.359	33	1	2	2	
37	Spectrogram 1	1	27.408505129	27.589054467	50.507	170.281	LH1079339411.WAV	0.1805	2.4085	103.359	33	1	2	2	
38	Spectrogram 1	1	27.697384070	27.817750295	46.178	135.648	LH1079339411.WAV	0.1204	2.6974	103.359	33	3	2	2	
39	Spectrogram 1	1	27.793677050	27.938116521	44.735	141.420	LH1079339411.WAV	0.1444	2.7937	103.359	33	3	2	2	
40	Spectrogram 1	1	28.010336256	28.166812349	57.723	141.420	LH1079339411.WAV	0.1565	3.0103	103.359	33	3	2	2	
41	Spectrogram 1	1	28.178848972	28.335325065	51.950	148.635	LH1079339411.WAV	0.1565	3.1788	103.359	33	1	2	2	
42	Spectrogram 1	1	28.323288442	28.443654668	57.723	147.192	LH1079339411.WAV	0.1204	3.3232	103.359	33	1	2	2	
43	Spectrogram 1	1	28.467727913	28.612167383	49.064	141.420	LH1079339411.WAV	0.1444	3.4677	103.359	33	1	2	2	
44	Spectrogram 1	1	28.696423741	28.840863211	63.495	145.749	LH1079339411.WAV	0.1444	3.6964	103.359	33	2	2	2	
45	Spectrogram 1	1	28.852899834	28.985302682	62.052	147.192	LH1079339411.WAV	0.1324	3.8529	120.586	33	1	2	2	
46	Spectrogram 1	1	29.045485795	29.165852020	49.064	141.420	LH1079339411.WAV	0.1204	4.0455	86.133	33	1	2	2	
47	Spectrogram 1	1	29.250108378	29.370474603	56.279	148.635	LH1079339411.WAV	0.1204	4.2501	103.359	33	2	2	2	
48	Spectrogram 1	1	29.514914074	29.659353544	56.279	151.522	LH1079339411.WAV	0.1444	4.5150	103.359	33	2	2	2	
49	Spectrogram 1	1	29.779719770	29.924159240	46.178	158.737	LH1079339411.WAV	0.1444	4.7797	103.359	33	2	2	2	
50	Spectrogram 1	1	35.244343143	35.352672746	46.178	121.217	LH1079340011.WAV	0.1083	0.2443	86.133	33	3	2	2	
51	Spectrogram 1	1	35.485075594	35.665624932	49.064	147.192	LH1079340011.WAV	0.1805	0.4850	86.133	33	3	2	2	
52	Spectrogram 1	1	35.761917913	35.906357383	53.393	132.762	LH1079340011.WAV	0.1444	0.7619	86.133	33	3	2	2	
53	Spectrogram 1	1	36.038760231	36.159126456	54.836	135.648	LH1079340011.WAV	0.1204	1.0388	86.133	33	3	2	2	
54	Spectrogram 1	1	36.303565927	36.411895530	47.621	121.217	LH1079340011.WAV	0.1083	1.3035	86.133	33	3	2	2	
55	Spectrogram 1	1	36.544298378	36.688737848	43.292	132.762	LH1079340011.WAV	0.1444	1.5443	86.133	33	3	2	2	
56	Spectrogram 1	1	37.037799902	37.254459108	50.507	139.977	LH1079340011.WAV	0.2167	2.0378	86.133	33	3	2	2	
57	Spectrogram 1	1	40.287682075	40.432121545	41.849	145.749	LH1079340606.WAV	0.1444	0.2876	86.133	33	2	2	2	
58	Spectrogram 1	1	40.540451148	40.745073731	43.292	141.420	LH1079340606.WAV	0.2046	0.5405	86.133	33	3	2	2	
59	Spectrogram 1	1	40.769146976	40.985806182	31.747	144.306	LH1079340606.WAV	0.2167	0.7692	86.133	33	2	2	2	
60	Spectrogram 1	1	44.789378905	44.969928243	38.963	141.420	LH1079340606.WAV	0.1805	4.7893	86.133	33	2	2	2	
61	Spectrogram 1	1	52.589107130	52.817802958	31.747	177.497	LH1079341206.WAV	0.2287	2.5891	86.133	33	2	2	2	
62	Spectrogram 1	1	52.877986071	53.046498786	40.406	147.192	LH1079341206.WAV	0.1685	2.8780	86.133	33	2	2	2	
63	Spectrogram 1	1	56.813961642	57.042657470	43.292	151.522	LH1079341211.WAV	0.2287	1.8139	86.133	33	2	2	2	
64	Spectrogram 1	1	57.114877205	57.307463166	40.406	155.851	LH1079341211.WAV	0.1926	2.1149	86.133	33	2	2	2	
65	Spectrogram 1	1	57.367646279	57.572268862	40.406	144.306	LH1079341211.WAV	0.2046	2.3677	86.133	33	2	2	2	
66	Spectrogram 1	1	68.224673847	68.369113317	44.735	147.192	LH1079341811.WAV	0.1444	3.2247	86.133	33	2	2	2	
67	Spectrogram 1	1	68.513552788	68.657992258	36.077	147.192	LH1079341811.WAV	0.1444	3.5136	86.133	33	2	2	2	
68	Spectrogram 1	1	100.398551819	100.627247647	37.520	147.192	LH1079344206.WAV	0.2287	0.3985	86.133	33	2	2	2	
69	Spectrogram 1	1	102.589217121	102.841986195	63.495	142.863	LH1079344206.WAV	0.2528	2.5892	120.586	33	3	2	2	
70	Spectrogram 1	1	102.878096062	103.034572155	72.153	147.192	LH1079344206.WAV	0.1565	2.8781	103.359	33	3	2	2	
71	Spectrogram 1	1	103.913245601	104.045648449	73.596	151.522	LH1079344206.WAV	0.1324	3.9133	120.586	33	3	2	2	
72	Spectrogram 1	1	109.209359519	109.401945480	49.064	139.977	LH1079344211.WAV	0.1926	4.2094	86.133	33	3	2	2	
73	Spectrogram 1	1	117.442404408	117.622953746	60.609	147.192	LH1079344811.WAV	0.1805	2.4424	120.586	33	3	2	2	
74	Spectrogram 1	1	117.719246726	117.947942554	53.393	145.749	LH1079344811.WAV	0.2287	2.7193	103.359	33	2	2	2	
75	Spectrogram 1	1	118.260894740	118.429407456	67.824	152.965	LH1079344811.WAV	0.1685	3.2609	120.586	33	3	2	2	
76	Spectrogram 1	1	120.475631777	120.692290983	49.064	164.509	LH1079345406.WAV	0.2167	0.4756	103.359	33	2	2	2	
77	Spectrogram 1	1	120.800620586	120.945060056	56.279	183.269	LH1079345406.WAV	0.1444	0.8006	103.359	33	2	2	2	
78	Spectrogram 1	1	121.005243169	121.245975620	57.723	152.965	LH1079345406.WAV	0.2407	1.0052	103.359	33	2	2	2	
79	Spectrogram 1	1	124.736596157	124.893072250	46.178	150.079	LH1079345406.WAV	0.1565	4.7366	120.586	33	2	2	2	
80	Spectrogram 1	1	125.242134304	125.518976622	40.406	177.497	LH1079345411.WAV	0.2768	0.2422	86.133	33	1	2	2	
81	Spectrogram 1	1	125.543049867	125.759709073	60.609	147.192	LH1079345411.WAV	0.2167	0.5431	86.133	33	2	2	2	
82	Spectrogram 1	1	125.916185166	126.084697881	56.279	147.192	LH1079345411.WAV	0.1685	0.9162	86.133	33	2	2	2	
83	Spectrogram 1	1	126.253210597	126.373576822	63.495	145.749	LH1079345411.WAV	0.1204	1.2532	103.359	33	3	2	2	
84	Spectrogram 1	1	127.192067155	127.408726361	62.052	152.965	LH1079345411.WAV	0.2167	2.1921	86.133	33	2	2	2	
85	Spectrogram 1	1	127.492982719	127.661495434	60.609	168.838	LH1079345411.WAV	0.1685	2.4930	103.359	33	1	2	2	
86	Spectrogram 1	1	128.973487291	129.214219742	57.723	184.712	LH1079345411.WAV	0.2407	3.9735	120.586	33	2	2	2	
87	Spectrogram 1	1	129.334585968	129.515135306	64.938	191.927	LH1079345411.WAV	0.1805	4.3346	120.586	33	1	2	2	
88	Spectrogram 1	1	129.623464909	129.840124114	63.495	193.370	LH1079345411.WAV	0.2167	4.6235	120.586	33	2	2	2	
89	Spectrogram 1	1	130.502138354	130.694724315	66.381	180.383	LH1079346006.WAV	0.1926	0.5022	103.359	33	1	2	2	
90	Spectrogram 1	1	133.270559153	133.475181736	60.609	141.420	LH1079346006.WAV	0.2046	3.2705	103.359	33	3	2	2	
91	Spectrogram 1	1	133.992756506	134.185342466	57.723	158.737	LH1079346006.WAV	0.1926	3.9927	103.359	33	1	2	2	
92	Spectrogram 1	1	134.510331275	134.787173593	59.166	164.509	LH1079346006.WAV	0.2768	4.5103	103.359	33	2	2	2	
93	Spectrogram 1	1	135.172345515	135.401041343	49.064	152.965	LH1079346011.WAV	0.2287	0.1723	103.359	33	1	2	2	
94	Spectrogram 1	1	135.364931475	135.677883662	51.950	155.851	LH1079346011.WAV	0.3130	0.3650	103.359	33	1	2	2	
95	Spectrogram 1	1	135.726030152	136.002872470	50.507	176.054	LH1079346011.WAV	0.2768	0.7261	103.359	33	1	2	2	
96	Spectrogram 1	1	136.063055583	136.219531676	54.836	151.522	LH1079346011.WAV	0.1565	1.0630	103.359	33	1	2	2	
97	Spectrogram 1	1	136.279714789	136.472300749	60.609	135.648	LH1079346011.WAV	0.1926	1.2797	103.359	33	2	2	2	
98	Spectrogram 1	1	136.532483862	136.845436048	67.824	147.192	LH1079346011.WAV	0.3130	1.5325	103.359	33	2	2	2	
99	Spectrogram 1	1	140.600858780	140.793444740	59.166	158.737	LH1079346606.WAV	0.1926	0.6009	103.359	33	2	2	2	
100	Spectrogram 1	1	140.937884211	141.082323681	63.495	147.192	LH1079346606.WAV	0.1444	0.9379	120.586	33	2	2	2	
101	Spectrogram 1	1	141.407312490	141.551751961	63.495	152.965	LH1079346606.WAV	0.1444	1.4073	120.586	33	3	2	2	
102	Spectrogram 1	1	142.045253485	142.261912691	64.938	155.851	LH1079346606.WAV	0.2167	2.0452	120.586	33	3	2	2	
103	Spectrogram 1	1	142.574864877	142.707267725	64.938	139.977	LH1079346606.WAV	0.1324	2.5748	103.359	33	3	2	2	
104	Spectrogram 1	1	142.923926930	143.140586136	67.824	145.749	LH1079346606.WAV	0.2167	2.9239	103.359	33	2	2	2	
105	Spectrogram 1	1	143.297062229	143.441501700	64.938	135.648	LH1079346606.WAV	0.1444	3.2971	103.359	33	3	2	2	
106	Spectrogram 1	1	143.585941170	143.730380641	53.393	135.648	LH1079346606.WAV	0.1444	3.5859	86.133	33	2	2	2	
107	Spectrogram 1	1	145.704386737	145.860862830	70.710	164.509	LH1079346611.WAV	0.1565	0.7044	103.359	33	2	2	2	
108	Spectrogram 1	1	146.041412168	146.221961507	60.609	163.066	LH1079346611.WAV	0.1805	1.0414	103.359	33	2	2	2	
109	Spectrogram 1	1	146.980268727	147.136744820	57.723	152.965	LH1079346611.WAV	0.1565	1.9803	103.359	33	2	2	2	
110	Spectrogram 1	1	147.533949225	147.714498563	43.292	150.079	LH1079346611.WAV	0.1805	2.5339	103.359	33	2	2	2	
111	Spectrogram 1	1	147.810791543	148.027450749	56.279	147.192	LH1079346611.WAV	0.2167	2.8108	86.133	33	2	2	2	
112	Spectrogram 1	1	148.147816974	148.340402935	51.950	145.749	LH1079346611.WAV	0.1926	3.1478	86.133	33	3	2	2	
113	Spectrogram 1	1	148.496879028	148.641318499	57.723	138.534	LH1079346611.WAV	0.1444	3.4968	103.359	33	3	2	2	
114	Spectrogram 1	1	148.809831214	149.026490420	60.609	145.749	LH1079346611.WAV	0.2167	3.8099	103.359	33	2	2	2	
115	Spectrogram 1	1	149.134820023	149.339442606	59.166	151.522	LH1079346611.WAV	0.2046	4.1348	120.586	33	2	2	2	
116	Spectrogram 1	1	149.423698964	149.712577905	54.836	151.522	LH1079346611.WAV	0.2889	4.4237	103.359	33	1	2	2	
117	Spectrogram 1	1	149.760724395	149.977383601	63.495	150.079	LH1079346611.WAV	0.2167	4.7608	103.359	33	1	2	2	
118	Spectrogram 1	1	152.529143839	152.697656555	57.723	152.965	LH1079347206.WAV	0.1685	2.5291	103.359	33	3	2	2	
119	Spectrogram 1	1	152.878205893	153.070791853	47.621	145.749	LH1079347206.WAV	0.1926	2.8782	86.133	33	2	2	2	
120	Spectrogram 1	1	153.299487682	153.492073642	57.723	147.192	LH1079347206.WAV	0.1926	3.2994	103.359	33	2	2	2	
121	Spectrogram 1	1	153.744842716	153.925392054	47.621	147.192	LH1079347206.WAV	0.1805	3.7449	103.359	33	2	2	2	
122	Spectrogram 1	1	154.021685034	154.214270995	56.279	141.420	LH1079347206.WAV	0.1926	4.0217	103.359	33	2	2	2	
123	Spectrogram 1	1	158.029880340	158.234502924	43.292	131.319	LH1079347211.WAV	0.2046	3.0299	86.133	33	3	2	2	
124	Spectrogram 1	1	159.185396104	159.353908820	53.393	147.192	LH1079347211.WAV	0.1685	4.1854	86.133	33	2	2	2	
125	Spectrogram 1	1	159.462238423	159.666861006	46.178	152.965	LH1079347211.WAV	0.2046	4.4622	120.586	33	2	2	2	
126	Spectrogram 1	1	159.666861006	159.943703324	51.950	165.952	LH1079347211.WAV	0.2768	4.6669	103.359	33	2	2	2	
127	Spectrogram 1	1	163.699122153	163.879671491	43.292	129.876	LH1079347806.WAV	0.1805	3.6991	86.133	33	2	2	2	
128	Spectrogram 1	1	164.228733545	164.409282883	53.393	138.534	LH1079347806.WAV	0.1805	4.2287	86.133	33	2	2	2	
129	Spectrogram 1	1	164.577795599	164.734271692	54.836	135.648	LH1079347806.WAV	0.1565	4.5778	86.133	33	3	2	2	
130	Spectrogram 1	1	165.336102819	165.492578912	43.292	139.977	LH1079347811.WAV	0.1565	0.3361	103.359	33	3	2	2	
131	Spectrogram 1	1	165.576835270	165.829604343	51.950	152.965	LH1079347811.WAV	0.2528	0.5769	120.586	33	2	2	2	
132	Spectrogram 1	1	165.889787456	166.142556529	53.393	147.192	LH1079347811.WAV	0.2528	0.8898	103.359	33	2	2	2	
133	Spectrogram 1	1	166.660131299	166.888827127	59.166	161.623	LH1079347811.WAV	0.2287	1.6601	103.359	33	2	2	2	
134	Spectrogram 1	1	166.936973617	167.033266597	53.393	145.749	LH1079347811.WAV	0.0963	1.9370	86.133	33	2	2	2	
135	Spectrogram 1	1	167.057339842	167.237889181	59.166	154.408	LH1079347811.WAV	0.1805	2.0574	103.359	33	2	2	2	
136	Spectrogram 1	1	167.839720308	168.008233023	53.393	152.965	LH1079347811.WAV	0.1685	2.8397	103.359	33	2	2	2	
137	Spectrogram 1	1	168.236928851	168.417478190	56.279	152.965	LH1079347811.WAV	0.1805	3.2370	103.359	33	1	2	2	
138	Spectrogram 1	1	168.525807792	168.658210640	44.735	142.863	LH1079347811.WAV	0.1324	3.5259	103.359	33	2	2	2	
139	Spectrogram 1	1	168.682283885	168.802650111	49.064	139.977	LH1079347811.WAV	0.1204	3.6823	103.359	33	1	2	2	
140	Spectrogram 1	1	171.402557156	171.546996626	56.279	144.306	LH1079348406.WAV	0.1444	1.4026	86.133	33	2	2	2	
141	Spectrogram 1	1	172.040498150	172.245120734	57.723	141.420	LH1079348406.WAV	0.2046	2.0405	103.359	33	2	2	2	
142	Spectrogram 1	1	172.666402523	172.931208218	51.950	158.737	LH1079348406.WAV	0.2648	2.6664	103.359	33	2	2	2	
143	Spectrogram 1	1	0.306402387	0.459603581	59.166	168.838	LH1079338206.WAV	0.1532	0.3063	103.359	33	1	2	2	
144	Spectrogram 1	1	0.621315952	0.817073032	57.723	178.940	LH1079338206.WAV	0.1958	0.6213	103.359	33	1	2	2	
145	Spectrogram 1	1	0.902184807	1.080919533	54.836	193.370	LH1079338206.WAV	0.1787	0.9022	103.359	33	1	2	2	
146	Spectrogram 1	1	1.097941887	1.191564839	57.723	157.294	LH1079338206.WAV	0.0936	1.0980	103.359	33	1	2	2	
147	Spectrogram 1	1	1.200076016	1.378810742	56.279	144.306	LH1079338206.WAV	0.1787	1.2001	103.359	33	1	2	2	
148	Spectrogram 1	1	1.412855452	1.591590178	56.279	170.281	LH1079338206.WAV	0.1787	1.4128	120.586	33	2	2	2	
149	Spectrogram 1	1	1.668190775	1.838414323	56.279	163.066	LH1079338206.WAV	0.1702	1.6681	103.359	33	2	2	2	
150	Spectrogram 1	1	173.096696580	173.207341887	59.166	147.192	LH1079348406.WAV	0.1106	3.0967	103.359	33	3	2	2	
151	Spectrogram 1	1	175.181935049	175.343647420	62.052	135.648	LH1079348411.WAV	0.1617	0.1820	103.359	33	3	2	2	
152	Spectrogram 1	1	175.684094516	175.837295710	51.950	147.192	LH1079348411.WAV	0.1532	0.6841	103.359	33	2	2	2	
153	Spectrogram 1	1	177.548044296	177.667200780	59.166	160.180	LH1079348411.WAV	0.1192	2.5481	120.586	33	2	2	2	
154	Spectrogram 1	1	177.905513748	178.050203764	53.393	161.623	LH1079348411.WAV	0.1447	2.9056	120.586	33	1	2	2	
155	Spectrogram 1	1	179.105589764	179.258790958	60.609	160.180	LH1079348411.WAV	0.1532	4.1056	103.359	33	2	2	2	
156	Spectrogram 1	1	179.454548038	179.641793941	54.836	187.598	LH1079348411.WAV	0.1872	4.4545	103.359	33	2	2	2	
157	Spectrogram 1	1	180.382269130	180.518447968	60.609	171.724	LH1079349006.WAV	0.1362	0.3823	103.359	33	2	2	2	
158	Spectrogram 1	1	181.497233372	181.641923388	59.166	138.534	LH1079349006.WAV	0.1447	1.4973	103.359	33	2	2	2	
159	Spectrogram 1	1	181.863214001	182.007904017	50.507	152.965	LH1079349006.WAV	0.1447	1.8633	103.359	33	2	2	2	
160	Spectrogram 1	1	182.254728162	182.373884646	63.495	164.509	LH1079349006.WAV	0.1192	2.2548	120.586	33	2	2	2	
161	Spectrogram 1	1	183.276069453	183.463315356	59.166	176.054	LH1079349006.WAV	0.1872	3.2761	103.359	33	1	2	2	
162	Spectrogram 1	1	186.220939064	186.416696144	50.507	141.420	LH1079349011.WAV	0.1958	1.2210	86.133	33	1	2	2	
163	Spectrogram 1	1	186.552874983	186.714587354	53.393	141.420	LH1079349011.WAV	0.1617	1.5528	86.133	33	2	2	2	
164	Spectrogram 1	1	186.765654419	186.918855612	54.836	135.648	LH1079349011.WAV	0.1532	1.7656	86.133	33	2	2	2	
165	Spectrogram 1	1	186.978433854	187.199724467	57.723	199.143	LH1079349011.WAV	0.2213	1.9785	103.359	33	1	2	2	
166	Spectrogram 1	1	187.284836241	187.540171564	49.064	187.598	LH1079349011.WAV	0.2553	2.2848	86.133	33	1	2	2	
167	Spectrogram 1	1	187.540171564	187.659328048	47.621	160.180	LH1079349011.WAV	0.1192	2.5401	103.359	33	1	2	2	
168	Spectrogram 1	1	187.795506887	187.948708080	53.393	152.965	LH1079349011.WAV	0.1532	2.7955	103.359	33	2	2	2	
169	Spectrogram 1	1	188.910471129	189.123250564	43.292	173.168	LH1079349011.WAV	0.2128	3.9104	103.359	33	1	2	2	
170	Spectrogram 1	1	190.553131653	190.723355201	56.279	151.522	LH1079349606.WAV	0.1702	0.5532	103.359	33	2	2	2	
171	Spectrogram 1	1	190.919112282	191.097847008	62.052	155.851	LH1079349606.WAV	0.1787	0.9192	86.133	33	3	2	2	
172	Spectrogram 1	1	191.225514669	191.438294105	54.836	189.041	LH1079349606.WAV	0.2128	1.2255	120.586	33	1	2	2	
173	Spectrogram 1	1	191.591495298	191.761718847	62.052	134.205	LH1079349606.WAV	0.1702	1.5915	103.359	33	3	2	2	
174	Spectrogram 1	1	192.017054169	192.161744186	59.166	163.066	LH1079349606.WAV	0.1447	2.0170	103.359	33	2	2	2	
175	Spectrogram 1	1	192.417079508	192.544747170	56.279	147.192	LH1079349606.WAV	0.1277	2.4171	103.359	33	3	2	2	
176	Spectrogram 1	1	192.800082492	192.944772508	69.267	148.635	LH1079349606.WAV	0.1447	2.8001	103.359	33	3	2	2	
177	Spectrogram 1	1	193.055417815	193.174574299	72.153	148.635	LH1079349606.WAV	0.1192	3.0554	103.359	33	3	2	2	
178	Spectrogram 1	1	193.549066105	193.727800831	67.824	161.623	LH1079349606.WAV	0.1787	3.5491	103.359	33	2	2	2	
179	Spectrogram 1	1	194.076759105	194.178893235	63.495	161.623	LH1079349606.WAV	0.1021	4.0768	103.359	33	2	2	2	
180	Spectrogram 1	1	194.264005009	194.485295622	60.609	157.294	LH1079349606.WAV	0.2213	4.2641	86.133	33	2	2	2	
181	Spectrogram 1	1	197.021630728	197.174831921	50.507	147.192	LH1079349611.WAV	0.1532	2.0217	103.359	33	3	2	2	
182	Spectrogram 1	1	198.902600938	199.055802131	67.824	155.851	LH1079349611.WAV	0.1532	3.9026	103.359	33	2	2	2	
183	Spectrogram 1	1	200.426101696	200.621858777	62.052	158.737	LH1079350206.WAV	0.1958	0.4261	103.359	33	2	2	2	
184	Spectrogram 1	1	201.021884116	201.141040600	53.393	157.294	LH1079350206.WAV	0.1192	1.0219	103.359	33	1	2	2	
185	Spectrogram 1	1	201.898535390	202.077270116	51.950	147.192	LH1079350206.WAV	0.1787	1.8985	103.359	33	2	2	2	
186	Spectrogram 1	1	202.213448955	202.400694858	59.166	167.395	LH1079350206.WAV	0.1872	2.2135	103.359	33	1	2	2	
187	Spectrogram 1	1	202.604963116	202.741141955	64.938	163.066	LH1079350206.WAV	0.1362	2.6050	103.359	33	1	2	2	
188	Spectrogram 1	1	203.056055520	203.200745536	60.609	141.420	LH1079350206.WAV	0.1447	3.0560	103.359	33	3	2	2	
189	Spectrogram 1	1	203.396502616	203.609282052	51.950	158.737	LH1079350206.WAV	0.2128	3.3965	103.359	33	2	2	2	
190	Spectrogram 1	1	203.839083842	203.924195617	66.381	157.294	LH1079350206.WAV	0.0851	3.8391	103.359	33	2	2	2	
191	Spectrogram 1	1	204.809362197	204.937029858	57.723	167.395	LH1079350206.WAV	0.1277	4.8094	120.586	33	2	2	2	
192	Spectrogram 1	1	205.558345810	205.711547004	62.052	158.737	LH1079350211.WAV	0.1532	0.5584	103.359	33	2	2	2	
193	Spectrogram 1	1	206.417974730	206.545642391	56.279	141.420	LH1079350211.WAV	0.1277	1.4180	86.133	33	3	2	2	
194	Spectrogram 1	1	206.715865939	206.809488891	60.609	148.635	LH1079350211.WAV	0.0936	1.7159	103.359	33	2	2	2	
195	Spectrogram 1	1	207.354204246	207.481871907	54.836	167.395	LH1079350211.WAV	0.1277	2.3542	120.586	33	1	2	2	
196	Spectrogram 1	1	207.745718407	207.881897246	69.267	152.965	LH1079350211.WAV	0.1362	2.7457	103.359	33	1	2	2	
197	Spectrogram 1	1	208.009564907	208.239366698	53.393	152.965	LH1079350211.WAV	0.2298	3.0095	103.359	33	1	2	2	
198	Spectrogram 1	1	208.409590246	208.562791440	54.836	152.965	LH1079350211.WAV	0.1532	3.4096	120.586	33	2	2	2	
199	Spectrogram 1	1	208.767059698	208.894727359	57.723	144.306	LH1079350211.WAV	0.1277	3.7670	120.586	33	3	2	2	
200	Spectrogram 1	1	209.133040327	209.269219166	50.507	145.749	LH1079350211.WAV	0.1362	4.1330	103.359	33	2	2	2	
201	Spectrogram 1	1	209.490509779	209.728822747	47.621	190.484	LH1079350211.WAV	0.2383	4.4905	103.359	33	1	2	2	
202	Spectrogram 1	1	209.822445698	209.967135714	41.849	155.851	LH1079350211.WAV	0.1447	4.8224	103.359	33	1	2	2	
203	Spectrogram 1	1	210.307586940	210.520366375	56.279	161.623	LH1079350806.WAV	0.2128	0.3076	103.359	33	2	2	2	
204	Spectrogram 1	1	210.852302295	211.099126440	51.950	158.737	LH1079350806.WAV	0.2468	0.8523	103.359	33	2	2	2	
205	Spectrogram 1	1	212.265157747	212.435381295	66.381	147.192	LH1079350806.WAV	0.1702	2.2652	120.586	33	3	2	2	
206	Spectrogram 1	1	214.452530344	214.639776247	47.621	147.192	LH1079350806.WAV	0.1872	4.4525	86.133	33	1	2	2	
207	Spectrogram 1	1	216.120723871	216.290947420	54.836	158.737	LH1079350811.WAV	0.1702	1.1207	103.359	33	1	2	2	
208	Spectrogram 1	1	216.699483936	216.886729839	41.849	216.459	LH1079350811.WAV	0.1872	1.6994	103.359	33	2	2	2	
209	Spectrogram 1	1	217.039931033	217.227176936	43.292	158.737	LH1079350811.WAV	0.1872	2.0399	103.359	33	1	2	2	
210	Spectrogram 1	1	217.610179920	217.746358759	51.950	148.635	LH1079350811.WAV	0.1362	2.6102	86.133	33	2	2	2	
211	Spectrogram 1	1	217.882537597	218.035738791	53.393	155.851	LH1079350811.WAV	0.1532	2.8825	120.586	33	2	2	2	
212	Spectrogram 1	1	218.188939985	218.384697065	59.166	190.484	LH1079350811.WAV	0.1958	3.1889	120.586	33	2	2	2	
213	Spectrogram 1	1	220.810386124	221.040187914	50.507	154.408	LH1079351406.WAV	0.2298	0.8104	103.359	33	2	2	2	
214	Spectrogram 1	1	225.363868585	225.576648020	54.836	161.623	LH1079351411.WAV	0.2128	0.3638	120.586	33	2	2	2	
215	Spectrogram 1	1	226.870346989	227.074615247	54.836	180.383	LH1079351411.WAV	0.2043	1.8703	103.359	33	1	2	2	
216	Spectrogram 1	1	229.772661772	229.917351788	51.950	150.079	LH1079351411.WAV	0.1447	4.7727	103.359	33	2	2	2	
217	Spectrogram 1	1	230.555690094	230.717402465	50.507	151.522	LH1079352006.WAV	0.1617	0.5557	86.133	33	1	2	2	
218	Spectrogram 1	1	232.402615595	232.606883853	40.406	157.294	LH1079352006.WAV	0.2043	2.4026	86.133	33	1	2	2	
219	Spectrogram 1	1	232.896263885	233.057976256	49.064	147.192	LH1079352006.WAV	0.1617	2.8963	86.133	33	1	2	2	
220	Spectrogram 1	1	233.228199805	233.389912176	44.735	142.863	LH1079352006.WAV	0.1617	3.2282	86.133	33	2	2	2	
221	Spectrogram 1	1	235.696444009	235.917734622	56.279	164.509	LH1079352011.WAV	0.2213	0.6965	120.586	33	2	2	2	
222	Spectrogram 1	1	236.087958171	236.317759961	51.950	160.180	LH1079352011.WAV	0.2298	1.0880	103.359	33	2	2	2	
223	Spectrogram 1	1	238.045528978	238.198730171	51.950	145.749	LH1079352011.WAV	0.1532	3.0456	86.133	33	2	2	2	
224	Spectrogram 1	1	238.411509607	238.607266688	50.507	157.294	LH1079352011.WAV	0.1958	3.4116	86.133	33	1	2	2	
225	Spectrogram 1	1	238.922180252	239.066870268	47.621	165.952	LH1079352011.WAV	0.1447	3.9222	103.359	33	1	2	2	
226	Spectrogram 1	1	239.237093817	239.381783833	56.279	152.965	LH1079352011.WAV	0.1447	4.2371	120.586	33	2	2	2	
227	Spectrogram 1	1	240.837198242	240.981888258	50.507	150.079	LH1079352606.WAV	0.1447	0.8372	86.133	33	2	2	2	
228	Spectrogram 1	1	241.407447129	241.688315984	51.950	199.143	LH1079352606.WAV	0.2809	1.4075	120.586	33	1	2	2	
229	Spectrogram 1	1	243.203305565	243.339484404	51.950	186.155	LH1079352606.WAV	0.1362	3.2033	103.359	33	2	2	2	
230	Spectrogram 1	1	245.177898727	245.314077566	50.507	144.306	LH1079352611.WAV	0.1362	0.1779	86.133	33	2	2	2	
231	Spectrogram 1	1	246.778003893	246.914182732	53.393	152.965	LH1079352611.WAV	0.1362	1.7780	86.133	33	2	2	2	
232	Spectrogram 1	1	247.518476329	247.722744587	50.507	177.497	LH1079352611.WAV	0.2043	2.5185	103.359	33	1	2	2	
233	Spectrogram 1	1	247.756789297	247.909990490	53.393	147.192	LH1079352611.WAV	0.1532	2.7568	86.133	33	1	2	2	
234	Spectrogram 1	1	248.514284087	248.710041168	56.279	155.851	LH1079352611.WAV	0.1958	3.5143	103.359	33	2	2	2	
235	Spectrogram 1	1	251.697464443	251.833643281	50.507	141.420	LH1079353206.WAV	0.1362	1.6975	86.133	33	2	2	2	
236	Spectrogram 1	1	254.003996704	254.140175543	44.735	158.737	LH1079353206.WAV	0.1362	4.0040	86.133	33	2	2	2	
237	Spectrogram 1	1	256.208391656	256.344570495	56.279	148.635	LH1079353211.WAV	0.1362	1.2084	120.586	33	2	2	2	
238	Spectrogram 1	1	257.391445318	257.553157689	59.166	144.306	LH1079353211.WAV	0.1617	2.3915	103.359	33	3	2	2	
239	Spectrogram 1	1	260.855495593	261.008696787	56.279	147.192	LH1079353806.WAV	0.1532	0.8554	103.359	33	3	2	2	
240	Spectrogram 1	1	261.400210948	261.536389787	44.735	150.079	LH1079353806.WAV	0.1362	1.4002	86.133	33	2	2	2	
241	Spectrogram 1	1	261.570434497	261.672568626	53.393	151.522	LH1079353806.WAV	0.1021	1.5704	103.359	33	2	2	2	
242	Spectrogram 1	1	262.047060432	262.174728094	50.507	181.826	LH1079353806.WAV	0.1277	2.0471	103.359	33	1	2	2	
243	Spectrogram 1	1	270.532707187	270.677397203	51.950	147.192	LH1079354406.WAV	0.1447	0.5327	86.133	33	2	2	2	
244	Spectrogram 1	1	270.788042510	270.915710171	59.166	147.192	LH1079354406.WAV	0.1277	0.7881	103.359	33	2	2	2	
245	Spectrogram 1	1	271.085933719	271.222112558	75.039	141.420	LH1079354406.WAV	0.1362	1.0859	103.359	33	3	2	2	
246	Spectrogram 1	1	271.894495574	272.056207945	47.621	152.965	LH1079354406.WAV	0.1617	1.8944	120.586	33	2	2	2	
247	Spectrogram 1	1	272.158342075	272.277498558	60.609	142.863	LH1079354406.WAV	0.1192	2.1584	103.359	33	2	2	2	
248	Spectrogram 1	1	275.435145382	275.571324221	53.393	150.079	LH1079354411.WAV	0.1362	0.4351	86.133	33	2	2	2	
249	Spectrogram 1	1	278.618327121	278.745994782	64.938	144.306	LH1079354411.WAV	0.1277	3.6184	103.359	33	2	2	2	
250	Spectrogram 1	1	278.890684798	278.984307750	70.710	152.965	LH1079354411.WAV	0.0936	3.8907	120.586	33	3	2	2	
251	Spectrogram 1	1	279.750313718	279.963093153	49.064	151.522	LH1079354411.WAV	0.2128	4.7503	86.133	33	2	2	2	
252	Spectrogram 1	1	282.039820978	282.141955107	64.938	144.306	LH1079355006.WAV	0.1021	2.0398	103.359	33	3	2	2	
253	Spectrogram 1	1	283.222874639	283.376075833	47.621	141.420	LH1079355006.WAV	0.1532	3.2229	86.133	33	2	2	2	
254	Spectrogram 1	1	283.665455865	283.784612349	60.609	139.977	LH1079355006.WAV	0.1192	3.6654	86.133	33	2	2	2	
255	Spectrogram 1	1	283.988880607	284.150592978	56.279	141.420	LH1079355006.WAV	0.1617	3.9889	86.133	33	2	2	2	
256	Spectrogram 1	1	284.686797156	284.831487172	63.495	139.977	LH1079355006.WAV	0.1447	4.6868	103.359	33	2	2	2	
257	Spectrogram 1	1	285.086822495	285.214490156	50.507	142.863	LH1079355011.WAV	0.1277	0.0868	103.359	33	2	2	2	
258	Spectrogram 1	1	289.155167317	289.308368511	53.393	161.623	LH1079355011.WAV	0.1532	4.1552	103.359	33	2	2	2	
259	Spectrogram 1	1	290.951027449	291.121250997	59.166	155.851	LH1079355606.WAV	0.1702	0.9510	103.359	33	2	2	2	
260	Spectrogram 1	1	291.665966352	291.819167546	49.064	148.635	LH1079355606.WAV	0.1532	1.6660	86.133	33	2	2	2	
261	Spectrogram 1	1	292.031946981	292.168125820	54.836	144.306	LH1079355606.WAV	0.1362	2.0320	86.133	33	2	2	2	
262	Spectrogram 1	1	292.440483498	292.619218224	51.950	148.635	LH1079355606.WAV	0.1787	2.4405	103.359	33	2	2	2	
263	Spectrogram 1	1	292.814975304	293.019243562	57.723	161.623	LH1079355606.WAV	0.2043	2.8150	103.359	33	1	2	2	
264	Spectrogram 1	1	293.129888869	293.249045353	53.393	151.522	LH1079355606.WAV	0.1192	3.1299	86.133	33	2	2	2	
265	Spectrogram 1	1	302.356008484	302.500698500	46.178	163.066	LH1079356206.WAV	0.1447	2.3560	86.133	33	2	2	2	
266	Spectrogram 1	1	303.956109839	304.134844565	50.507	141.420	LH1079356206.WAV	0.1787	3.9561	86.133	33	2	2	2	
267	Spectrogram 1	1	305.734947087	305.913681813	50.507	148.635	LH1079356211.WAV	0.1787	0.7349	103.359	33	2	2	2	
268	Spectrogram 1	1	305.981771232	306.117950071	62.052	145.749	LH1079356211.WAV	0.1362	0.9817	103.359	33	2	2	2	
269	Spectrogram 1	1	306.517975410	306.654154248	56.279	164.509	LH1079356211.WAV	0.1362	1.5180	103.359	33	2	2	2	
270	Spectrogram 1	1	307.224403136	307.377604329	67.824	154.408	LH1079356211.WAV	0.1532	2.2244	103.359	33	2	2	2	
271	Spectrogram 1	1	308.628747410	308.764926249	59.166	191.927	LH1079356211.WAV	0.1362	3.6288	103.359	33	2	2	2	
272	Spectrogram 1	1	310.543762330	310.713985879	51.950	144.306	LH1079356806.WAV	0.1702	0.5438	86.133	33	2	2	2	
273	Spectrogram 1	1	312.688581479	312.867316205	63.495	194.813	LH1079356806.WAV	0.1787	2.6885	120.586	33	2	2	2	
274	Spectrogram 1	1	313.250319189	313.522676866	53.393	165.952	LH1079356806.WAV	0.2724	3.2503	103.359	33	1	2	2	
275	Spectrogram 1	1	313.990791624	314.126970463	46.178	141.420	LH1079356806.WAV	0.1362	3.9908	103.359	33	1	2	2	
276	Spectrogram 1	1	314.271660479	314.501462269	60.609	147.192	LH1079356806.WAV	0.2298	4.2717	103.359	33	2	2	2	
277	Spectrogram 1	1	315.267468237	315.412158254	63.495	145.749	LH1079356811.WAV	0.1447	0.2675	103.359	33	3	2	2	
278	Spectrogram 1	1	315.505781205	315.667493576	63.495	155.851	LH1079356811.WAV	0.1617	0.5058	120.586	33	2	2	2	
279	Spectrogram 1	1	318.850674998	318.986853837	66.381	154.408	LH1079356811.WAV	0.1362	3.8507	103.359	33	3	2	2	
280	Spectrogram 1	1	319.412412708	319.599658611	59.166	170.281	LH1079356811.WAV	0.1872	4.4124	103.359	33	1	2	2	
281	Spectrogram 1	1	319.650725676	319.872016289	49.064	157.294	LH1079356811.WAV	0.2213	4.6507	103.359	33	1	2	2	
282	Spectrogram 1	1	322.204078902	322.408347161	51.950	154.408	LH1079357406.WAV	0.2043	2.2041	103.359	33	2	2	2	
283	Spectrogram 1	1	323.012641290	323.097753064	56.279	154.408	LH1079357406.WAV	0.0851	3.0126	103.359	33	2	2	2	
284	Spectrogram 1	1	323.753113725	323.914826096	44.735	151.522	LH1079357406.WAV	0.1617	3.7531	86.133	33	2	2	2	
285	Spectrogram 1	1	324.212717306	324.331873790	44.735	145.749	LH1079357406.WAV	0.1192	4.2127	86.133	33	2	2	2	
286	Spectrogram 1	1	325.948997500	326.093687516	62.052	155.851	LH1079357411.WAV	0.1447	0.9490	103.359	33	2	2	2	
287	Spectrogram 1	1	326.425623436	326.655425226	63.495	154.408	LH1079357411.WAV	0.2298	1.4256	103.359	33	2	2	2	
288	Spectrogram 1	1	328.527884259	328.647040743	66.381	145.749	LH1079357411.WAV	0.1192	3.5279	103.359	33	2	2	2	
289	Spectrogram 1	1	328.706618985	328.859820178	57.723	141.420	LH1079357411.WAV	0.1532	3.7066	103.359	33	2	2	2	
290	Spectrogram 1	1	333.030300401	333.140945707	64.938	150.079	LH1079358006.WAV	0.1106	3.0303	120.586	33	2	2	2	
291	Spectrogram 1	1	333.421814562	333.549482223	59.166	150.079	LH1079358006.WAV	0.1277	3.4218	103.359	33	2	2	2	
292	Spectrogram 1	1	337.192267014	337.371001740	51.950	160.180	LH1079358011.WAV	0.1787	2.1923	103.359	33	2	2	2	
293	Spectrogram 1	1	337.592292353	337.779538256	53.393	160.180	LH1079358011.WAV	0.1872	2.5923	103.359	33	2	2	2	
294	Spectrogram 1	1	338.290208901	338.477454804	44.735	152.965	LH1079358011.WAV	0.1872	3.2902	86.133	33	2	2	2	
295	Spectrogram 1	1	338.792368369	339.005147805	41.849	147.192	LH1079358011.WAV	0.2128	3.7924	86.133	33	2	2	2	
296	Spectrogram 1	1	339.277505482	339.388150789	59.166	151.522	LH1079358011.WAV	0.1106	4.2776	103.359	33	2	2	2	
297	Spectrogram 1	1	339.396661966	339.532840805	60.609	154.408	LH1079358011.WAV	0.1362	4.3967	120.586	33	2	2	2	
298	Spectrogram 1	1	342.835178920	342.954335403	57.723	160.180	LH1079358606.WAV	0.1192	2.8351	120.586	33	2	2	2	
299	Spectrogram 1	1	343.226693081	343.337338387	54.836	147.192	LH1079358606.WAV	0.1106	3.2266	103.359	33	2	2	2	
300	Spectrogram 1	1	344.018232581	344.179944952	66.381	161.623	LH1079358606.WAV	0.1617	4.0183	120.586	33	3	2	2	
301	Spectrogram 1	1	346.554563453	346.716275824	46.178	154.408	LH1079358611.WAV	0.1617	1.5545	103.359	33	1	2	2	
302	Spectrogram 1	1	346.895010550	347.031189388	57.723	137.091	LH1079358611.WAV	0.1362	1.8950	86.133	33	3	2	2	
303	Spectrogram 1	1	348.350424641	348.495114657	57.723	150.079	LH1079358611.WAV	0.1447	3.3505	86.133	33	2	2	2	
304	Spectrogram 1	1	348.716405270	348.818539399	60.609	147.192	LH1079358611.WAV	0.1021	3.7164	103.359	33	2	2	2	
305	Spectrogram 1	1	349.133452964	349.269631803	47.621	180.383	LH1079358611.WAV	0.1362	4.1334	103.359	33	1	2	2	
306	Spectrogram 1	1	349.507944770	349.652634787	56.279	187.598	LH1079358611.WAV	0.1447	4.5079	120.586	33	1	2	2	
307	Spectrogram 1	1	350.873990811	351.078259069	56.279	158.737	LH1079359206.WAV	0.2043	0.8740	103.359	33	1	2	2	
308	Spectrogram 1	1	351.503817940	351.648507956	53.393	152.965	LH1079359206.WAV	0.1447	1.5039	103.359	33	2	2	2	
309	Spectrogram 1	1	352.678360424	352.797516908	67.824	148.635	LH1079359206.WAV	0.1192	2.6783	103.359	33	2	2	2	
310	Spectrogram 1	1	354.431662973	354.584864166	56.279	158.737	LH1079359206.WAV	0.1532	4.4316	103.359	33	2	2	2	
311	Spectrogram 1	1	356.108364925	356.193476699	50.507	152.965	LH1079359211.WAV	0.0851	1.1084	86.133	33	3	2	2	
312	Spectrogram 1	1	357.427602083	357.597825631	57.723	165.952	LH1079359211.WAV	0.1702	2.4276	103.359	33	2	2	2	
313	Spectrogram 1	1	359.112815212	359.257505229	62.052	155.851	LH1079359211.WAV	0.1447	4.1128	103.359	33	2	2	2	
314	Spectrogram 1	1	360.695894213	360.823561874	43.292	155.851	LH1079359806.WAV	0.1277	0.6959	120.586	33	1	2	2	
315	Spectrogram 1	1	360.959741454	361.061875583	53.393	145.749	LH1079359806.WAV	0.1021	0.9598	103.359	33	2	2	2	
316	Spectrogram 1	1	361.521479164	361.708725067	50.507	178.940	LH1079359806.WAV	0.1872	1.5214	103.359	33	1	2	2	
317	Spectrogram 1	1	362.755599890	362.866245196	56.279	154.408	LH1079359806.WAV	0.1106	2.7556	103.359	33	1	2	2	
318	Spectrogram 1	1	363.802476512	363.964188883	49.064	152.965	LH1079359806.WAV	0.1617	3.8025	103.359	33	1	2	2	
319	Spectrogram 1	1	364.083345367	364.202501851	60.609	155.851	LH1079359806.WAV	0.1192	4.0833	103.359	33	2	2	2	
320	Spectrogram 1	1	364.330169513	364.406770109	62.052	138.534	LH1079359806.WAV	0.0766	4.3302	120.586	33	3	2	2	
321	Spectrogram 1	1	364.611038367	364.755728384	57.723	142.863	LH1079359806.WAV	0.1447	4.6110	120.586	33	3	2	2	
322	Spectrogram 1	1	366.126027948	366.211139723	70.710	147.192	LH1079359811.WAV	0.0851	1.1261	103.359	33	3	2	2	
323	Spectrogram 1	1	368.287870084	368.483627165	51.950	197.700	LH1079359811.WAV	0.1958	3.2879	103.359	33	1	2	2	
324	Spectrogram 1	1	368.687895423	368.790029552	53.393	147.192	LH1079359811.WAV	0.1021	3.6879	103.359	33	2	2	2	
325	Spectrogram 1	1	371.156136875	371.275293359	54.836	163.066	LH1079360406.WAV	0.1192	1.1561	103.359	33	1	2	2	
326	Spectrogram 1	1	371.283804537	371.419983375	53.393	152.965	LH1079360406.WAV	0.1362	1.2838	120.586	33	1	2	2	
327	Spectrogram 1	1	372.790284846	372.909441330	60.609	157.294	LH1079360406.WAV	0.1192	2.7902	120.586	33	2	2	2	
328	Spectrogram 1	1	373.309466668	373.454156685	50.507	161.623	LH1079360406.WAV	0.1447	3.3094	103.359	33	1	2	2	
329	Spectrogram 1	1	374.177606765	374.347830314	49.064	150.079	LH1079360406.WAV	0.1702	4.1776	86.133	33	3	2	2	
330	Spectrogram 1	1	377.990617744	378.152330115	46.178	152.965	LH1079360411.WAV	0.1617	2.9906	103.359	33	1	2	2	
331	Spectrogram 1	1	378.160841292	378.314042486	47.621	148.635	LH1079360411.WAV	0.1532	3.1609	86.133	33	2	2	2	
332	Spectrogram 1	1	378.526821921	378.697045470	54.836	165.952	LH1079360411.WAV	0.1702	3.5269	103.359	33	1	2	2	
333	Spectrogram 1	1	382.510055495	382.612189624	50.507	161.623	LH1079361006.WAV	0.1021	2.5101	103.359	33	1	2	2	
334	Spectrogram 1	1	382.620700802	382.739857285	69.267	141.420	LH1079361006.WAV	0.1192	2.6207	103.359	33	1	2	2	
335	Spectrogram 1	1	383.505863253	383.642042092	46.178	155.851	LH1079361006.WAV	0.1362	3.5059	103.359	33	1	2	2	
336	Spectrogram 1	1	383.684597979	383.812265641	62.052	142.863	LH1079361006.WAV	0.1277	3.6846	103.359	33	1	2	2	
337	Spectrogram 1	1	385.344279588	385.497480781	53.393	148.635	LH1079361011.WAV	0.1532	0.3443	103.359	33	1	2	2	
338	Spectrogram 1	1	386.067729669	386.203908507	50.507	154.408	LH1079361011.WAV	0.1362	1.0677	103.359	33	2	2	2	
339	Spectrogram 1	1	388.816842093	389.012599174	56.279	141.420	LH1079361011.WAV	0.1958	3.8169	103.359	33	2	2	2	
340	Spectrogram 1	1	390.646746932	390.816970481	51.950	150.079	LH1079361606.WAV	0.1702	0.6467	103.359	33	2	2	2	
341	Spectrogram 1	1	391.063794626	391.157417578	54.836	147.192	LH1079361606.WAV	0.0936	1.0638	103.359	33	3	2	2	
342	Spectrogram 1	1	392.527717143	392.646873626	50.507	135.648	LH1079361606.WAV	0.1192	2.5277	86.133	33	3	2	2	
343	Spectrogram 1	1	393.319256643	393.438413127	56.279	152.965	LH1079361606.WAV	0.1192	3.3193	120.586	33	2	2	2	
344	Spectrogram 1	1	393.753326691	393.915039062	60.609	152.965	LH1079361606.WAV	0.1617	3.7533	103.359	33	2	2	2	
345	Spectrogram 1	1	393.949083772	394.076751433	60.609	141.420	LH1079361606.WAV	0.1277	3.9491	103.359	33	2	2	2	
346	Spectrogram 1	1	394.672533853	394.817223869	60.609	142.863	LH1079361606.WAV	0.1447	4.6726	103.359	33	2	2	2	
347	Spectrogram 1	1	395.974747386	396.161993289	50.507	154.408	LH1079361611.WAV	0.1872	0.9747	103.359	33	1	2	2	
348	Spectrogram 1	1	396.715219821	396.876932192	47.621	147.192	LH1079361611.WAV	0.1617	1.7152	86.133	33	2	2	2	
349	Spectrogram 1	1	397.081200451	397.166312225	62.052	145.749	LH1079361611.WAV	0.0851	2.0812	103.359	33	2	2	2	
350	Spectrogram 1	1	397.293979886	397.438669902	51.950	152.965	LH1079361611.WAV	0.1447	2.2940	103.359	33	2	2	2	
351	Spectrogram 1	1	397.532292854	397.685494047	49.064	154.408	LH1079361611.WAV	0.1532	2.5323	103.359	33	2	2	2	
352	Spectrogram 1	1	399.260061870	399.379218354	60.609	164.509	LH1079361611.WAV	0.1192	4.2601	103.359	33	2	2	2	
353	Spectrogram 1	1	399.481352483	399.634553677	53.393	152.965	LH1079361611.WAV	0.1532	4.4814	86.133	33	2	2	2	
354	Spectrogram 1	1	399.779243693	399.949467242	60.609	148.635	LH1079361611.WAV	0.1702	4.7793	103.359	33	2	2	2	
355	Spectrogram 1	1	402.315578270	402.460268286	54.836	148.635	LH1079362206.WAV	0.1447	2.3155	86.133	33	2	2	2	
356	Spectrogram 1	1	413.703541494	413.890787397	54.836	191.927	LH1079362806.WAV	0.1872	3.7035	86.133	33	1	2	2	
357	Spectrogram 1	1	414.146122719	414.324857445	51.950	177.497	LH1079362806.WAV	0.1787	4.1461	103.359	33	2	2	2	
358	Spectrogram 1	1	415.201508720	415.363221091	59.166	154.408	LH1079362811.WAV	0.1617	0.2015	103.359	33	3	2	2	
359	Spectrogram 1	1	422.478570391	422.614749229	59.166	144.306	LH1079363406.WAV	0.1362	2.4786	86.133	33	3	2	2	
360	Spectrogram 1	1	426.674580859	426.853315585	47.621	191.927	LH1079363411.WAV	0.1787	1.6746	103.359	33	1	2	2	
361	Spectrogram 1	1	427.261852101	427.415053295	60.609	193.370	LH1079363411.WAV	0.1532	2.2619	103.359	33	1	2	2	
362	Spectrogram 1	1	432.572833270	432.734545641	53.393	154.408	LH1079364006.WAV	0.1617	2.5728	120.586	33	2	2	2	
363	Spectrogram 1	1	440.598878342	440.769101891	51.950	145.749	LH1079364606.WAV	0.1702	0.5989	86.133	33	2	2	2	
364	Spectrogram 1	1	441.339350778	441.509574326	44.735	164.509	LH1079364606.WAV	0.1702	1.3393	86.133	33	1	2	2	
365	Spectrogram 1	1	441.671286697	441.850021423	50.507	160.180	LH1079364606.WAV	0.1787	1.6713	103.359	33	1	2	2	
366	Spectrogram 1	1	443.858659295	444.011860488	53.393	150.079	LH1079364606.WAV	0.1532	3.8586	103.359	33	2	2	2	
367	Spectrogram 1	1	445.143847085	445.271514747	44.735	135.648	LH1079364611.WAV	0.1277	0.1439	86.133	33	2	2	2	
368	Spectrogram 1	1	447.978073824	448.080207954	50.507	144.306	LH1079364611.WAV	0.1021	2.9781	86.133	33	2	2	2	
369	Spectrogram 1	1	448.599389776	448.761102147	27.418	193.370	LH1079364611.WAV	0.1617	3.5994	103.359	33	1	2	2	
370	Spectrogram 1	1	449.161127486	449.339862212	8.658	230.890	LH1079364611.WAV	0.1787	4.1611	120.586	33	1	2	2	
371	Spectrogram 1	1	449.535619293	449.765421083	14.431	206.358	LH1079364611.WAV	0.2298	4.5356	120.586	33	1	2	2	
372	Spectrogram 1	1	450.659094712	450.803784728	59.166	142.863	LH1079365206.WAV	0.1447	0.6591	103.359	33	2	2	2	
373	Spectrogram 1	1	456.940348307	457.119083033	28.861	158.737	LH1079365211.WAV	0.1787	1.9404	103.359	33	2	2	2	
374	Spectrogram 1	1	459.561790953	459.732014501	54.836	202.029	LH1079365211.WAV	0.1702	4.5618	120.586	33	1	2	2	
375	Spectrogram 1	1	460.412908695	460.574621066	38.963	151.522	LH1079365806.WAV	0.1617	0.4129	86.133	33	1	2	2	
376	Spectrogram 1	1	463.110956066	463.255646083	37.520	168.838	LH1079365806.WAV	0.1447	3.1110	86.133	33	1	2	2	
377	Spectrogram 1	1	463.536514937	463.681204954	46.178	142.863	LH1079365806.WAV	0.1447	3.5365	86.133	33	2	2	2	
378	Spectrogram 1	1	465.077038051	465.255772777	47.621	164.509	LH1079365811.WAV	0.1787	0.0770	103.359	33	1	2	2	
379	Spectrogram 1	1	467.528257148	467.698480697	51.950	142.863	LH1079365811.WAV	0.1702	2.5282	86.133	33	1	2	2	
380	Spectrogram 1	1	469.196452157	469.366675706	62.052	150.079	LH1079365811.WAV	0.1702	4.1965	103.359	33	3	2	2	
381	Spectrogram 1	1	477.145897268	477.239520219	54.836	138.534	LH1079366411.WAV	0.0936	2.1459	86.133	33	3	2	2	
382	Spectrogram 1	1	477.648056736	477.792746752	50.507	144.306	LH1079366411.WAV	0.1447	2.6481	86.133	33	1	2	2	
383	Spectrogram 1	1	478.082126784	478.277883865	50.507	164.509	LH1079366411.WAV	0.1958	3.0821	86.133	33	1	2	2	
384	Spectrogram 1	1	478.856643929	478.992822768	57.723	150.079	LH1079366411.WAV	0.1362	3.8567	86.133	33	3	2	2	
385	Spectrogram 1	1	483.316504392	483.418638521	57.723	134.205	LH1079367006.WAV	0.1021	3.3166	86.133	33	3	2	2	
386	Spectrogram 1	1	483.810152682	483.997398585	50.507	154.408	LH1079367006.WAV	0.1872	3.8102	86.133	33	1	2	2	
387	Spectrogram 1	1	484.295289795	484.457002166	50.507	145.749	LH1079367006.WAV	0.1617	4.2952	86.133	33	1	2	2	
388	Spectrogram 1	1	484.746382199	484.848516328	54.836	141.420	LH1079367006.WAV	0.1021	4.7464	103.359	33	1	2	2	
389	Spectrogram 1	1	486.252860602	486.346483554	44.735	125.546	LH1079367011.WAV	0.0936	1.2528	86.133	33	3	2	2	
390	Spectrogram 1	1	486.695441828	486.857154199	46.178	152.965	LH1079367011.WAV	0.1617	1.6955	86.133	33	1	2	2	
391	Spectrogram 1	1	487.138023054	487.257179538	49.064	137.091	LH1079367011.WAV	0.1192	2.1380	86.133	33	3	2	2	
392	Spectrogram 1	1	487.572093102	487.657204877	53.393	145.749	LH1079367011.WAV	0.0851	2.5721	86.133	33	3	2	2	
393	Spectrogram 1	1	493.197987306	493.359699677	53.393	147.192	LH1079367606.WAV	0.1617	3.1980	86.133	33	2	2	2	
394	Spectrogram 1	1	493.708657952	493.810792081	54.836	150.079	LH1079367606.WAV	0.1021	3.7086	103.359	33	2	2	2	
395	Spectrogram 1	1	498.423854583	498.585566954	56.279	147.192	LH1079367611.WAV	0.1617	3.4238	86.133	33	2	2	2	
396	Spectrogram 1	1	499.087726422	499.249438793	46.178	150.079	LH1079367611.WAV	0.1617	4.0878	86.133	33	1	2	2	
397	Spectrogram 1	1	499.564352358	499.768620616	40.406	160.180	LH1079367611.WAV	0.2043	4.5644	86.133	33	1	2	2	
398	Spectrogram 1	1	500.415470100	500.509093052	53.393	147.192	LH1079368206.WAV	0.0936	0.4154	86.133	33	3	2	2	
399	Spectrogram 1	1	502.730510359	502.875200375	50.507	145.749	LH1079368206.WAV	0.1447	2.7305	86.133	33	2	2	2	
400	Spectrogram 1	1	503.070957455	503.198625117	51.950	135.648	LH1079368206.WAV	0.1277	3.0710	86.133	33	2	2	2	
401	Spectrogram 1	1	506.024339091	506.126473220	51.950	139.977	LH1079368211.WAV	0.1021	1.0244	86.133	33	2	2	2	
402	Spectrogram 1	1	507.513795139	507.624440446	51.950	145.749	LH1079368211.WAV	0.1106	2.5138	86.133	33	2	2	2	
403	Spectrogram 1	1	513.973781983	514.101449644	38.963	151.522	LH1079368806.WAV	0.1277	3.9738	103.359	33	1	2	2	
404	Spectrogram 1	1	517.642099451	517.795300645	47.621	155.851	LH1079368811.WAV	0.1532	2.6421	86.133	33	2	2	2	
405	Spectrogram 1	1	529.574775184	529.710954022	50.507	147.192	LH1079369411.WAV	0.1362	4.5748	86.133	33	2	2	2	
406	Spectrogram 1	1	539.779679141	539.898835625	50.507	150.079	LH1079370011.WAV	0.1192	4.7797	86.133	33	2	2	2	
407	Spectrogram 1	1	543.831002667	543.916114441	54.836	147.192	LH1079370606.WAV	0.0851	3.8310	103.359	33	2	2	2	
408	Spectrogram 1	1	544.758721006	544.877877490	54.836	151.522	LH1079370606.WAV	0.1192	4.7587	103.359	33	2	2	2	
409	Spectrogram 1	1	550.742080749	550.861237233	56.279	142.863	LH1079371206.WAV	0.1192	0.7421	86.133	33	2	2	2	
410	Spectrogram 1	1	563.900364652	564.070588200	51.950	161.623	LH1079371806.WAV	0.1702	3.9003	103.359	33	1	2	2	
411	Spectrogram 1	1	564.402524120	564.530191781	41.849	144.306	LH1079371806.WAV	0.1277	4.4025	86.133	33	1	2	2	
412	Spectrogram 1	1	569.645411107	569.790101123	54.836	135.648	LH1079371811.WAV	0.1447	4.6455	86.133	33	2	2	2	
413	Spectrogram 1	1	579.177933743	579.331134937	46.178	137.091	LH1079372411.WAV	0.1532	4.1779	86.133	33	2	2	2	
414	Spectrogram 1	1	579.535403195	579.697115566	38.963	163.066	LH1079372411.WAV	0.1617	4.5354	120.586	33	2	2	2	
415	Spectrogram 1	1	581.288705744	581.441906937	54.836	142.863	LH1079373006.WAV	0.1532	1.2887	86.133	33	2	2	2	
416	Spectrogram 1	1	581.841932276	582.003644647	51.950	155.851	LH1079373006.WAV	0.1617	1.8420	103.359	33	1	2	2	
417	Spectrogram 1	1	584.727223648	584.863402487	56.279	135.648	LH1079373006.WAV	0.1362	4.7272	103.359	33	3	2	2	
418	Spectrogram 1	1	585.501740793	585.654941987	47.621	155.851	LH1079373011.WAV	0.1532	0.5017	86.133	33	2	2	2	
419	Spectrogram 1	1	585.969855552	586.114545568	49.064	158.737	LH1079373011.WAV	0.1447	0.9698	86.133	33	2	2	2	
420	Spectrogram 1	1	586.395414423	586.523082084	50.507	154.408	LH1079373011.WAV	0.1277	1.3955	86.133	33	1	2	2	
421	Spectrogram 1	1	586.820973294	586.999708020	49.064	152.965	LH1079373011.WAV	0.1787	1.8210	86.133	33	2	2	2	
422	Spectrogram 1	1	587.535912197	587.663579858	41.849	155.851	LH1079373011.WAV	0.1277	2.5359	86.133	33	1	2	2	
423	Spectrogram 1	1	588.097649907	588.284895810	36.077	176.054	LH1079373011.WAV	0.1872	3.0976	86.133	33	1	2	2	
424	Spectrogram 1	1	588.633854085	588.778544101	57.723	154.408	LH1079373011.WAV	0.1447	3.6339	103.359	33	1	2	2	
425	Spectrogram 1	1	589.399860052	589.484971827	57.723	147.192	LH1079373011.WAV	0.0851	4.3999	103.359	33	2	2	2	
426	Spectrogram 1	1	590.429713583	590.582914777	49.064	147.192	LH1079373606.WAV	0.1532	0.4297	103.359	33	2	2	2	
427	Spectrogram 1	1	590.931873051	591.085074245	53.393	152.965	LH1079373606.WAV	0.1532	0.9319	120.586	33	2	2	2	
428	Spectrogram 1	1	591.493610761	591.680856664	44.735	204.915	LH1079373606.WAV	0.1872	1.4937	86.133	33	1	2	2	
429	Spectrogram 1	1	592.004281406	592.174504955	46.178	152.965	LH1079373606.WAV	0.1702	2.0043	103.359	33	1	2	2	
430	Spectrogram 1	1	595.902402574	596.021559058	49.064	144.306	LH1079373611.WAV	0.1192	0.9024	86.133	33	2	2	2	
431	Spectrogram 1	1	596.804587381	596.932255042	62.052	144.306	LH1079373611.WAV	0.1277	1.8045	103.359	33	3	2	2	
432	Spectrogram 1	1	607.341428527	607.503140898	47.621	151.522	LH1079374211.WAV	0.1617	2.3414	86.133	33	1	2	2	
433	Spectrogram 1	1	616.720750180	616.873951374	46.178	150.079	LH1079374811.WAV	0.1532	1.7207	86.133	33	1	2	2	
434	Spectrogram 1	1	617.290999067	617.418666729	46.178	152.965	LH1079374811.WAV	0.1277	2.2910	103.359	33	2	2	2	
435	Spectrogram 1	1	617.512289680	617.622934987	62.052	151.522	LH1079374811.WAV	0.1106	2.5122	103.359	33	2	2	2	
436	Spectrogram 1	1	620.431625656	620.550782140	57.723	145.749	LH1079375406.WAV	0.1192	0.4316	86.133	33	2	2	2	
437	Spectrogram 1	1	621.112519850	621.291254576	50.507	152.965	LH1079375406.WAV	0.1787	1.1125	86.133	33	1	2	2	
438	Spectrogram 1	1	621.895548172	622.048749366	53.393	151.522	LH1079375406.WAV	0.1532	1.8956	86.133	33	1	2	2	
439	Spectrogram 1	1	622.482819415	622.618998253	47.621	197.700	LH1079375406.WAV	0.1362	2.4828	103.359	33	1	2	2	
440	Spectrogram 1	1	622.976467705	623.129668899	51.950	160.180	LH1079375406.WAV	0.1532	2.9764	86.133	33	2	2	2	
441	Spectrogram 1	1	627.146945704	627.308658075	49.064	145.749	LH1079375411.WAV	0.1617	2.1469	86.133	33	2	2	2	
442	Spectrogram 1	1	627.640593994	627.802306365	46.178	155.851	LH1079375411.WAV	0.1617	2.6406	86.133	33	1	2	2	
443	Spectrogram 1	1	628.321488188	628.483200559	54.836	142.863	LH1079375411.WAV	0.1617	3.3215	86.133	33	1	2	2	
444	Spectrogram 1	1	628.968337672	629.138561220	43.292	158.737	LH1079375411.WAV	0.1702	3.9684	86.133	33	1	2	2	
445	Spectrogram 1	1	629.810944237	629.972656608	47.621	160.180	LH1079375411.WAV	0.1617	4.8110	86.133	33	1	2	2	
446	Spectrogram 1	1	630.568441359	630.704620198	51.950	157.294	LH1079376006.WAV	0.1362	0.5685	86.133	33	1	2	2	
447	Spectrogram 1	1	631.138690246	631.283380262	49.064	152.965	LH1079376006.WAV	0.1447	1.1387	103.359	33	2	2	2	
448	Spectrogram 1	1	631.683405601	631.819584440	51.950	157.294	LH1079376006.WAV	0.1362	1.6834	86.133	33	2	2	2	
449	Spectrogram 1	1	632.262165666	632.381322150	53.393	171.724	LH1079376006.WAV	0.1192	2.2621	86.133	33	2	2	2	
450	Spectrogram 1	1	632.747302779	632.909015150	41.849	147.192	LH1079376006.WAV	0.1617	2.7473	86.133	33	2	2	2	
451	Spectrogram 1	1	633.240951069	633.351596376	54.836	152.965	LH1079376006.WAV	0.1106	3.2409	103.359	33	2	2	2	
452	Spectrogram 1	1	634.100579989	634.219736473	50.507	129.876	LH1079376006.WAV	0.1192	4.1006	86.133	33	3	2	2	
453	Spectrogram 1	1	635.121921812	635.283634183	50.507	155.851	LH1079376011.WAV	0.1617	0.1219	86.133	33	1	2	2	
454	Spectrogram 1	1	635.547480683	635.624081279	53.393	147.192	LH1079376011.WAV	0.0766	0.5475	103.359	33	3	2	2	
455	Spectrogram 1	1	636.083684860	636.245397231	46.178	158.737	LH1079376011.WAV	0.1617	1.0837	86.133	33	1	2	2	
456	Spectrogram 1	1	636.458176667	636.568821973	63.495	134.205	LH1079376011.WAV	0.1106	1.4582	86.133	33	3	2	2	
457	Spectrogram 1	1	641.871288051	642.024489245	57.723	150.079	LH1079376606.WAV	0.1532	1.8713	86.133	33	2	2	2	
458	Spectrogram 1	1	645.267249326	645.437472875	53.393	155.851	LH1079376611.WAV	0.1702	0.2672	86.133	33	1	2	2	
459	Spectrogram 1	1	646.016232940	646.152411778	51.950	145.749	LH1079376611.WAV	0.1362	1.0162	103.359	33	2	2	2	
460	Spectrogram 1	1	649.480282150	649.624972166	50.507	151.522	LH1079376611.WAV	0.1447	4.4803	86.133	33	2	2	2	
461	Spectrogram 1	1	651.284655049	651.395300356	56.279	144.306	LH1079377206.WAV	0.1106	1.2847	103.359	33	2	2	2	
462	Spectrogram 1	1	651.744258630	651.871926291	63.495	135.648	LH1079377206.WAV	0.1277	1.7442	103.359	33	3	2	2	
463	Spectrogram 1	1	654.706148373	654.833816034	54.836	147.192	LH1079377206.WAV	0.1277	4.7061	86.133	33	2	2	2	
464	Spectrogram 1	1	655.846646147	655.982824986	47.621	142.863	LH1079377211.WAV	0.1362	0.8466	86.133	33	2	2	2	
465	Spectrogram 1	1	656.765853309	656.936076857	54.836	147.192	LH1079377211.WAV	0.1702	1.7659	86.133	33	2	2	2	
466	Spectrogram 1	1	658.714915164	658.834071648	56.279	141.420	LH1079377211.WAV	0.1192	3.7150	103.359	33	3	2	2	
467	Spectrogram 1	1	659.319208761	659.472409955	47.621	148.635	LH1079377211.WAV	0.1532	4.3192	86.133	33	2	2	2	
468	Spectrogram 1	1	662.332166630	662.502390178	47.621	151.522	LH1079377806.WAV	0.1702	2.3322	86.133	33	2	2	2	
469	Spectrogram 1	1	662.664102549	662.800281388	69.267	155.851	LH1079377806.WAV	0.1362	2.6641	103.359	33	2	2	2	
470	Spectrogram 1	1	663.481175582	663.617354421	50.507	161.623	LH1079377806.WAV	0.1362	3.4812	86.133	33	2	2	2	
471	Spectrogram 1	1	666.238798127	666.417532853	60.609	150.079	LH1079377811.WAV	0.1787	1.2388	103.359	33	2	2	2	
472	Spectrogram 1	1	666.757979950	666.885647611	53.393	154.408	LH1079377811.WAV	0.1277	1.7579	103.359	33	2	2	2	
473	Spectrogram 1	1	667.294184127	667.396318256	63.495	148.635	LH1079377811.WAV	0.1021	2.2942	120.586	33	3	2	2	
474	Spectrogram 1	1	669.090042563	669.200687870	44.735	147.192	LH1079377811.WAV	0.1106	4.0900	86.133	33	1	2	2	
475	Spectrogram 1	1	669.660291451	669.770936757	43.292	144.306	LH1079377811.WAV	0.1106	4.6603	86.133	33	3	2	2	
