Selection	View	Channel	Begin Time (s)	End Time (s)	Low Freq (Hz)	High Freq (Hz)	Begin File	Delta Time (s)	File Offset (s)	Peak Freq (Hz)	call variant	level	call cutoff @ end	calls overlap	Notes
1	Spectrogram 1	1	1.446900162	1.591590178	50.507	152.965	LH1079378406.WAV	0.1447	1.4469	86.133	33	2	2	2	
2	Spectrogram 1	1	1.889481388	2.008637871	49.064	147.192	LH1079378406.WAV	0.1192	1.8895	86.133	33	2	2	2	
3	Spectrogram 1	1	2.434196743	2.655487356	47.621	152.965	LH1079378406.WAV	0.2213	2.4342	86.133	33	1	2	2	
4	Spectrogram 1	1	2.817199727	2.919333856	50.507	144.306	LH1079378406.WAV	0.1021	2.8172	103.359	33	2	2	2	
5	Spectrogram 1	1	3.464049211	3.574694517	62.052	154.408	LH1079378406.WAV	0.1106	3.4641	120.586	33	2	2	2	
6	Spectrogram 1	1	3.778962775	3.932163969	51.950	165.952	LH1079378406.WAV	0.1532	3.7789	86.133	33	2	2	2	
7	Spectrogram 1	1	4.757748179	4.893927017	40.406	194.813	LH1079378406.WAV	0.1362	4.7577	86.133	33	1	2	2	
8	Spectrogram 1	1	5.379064130	5.498220614	50.507	154.408	LH1079378411.WAV	0.1192	0.3790	86.133	33	2	2	2	
9	Spectrogram 1	1	5.736533582	5.872712421	51.950	152.965	LH1079378411.WAV	0.1362	0.7365	103.359	33	2	2	2	
10	Spectrogram 1	1	6.187625985	6.332316002	33.190	164.509	LH1079378411.WAV	0.1447	1.1876	86.133	33	1	2	2	
11	Spectrogram 1	1	7.030232550	7.166411389	49.064	196.257	LH1079378411.WAV	0.1362	2.0303	103.359	33	1	2	2	
12	Spectrogram 1	1	7.949439712	8.094129728	53.393	148.635	LH1079378411.WAV	0.1447	2.9494	103.359	33	1	2	2	
13	Spectrogram 1	1	9.209093970	9.336761631	51.950	147.192	LH1079378411.WAV	0.1277	4.2091	86.133	33	3	2	2	
14	Spectrogram 1	1	11.090066515	11.234756531	53.393	150.079	LH1079379006.WAV	0.1447	1.0900	103.359	33	2	2	2	
15	Spectrogram 1	1	11.992251322	12.102896628	54.836	152.965	LH1079379006.WAV	0.1106	1.9923	103.359	33	3	2	2	
16	Spectrogram 1	1	12.707190225	12.817835531	51.950	147.192	LH1079379006.WAV	0.1106	2.7071	86.133	33	2	2	2	
17	Spectrogram 1	1	13.626397386	13.711509161	50.507	151.522	LH1079379006.WAV	0.0851	3.6264	86.133	33	2	2	2	
18	Spectrogram 1	1	14.715828096	14.869029290	38.963	154.408	LH1079379006.WAV	0.1532	4.7159	86.133	33	2	2	2	
19	Spectrogram 1	1	16.077617334	16.188262641	66.381	145.749	LH1079379011.WAV	0.1106	1.0777	103.359	33	2	2	2	
20	Spectrogram 1	1	16.758511528	16.903201544	57.723	160.180	LH1079379011.WAV	0.1447	1.7585	103.359	33	2	2	2	
21	Spectrogram 1	1	17.090447447	17.209603931	47.621	173.168	LH1079379011.WAV	0.1192	2.0905	103.359	33	2	2	2	
22	Spectrogram 1	1	18.494791722	18.630970561	59.166	145.749	LH1079379011.WAV	0.1362	3.4948	103.359	33	2	2	2	
23	Spectrogram 1	1	21.363061375	21.482217859	51.950	144.306	LH1079379606.WAV	0.1192	1.3630	86.133	33	2	2	2	
24	Spectrogram 1	1	22.060977923	22.231201472	54.836	147.192	LH1079379606.WAV	0.1702	2.0610	86.133	33	2	2	2	
25	Spectrogram 1	1	23.175942166	23.252542762	46.178	155.851	LH1079379606.WAV	0.0766	3.1760	86.133	33	2	2	2	
26	Spectrogram 1	1	25.644184573	25.737807525	59.166	152.965	LH1079379611.WAV	0.0936	0.6442	103.359	33	3	2	2	
27	Spectrogram 1	1	28.265627219	28.393294881	51.950	148.635	LH1079379611.WAV	0.1277	3.2656	86.133	33	2	2	2	
28	Spectrogram 1	1	28.767786687	28.835876107	56.279	142.863	LH1079379611.WAV	0.0681	3.7678	103.359	33	3	2	2	
29	Spectrogram 1	1	29.218879091	29.355057929	49.064	154.408	LH1079379611.WAV	0.1362	4.2189	86.133	33	2	2	2	
30	Spectrogram 1	1	32.478662799	32.572285751	49.064	144.306	LH1079380206.WAV	0.0936	2.4787	86.133	33	2	2	2	
31	Spectrogram 1	1	33.414892315	33.619160573	51.950	144.306	LH1079380206.WAV	0.2043	3.4149	86.133	33	2	2	2	
32	Spectrogram 1	1	34.112808864	34.206431815	53.393	141.420	LH1079380206.WAV	0.0936	4.1128	86.133	33	2	2	2	
33	Spectrogram 1	1	36.649139735	36.819363284	49.064	148.635	LH1079380211.WAV	0.1702	1.6491	86.133	33	1	2	2	
34	Spectrogram 1	1	36.955542123	37.125765671	51.950	147.192	LH1079380211.WAV	0.1702	1.9556	86.133	33	1	2	2	
35	Spectrogram 1	1	37.440679236	37.551324542	53.393	152.965	LH1079380211.WAV	0.1106	2.4407	86.133	33	1	2	2	
36	Spectrogram 1	1	38.887581942	39.032271958	49.064	141.420	LH1079380211.WAV	0.1447	3.8875	86.133	33	2	2	2	
37	Spectrogram 1	1	40.521728007	40.743018620	47.621	158.737	LH1079380806.WAV	0.2213	0.5218	103.359	33	1	2	2	
38	Spectrogram 1	1	40.836641572	40.998353943	57.723	154.408	LH1079380806.WAV	0.1617	0.8366	120.586	33	2	2	2	
39	Spectrogram 1	1	41.509024588	41.619669895	56.279	148.635	LH1079380806.WAV	0.1106	1.5091	103.359	33	2	2	2	
40	Spectrogram 1	1	41.747337556	41.840960507	64.938	137.091	LH1079380806.WAV	0.0936	1.7474	103.359	33	2	2	2	
41	Spectrogram 1	1	42.087784653	42.215452314	59.166	142.863	LH1079380806.WAV	0.1277	2.0878	103.359	33	2	2	2	
42	Spectrogram 1	1	42.343119975	42.564410588	56.279	163.066	LH1079380806.WAV	0.2213	2.3431	103.359	33	1	2	2	
43	Spectrogram 1	1	42.632500008	42.794212379	57.723	161.623	LH1079380806.WAV	0.1617	2.6325	103.359	33	2	2	2	
44	Spectrogram 1	1	42.972947105	43.075081234	59.166	152.965	LH1079380806.WAV	0.1021	2.9729	103.359	33	2	2	2	
45	Spectrogram 1	1	43.364461266	43.466595395	64.938	151.522	LH1079380806.WAV	0.1021	3.3645	120.586	33	3	2	2	
46	Spectrogram 1	1	43.653841298	43.755975427	62.052	145.749	LH1079380806.WAV	0.1021	3.6539	103.359	33	2	2	2	
47	Spectrogram 1	1	44.011310750	44.190045476	50.507	165.952	LH1079380806.WAV	0.1787	4.0113	103.359	33	1	2	2	
48	Spectrogram 1	1	44.530492573	44.641137879	76.482	154.408	LH1079380806.WAV	0.1106	4.5305	120.586	33	2	2	2	
49	Spectrogram 1	1	46.649777450	46.743400402	54.836	134.205	LH1079380811.WAV	0.0936	1.6498	86.133	33	2	2	2	
50	Spectrogram 1	1	47.262582224	47.432805773	62.052	191.927	LH1079380811.WAV	0.1702	2.2626	103.359	33	2	2	2	
51	Spectrogram 1	1	47.645585208	47.722185805	53.393	148.635	LH1079380811.WAV	0.0766	2.6456	103.359	33	3	2	2	
52	Spectrogram 1	1	47.909431709	48.037099370	63.495	147.192	LH1079380811.WAV	0.1277	2.9094	103.359	33	2	2	2	
53	Spectrogram 1	1	48.530747660	48.692460031	69.267	147.192	LH1079380811.WAV	0.1617	3.5307	120.586	33	2	2	2	
54	Spectrogram 1	1	49.186108322	49.330798338	72.153	141.420	LH1079380811.WAV	0.1447	4.1861	103.359	33	3	2	2	
55	Spectrogram 1	1	49.594644838	49.722312499	63.495	147.192	LH1079380811.WAV	0.1277	4.5947	120.586	33	2	2	2	
56	Spectrogram 1	1	54.616243433	54.743911095	56.279	147.192	LH1079381406.WAV	0.1277	4.6162	103.359	33	2	2	2	
57	Spectrogram 1	1	56.326990095	56.429124224	53.393	147.192	LH1079381411.WAV	0.1021	1.3270	86.133	33	2	2	2	
58	Spectrogram 1	1	57.297264321	57.467487870	54.836	144.306	LH1079381411.WAV	0.1702	2.2973	86.133	33	2	2	2	
59	Spectrogram 1	1	58.190937951	58.318605612	56.279	147.192	LH1079381411.WAV	0.1277	3.1909	86.133	33	2	2	2	
60	Spectrogram 1	1	58.429250918	58.522873870	69.267	145.749	LH1079381411.WAV	0.0936	3.4293	103.359	33	2	2	2	
61	Spectrogram 1	1	58.718630951	58.829276257	51.950	141.420	LH1079381411.WAV	0.1106	3.7186	103.359	33	2	2	2	
62	Spectrogram 1	1	59.033544515	59.135678644	62.052	139.977	LH1079381411.WAV	0.1021	4.0336	103.359	33	2	2	2	
63	Spectrogram 1	1	60.386827019	60.488961148	57.723	142.863	LH1079382006.WAV	0.1021	0.3868	86.133	33	2	2	2	
64	Spectrogram 1	1	60.659184697	60.769830003	72.153	164.509	LH1079382006.WAV	0.1106	0.6592	103.359	33	2	2	2	
65	Spectrogram 1	1	62.386953713	62.514621374	60.609	151.522	LH1079382006.WAV	0.1277	2.3870	86.133	33	2	2	2	
66	Spectrogram 1	1	64.659438085	64.736038681	63.495	141.420	LH1079382006.WAV	0.0766	4.6594	86.133	33	3	2	2	
67	Spectrogram 1	1	67.229813666	67.331947795	49.064	145.749	LH1079382011.WAV	0.1021	2.2298	86.133	33	2	2	2	
68	Spectrogram 1	1	67.612816650	67.723461956	51.950	151.522	LH1079382011.WAV	0.1106	2.6128	86.133	33	2	2	2	
69	Spectrogram 1	1	70.549177944	70.685356782	54.836	147.192	LH1079382606.WAV	0.1362	0.5492	86.133	33	2	2	2	
70	Spectrogram 1	1	71.476896283	71.621586299	69.267	152.965	LH1079382606.WAV	0.1447	1.4769	103.359	33	2	2	2	
71	Spectrogram 1	1	74.038760687	74.149405993	60.609	141.420	LH1079382606.WAV	0.1106	4.0388	86.133	33	2	2	2	
72	Spectrogram 1	1	75.792064931	75.911221415	67.824	142.863	LH1079382611.WAV	0.1192	0.7921	103.359	33	2	2	2	
73	Spectrogram 1	1	76.855962109	76.975118593	60.609	144.306	LH1079382611.WAV	0.1192	1.8560	86.133	33	3	2	2	
74	Spectrogram 1	1	77.562389835	77.690057496	59.166	173.168	LH1079382611.WAV	0.1277	2.5624	103.359	33	2	2	2	
75	Spectrogram 1	1	78.030504593	78.141149900	57.723	147.192	LH1079382611.WAV	0.1106	3.0305	86.133	33	2	2	2	
76	Spectrogram 1	1	79.792319274	79.877431048	51.950	147.192	LH1079382611.WAV	0.0851	4.7923	103.359	33	2	2	2	
77	Spectrogram 1	1	82.490362516	82.618030178	57.723	152.965	LH1079383206.WAV	0.1277	2.4904	103.359	33	2	2	2	
78	Spectrogram 1	1	85.673544993	85.818235009	50.507	138.534	LH1079383211.WAV	0.1447	0.6736	86.133	33	3	2	2	
79	Spectrogram 1	1	86.167193283	86.320394477	43.292	181.826	LH1079383211.WAV	0.1532	1.1672	86.133	33	1	2	2	
80	Spectrogram 1	1	87.639628460	87.741762589	67.824	152.965	LH1079383211.WAV	0.1021	2.6397	103.359	33	2	2	2	
81	Spectrogram 1	1	88.226899702	88.354567363	64.938	137.091	LH1079383211.WAV	0.1277	3.2269	103.359	33	2	2	2	
82	Spectrogram 1	1	89.435486896	89.563154557	57.723	154.408	LH1079383211.WAV	0.1277	4.4355	103.359	33	2	2	2	
83	Spectrogram 1	1	97.121084872	97.231730179	50.507	147.192	LH1079383811.WAV	0.1106	2.1211	103.359	33	2	2	2	
84	Spectrogram 1	1	100.312776406	100.431932889	56.279	157.294	LH1079384406.WAV	0.1192	0.3128	120.586	33	2	2	2	
85	Spectrogram 1	1	103.351271297	103.478938958	54.836	145.749	LH1079384406.WAV	0.1277	3.3512	86.133	33	2	2	2	
86	Spectrogram 1	1	105.972713943	106.125915136	63.495	158.737	LH1079384411.WAV	0.1532	0.9727	103.359	33	2	2	2	
87	Spectrogram 1	1	108.202644227	108.347334243	60.609	157.294	LH1079384411.WAV	0.1447	3.2026	86.133	33	2	2	2	
88	Spectrogram 1	1	113.462557061	113.607247077	63.495	158.737	LH1079385006.WAV	0.1447	3.4626	120.586	33	2	2	2	
89	Spectrogram 1	1	117.037251578	117.139385707	75.039	152.965	LH1079385011.WAV	0.1021	2.0373	103.359	33	2	2	2	
90	Spectrogram 1	1	124.739873284	124.867540945	69.267	151.522	LH1079385606.WAV	0.1277	4.7399	103.359	33	3	2	2	
91	Spectrogram 1	1	125.437789833	125.522901607	66.381	151.522	LH1079385611.WAV	0.0851	0.4378	103.359	33	3	2	2	
92	Spectrogram 1	1	125.948460478	126.084639317	59.166	158.737	LH1079385611.WAV	0.1362	0.9484	103.359	33	2	2	2	
93	Spectrogram 1	1	126.893201172	127.003846478	54.836	142.863	LH1079385611.WAV	0.1106	1.8932	86.133	33	2	2	2	
94	Spectrogram 1	1	127.020868833	127.148536494	69.267	147.192	LH1079385611.WAV	0.1277	2.0209	103.359	33	3	2	2	
95	Spectrogram 1	1	134.561776266	134.663910395	56.279	137.091	LH1079386206.WAV	0.1021	4.5618	103.359	33	2	2	2	
96	Spectrogram 1	1	143.532560665	143.634694794	66.381	148.635	LH1079386806.WAV	0.1021	3.5325	120.586	33	3	2	2	
97	Spectrogram 1	1	149.566985457	149.669119586	66.381	151.522	LH1079386811.WAV	0.1021	4.5670	120.586	33	3	2	2	
98	Spectrogram 1	1	150.715995682	150.928775117	54.836	204.915	LH1079387406.WAV	0.2128	0.7160	103.359	33	1	2	2	
99	Spectrogram 1	1	151.167088085	151.294755746	44.735	152.965	LH1079387406.WAV	0.1277	1.1671	103.359	33	2	2	2	
100	Spectrogram 1	1	154.665182005	154.784338489	50.507	145.749	LH1079387406.WAV	0.1192	4.6652	103.359	33	2	2	2	
101	Spectrogram 1	1	157.737719599	157.848364905	70.710	151.522	LH1079387411.WAV	0.1106	2.7378	120.586	33	3	2	2	
102	Spectrogram 1	1	158.239879066	158.359035550	64.938	152.965	LH1079387411.WAV	0.1192	3.2399	86.133	33	3	2	2	
103	Spectrogram 1	1	158.725016180	158.869706196	66.381	158.737	LH1079387411.WAV	0.1447	3.7251	103.359	33	2	2	2	
104	Spectrogram 1	1	162.563559847	162.699738685	49.064	167.395	LH1079388006.WAV	0.1362	2.5636	86.133	33	2	2	2	
105	Spectrogram 1	1	166.589346767	166.734036783	59.166	152.965	LH1079388011.WAV	0.1447	1.5893	86.133	33	3	2	2	
106	Spectrogram 1	1	177.032565492	177.185766686	56.279	168.838	LH1079388611.WAV	0.1532	2.0325	103.359	33	2	2	2	
107	Spectrogram 1	1	181.364759034	181.517960228	54.836	163.066	LH1079389206.WAV	0.1532	1.3647	103.359	33	2	2	2	
108	Spectrogram 1	1	181.883940857	182.037142051	62.052	155.851	LH1079389206.WAV	0.1532	1.8839	120.586	33	1	2	2	
109	Spectrogram 1	1	189.518472191	189.663162207	62.052	145.749	LH1079389211.WAV	0.1447	4.5185	103.359	33	2	2	2	
110	Spectrogram 1	1	190.463212885	190.607902901	53.393	145.749	LH1079389806.WAV	0.1447	0.4633	86.133	33	2	2	2	
111	Spectrogram 1	1	194.293245583	194.420913244	67.824	158.737	LH1079389806.WAV	0.1277	4.2932	120.586	33	2	2	2	
112	Spectrogram 1	1	195.340120406	195.450765712	64.938	147.192	LH1079389811.WAV	0.1106	0.3401	103.359	33	2	2	2	
113	Spectrogram 1	1	198.455213565	198.548836517	67.824	148.635	LH1079389811.WAV	0.0936	3.4552	103.359	33	2	2	2	
114	Spectrogram 1	1	198.880772436	198.991417743	62.052	147.192	LH1079389811.WAV	0.1106	3.8807	86.133	33	2	2	2	
115	Spectrogram 1	1	199.416976614	199.527621920	57.723	147.192	LH1079389811.WAV	0.1106	4.4170	103.359	33	2	2	2	
116	Spectrogram 1	1	202.744846986	202.846981115	54.836	148.635	LH1079390406.WAV	0.1021	2.7449	103.359	33	2	2	2	
117	Spectrogram 1	1	216.805324684	216.950014700	54.836	152.965	LH1079391011.WAV	0.1447	1.8053	103.359	33	1	2	2	
118	Spectrogram 1	1	217.656442426	217.843688330	56.279	150.079	LH1079391011.WAV	0.1872	2.6565	103.359	33	1	2	2	
119	Spectrogram 1	1	218.524582523	218.660761362	56.279	141.420	LH1079391011.WAV	0.1362	3.5246	103.359	33	3	2	2	
120	Spectrogram 1	1	224.422830382	224.550498043	53.393	154.408	LH1079391606.WAV	0.1277	4.4228	103.359	33	2	2	2	
121	Spectrogram 1	1	239.394002370	239.513158854	63.495	147.192	LH1079392211.WAV	0.1192	4.3940	103.359	33	2	2	2	
122	Spectrogram 1	1	239.785516531	239.887650660	54.836	152.965	LH1079392211.WAV	0.1021	4.7855	103.359	33	2	2	2	
123	Spectrogram 1	1	241.581374967	241.692020274	49.064	154.408	LH1079392806.WAV	0.1106	1.5814	86.133	33	2	2	2	
124	Spectrogram 1	1	244.441130581	244.636887662	64.938	160.180	LH1079392806.WAV	0.1958	4.4412	120.586	33	1	2	2	
125	Spectrogram 1	1	246.568929171	246.671063300	47.621	147.192	LH1079392811.WAV	0.1021	1.5689	103.359	33	2	2	2	
126	Spectrogram 1	1	246.756175074	246.866820380	60.609	147.192	LH1079392811.WAV	0.1106	1.7561	103.359	33	2	2	2	
127	Spectrogram 1	1	253.233184696	253.369363535	66.381	187.598	LH1079393406.WAV	0.1362	3.2332	103.359	33	2	2	2	
128	Spectrogram 1	1	256.875968632	257.054703358	57.723	160.180	LH1079393411.WAV	0.1787	1.8760	103.359	33	1	2	2	
129	Spectrogram 1	1	257.556862826	257.676019310	70.710	152.965	LH1079393411.WAV	0.1192	2.5569	103.359	33	2	2	2	
130	Spectrogram 1	1	260.612377327	260.748556166	60.609	181.826	LH1079394006.WAV	0.1362	0.6124	103.359	33	1	2	2	
131	Spectrogram 1	1	265.514815522	265.719083780	69.267	176.054	LH1079394011.WAV	0.2043	0.5149	103.359	33	2	2	2	
132	Spectrogram 1	1	265.982930280	266.178687361	69.267	191.927	LH1079394011.WAV	0.1958	0.9829	120.586	33	2	2	2	
133	Spectrogram 1	1	267.046827458	267.140450409	67.824	152.965	LH1079394011.WAV	0.0936	2.0468	103.359	33	2	2	2	
134	Spectrogram 1	1	270.698124696	270.876859422	69.267	173.168	LH1079394606.WAV	0.1787	0.6981	103.359	33	2	2	2	
135	Spectrogram 1	1	271.336463003	271.481153019	63.495	180.383	LH1079394606.WAV	0.1447	1.3365	120.586	33	2	2	2	
136	Spectrogram 1	1	272.196091922	272.357804293	72.153	147.192	LH1079394606.WAV	0.1617	2.1961	103.359	33	3	2	2	
137	Spectrogram 1	1	272.604628438	272.783363164	63.495	170.281	LH1079394606.WAV	0.1787	2.6046	103.359	33	2	2	2	
138	Spectrogram 1	1	272.996142600	273.166366148	59.166	196.257	LH1079394606.WAV	0.1702	2.9961	103.359	33	2	2	2	
139	Spectrogram 1	1	273.498302068	273.668525616	67.824	171.724	LH1079394606.WAV	0.1702	3.4983	103.359	33	2	2	2	
140	Spectrogram 1	1	274.000461536	274.119618019	72.153	152.965	LH1079394606.WAV	0.1192	4.0005	103.359	33	3	2	2	
141	Spectrogram 1	1	274.383464519	274.545176890	62.052	161.623	LH1079394606.WAV	0.1617	4.3834	103.359	33	2	2	2	
142	Spectrogram 1	1	275.345227568	275.430339342	63.495	147.192	LH1079394611.WAV	0.0851	0.3452	86.133	33	3	2	2	
143	Spectrogram 1	1	275.575029358	275.694185842	60.609	158.737	LH1079394611.WAV	0.1192	0.5751	103.359	33	2	2	2	
144	Spectrogram 1	1	275.864409391	276.009099407	49.064	163.066	LH1079394611.WAV	0.1447	0.8644	103.359	33	2	2	2	
145	Spectrogram 1	1	277.396422178	277.515578662	64.938	164.509	LH1079394611.WAV	0.1192	2.3964	103.359	33	2	2	2	
146	Spectrogram 1	1	277.787936339	277.958159888	69.267	191.927	LH1079394611.WAV	0.1702	2.7880	103.359	33	2	2	2	
147	Spectrogram 1	1	278.213495210	278.315629339	64.938	155.851	LH1079394611.WAV	0.1021	3.2135	103.359	33	2	2	2	
148	Spectrogram 1	1	278.877367049	279.030568243	69.267	152.965	LH1079394611.WAV	0.1532	3.8773	120.586	33	2	2	2	
149	Spectrogram 1	1	279.396548872	279.507194178	60.609	150.079	LH1079394611.WAV	0.1106	4.3966	103.359	33	2	2	2	
150	Spectrogram 1	1	281.005162997	281.166875368	56.279	177.497	LH1079395206.WAV	0.1617	1.0052	103.359	33	1	2	2	
151	Spectrogram 1	1	281.617967771	281.822236029	56.279	176.054	LH1079395206.WAV	0.2043	1.6179	103.359	33	1	2	2	
152	Spectrogram 1	1	281.975437223	282.120127239	59.166	160.180	LH1079395206.WAV	0.1447	1.9754	86.133	33	1	2	2	
153	Spectrogram 1	1	286.639564357	286.741698486	51.950	147.192	LH1079395211.WAV	0.1021	1.6396	103.359	33	2	2	2	
154	Spectrogram 1	1	287.380036793	287.473659745	57.723	147.192	LH1079395211.WAV	0.0936	2.3800	103.359	33	2	2	2	
155	Spectrogram 1	1	288.111998051	288.290732777	62.052	164.509	LH1079395211.WAV	0.1787	3.1120	103.359	33	2	2	2	
156	Spectrogram 1	1	290.614285383	290.767486577	67.824	142.863	LH1079395806.WAV	0.1532	0.6143	120.586	33	3	2	2	
157	Spectrogram 1	1	291.031333077	291.218578980	69.267	152.965	LH1079395806.WAV	0.1872	1.0313	103.359	33	2	2	2	
158	Spectrogram 1	1	291.499447835	291.593070787	63.495	155.851	LH1079395806.WAV	0.0936	1.4994	103.359	33	2	2	2	
159	Spectrogram 1	1	291.780316690	291.976073771	63.495	151.522	LH1079395806.WAV	0.1958	1.7803	103.359	33	2	2	2	
160	Spectrogram 1	1	292.384610287	292.503766771	69.267	152.965	LH1079395806.WAV	0.1192	2.3846	103.359	33	2	2	2	
161	Spectrogram 1	1	293.150616255	293.269772739	64.938	154.408	LH1079395806.WAV	0.1192	3.1506	103.359	33	2	2	2	
162	Spectrogram 1	1	293.746398675	293.925133400	70.710	155.851	LH1079395806.WAV	0.1787	3.7464	120.586	33	2	2	2	
163	Spectrogram 1	1	294.274091675	294.435804046	62.052	145.749	LH1079395806.WAV	0.1617	4.2740	103.359	33	2	2	2	
164	Spectrogram 1	1	297.218959063	297.406204966	67.824	199.143	LH1079395811.WAV	0.1872	2.2189	120.586	33	2	2	2	
165	Spectrogram 1	1	297.806230305	297.933897966	69.267	190.484	LH1079395811.WAV	0.1277	2.8062	103.359	33	2	2	2	
166	Spectrogram 1	1	300.334052546	300.521298449	57.723	196.257	LH1079396406.WAV	0.1872	0.3340	120.586	33	1	2	2	
167	Spectrogram 1	1	301.942665079	302.104377450	53.393	161.623	LH1079396406.WAV	0.1617	1.9426	103.359	33	2	2	2	
168	Spectrogram 1	1	302.861872240	303.032095789	62.052	158.737	LH1079396406.WAV	0.1702	2.8619	103.359	33	2	2	2	
169	Spectrogram 1	1	305.279046628	305.406714289	51.950	157.294	LH1079396411.WAV	0.1277	0.2790	103.359	33	2	2	2	
170	Spectrogram 1	1	305.815250805	305.959940822	63.495	193.370	LH1079396411.WAV	0.1447	0.8153	120.586	33	2	2	2	
171	Spectrogram 1	1	306.087608483	306.164209080	60.609	152.965	LH1079396411.WAV	0.0766	1.0876	103.359	33	3	2	2	
172	Spectrogram 1	1	306.402522047	306.538700886	56.279	155.851	LH1079396411.WAV	0.1362	1.4025	103.359	33	2	2	2	
173	Spectrogram 1	1	307.508977549	307.662178743	57.723	189.041	LH1079396411.WAV	0.1532	2.5090	103.359	33	2	2	2	
174	Spectrogram 1	1	308.147315856	308.274983517	56.279	147.192	LH1079396411.WAV	0.1277	3.1473	103.359	33	2	2	2	
175	Spectrogram 1	1	308.862254759	308.998433598	64.938	190.484	LH1079396411.WAV	0.1362	3.8622	120.586	33	2	2	2	
176	Spectrogram 1	1	310.300646499	310.462358870	62.052	165.952	LH1079397006.WAV	0.1617	0.3007	103.359	33	2	2	2	
177	Spectrogram 1	1	310.590026531	310.751738902	67.824	145.749	LH1079397006.WAV	0.1617	0.5900	103.359	33	2	2	2	
178	Spectrogram 1	1	310.896428918	311.041118934	46.178	193.370	LH1079397006.WAV	0.1447	0.8965	120.586	33	2	2	2	
179	Spectrogram 1	1	311.364543676	311.585834289	50.507	190.484	LH1079397006.WAV	0.2213	1.3645	103.359	33	1	2	2	
180	Spectrogram 1	1	311.790102547	311.926281386	46.178	191.927	LH1079397006.WAV	0.1362	1.7901	103.359	33	2	2	2	
181	Spectrogram 1	1	312.377373789	312.513552628	64.938	164.509	LH1079397006.WAV	0.1362	2.3773	103.359	33	2	2	2	
182	Spectrogram 1	1	313.671072758	313.883852193	56.279	168.838	LH1079397006.WAV	0.2128	3.6711	103.359	33	1	2	2	
183	Spectrogram 1	1	314.624324629	314.777525822	62.052	193.370	LH1079397006.WAV	0.1532	4.6244	120.586	33	2	2	2	
184	Spectrogram 1	1	315.339263532	315.526509435	60.609	194.813	LH1079397011.WAV	0.1872	0.3392	103.359	33	1	2	2	
185	Spectrogram 1	1	316.096760124	316.224427786	56.279	144.306	LH1079397011.WAV	0.1277	1.0967	103.359	33	2	2	2	
186	Spectrogram 1	1	317.433014980	317.586216173	57.723	183.269	LH1079397011.WAV	0.1532	2.4330	103.359	33	2	2	2	
187	Spectrogram 1	1	317.986241512	318.113909173	53.393	193.370	LH1079397011.WAV	0.1277	2.9863	120.586	33	2	2	2	
188	Spectrogram 1	1	318.505423335	318.667135706	59.166	183.269	LH1079397011.WAV	0.1617	3.5054	120.586	33	2	2	2	
189	Spectrogram 1	1	319.075672222	319.237384593	62.052	190.484	LH1079397011.WAV	0.1617	4.0756	103.359	33	2	2	2	
190	Spectrogram 1	1	319.705499351	319.901256432	53.393	163.066	LH1079397011.WAV	0.1958	4.7056	103.359	33	2	2	2	
191	Spectrogram 1	1	320.684284755	320.863019480	54.836	152.965	LH1079397606.WAV	0.1787	0.6842	86.133	33	2	2	2	
192	Spectrogram 1	1	321.373690126	321.560936029	57.723	197.700	LH1079397606.WAV	0.1872	1.3737	103.359	33	2	2	2	
193	Spectrogram 1	1	322.505676723	322.650366739	64.938	196.257	LH1079397606.WAV	0.1447	2.5057	120.586	33	2	2	2	
194	Spectrogram 1	1	323.552551546	323.697241562	69.267	191.927	LH1079397606.WAV	0.1447	3.5526	120.586	33	2	2	2	
195	Spectrogram 1	1	327.348538584	327.433650358	70.710	180.383	LH1079397611.WAV	0.0851	2.3485	120.586	33	2	2	2	
196	Spectrogram 1	1	327.731541568	327.842186874	69.267	164.509	LH1079397611.WAV	0.1106	2.7315	103.359	33	2	2	2	
197	Spectrogram 1	1	328.012410423	328.140078084	72.153	135.648	LH1079397611.WAV	0.1277	3.0124	103.359	33	2	2	2	
198	Spectrogram 1	1	331.842442495	332.012666043	56.279	161.623	LH1079398206.WAV	0.1702	1.8424	103.359	33	2	2	2	
199	Spectrogram 1	1	332.719093769	332.923362027	54.836	174.611	LH1079398206.WAV	0.2043	2.7190	103.359	33	1	2	2	
200	Spectrogram 1	1	333.374454431	333.544677979	53.393	161.623	LH1079398206.WAV	0.1702	3.3745	103.359	33	1	2	2	
201	Spectrogram 1	1	332.131822527	332.250979011	70.710	144.306	LH1079398206.WAV	0.1192	2.1319	103.359	33	2	2	2	
202	Spectrogram 1	1	333.034007334	333.136141463	56.279	144.306	LH1079398206.WAV	0.1021	3.0340	103.359	33	2	2	2	
203	Spectrogram 1	1	333.817035657	333.944703318	67.824	150.079	LH1079398206.WAV	0.1277	3.8170	103.359	33	2	2	2	
204	Spectrogram 1	1	335.161801689	335.340536415	60.609	163.066	LH1079398211.WAV	0.1787	0.1618	103.359	33	2	2	2	
205	Spectrogram 1	1	336.812971384	336.966172577	64.938	177.497	LH1079398211.WAV	0.1532	1.8129	103.359	33	2	2	2	
206	Spectrogram 1	1	337.502376755	337.681111481	62.052	170.281	LH1079398211.WAV	0.1787	2.5024	103.359	33	2	2	2	
207	Spectrogram 1	1	338.174759771	338.370516852	59.166	193.370	LH1079398211.WAV	0.1958	3.1747	120.586	33	2	2	2	
208	Spectrogram 1	1	339.196101062	339.357813433	62.052	189.041	LH1079398211.WAV	0.1617	4.1961	103.359	33	2	2	2	
209	Spectrogram 1	1	341.655832506	341.783500167	70.710	152.965	LH1079398806.WAV	0.1277	1.6558	120.586	33	3	2	2	
210	Spectrogram 1	1	343.621914490	343.775115684	62.052	154.408	LH1079398806.WAV	0.1532	3.6219	103.359	33	2	2	2	
211	Spectrogram 1	1	344.353875749	344.498565765	64.938	147.192	LH1079398806.WAV	0.1447	4.3539	103.359	33	2	2	2	
212	Spectrogram 1	1	345.664597072	345.792264733	59.166	193.370	LH1079398811.WAV	0.1277	0.6646	120.586	33	2	2	2	
213	Spectrogram 1	1	346.822117201	347.000851927	62.052	193.370	LH1079398811.WAV	0.1787	1.8221	103.359	33	2	2	2	
214	Spectrogram 1	1	347.477477862	347.664723766	59.166	196.257	LH1079398811.WAV	0.1872	2.4774	120.586	33	2	2	2	
215	Spectrogram 1	1	350.515972755	350.677685126	59.166	157.294	LH1079399406.WAV	0.1617	0.5160	103.359	33	2	2	2	
216	Spectrogram 1	1	350.907486916	351.018132222	64.938	191.927	LH1079399406.WAV	0.1106	0.9075	120.586	33	2	2	2	
217	Spectrogram 1	1	351.350068142	351.537314045	57.723	199.143	LH1079399406.WAV	0.1872	1.3501	103.359	33	2	2	2	
218	Spectrogram 1	1	351.962872916	352.082029400	53.393	155.851	LH1079399406.WAV	0.1192	1.9629	103.359	33	2	2	2	
219	Spectrogram 1	1	352.260764126	352.388431787	56.279	152.965	LH1079399406.WAV	0.1277	2.2608	86.133	33	2	2	2	
220	Spectrogram 1	1	352.669300642	352.771434771	59.166	164.509	LH1079399406.WAV	0.1021	2.6693	120.586	33	2	2	2	
221	Spectrogram 1	1	353.460840142	353.588507804	64.938	151.522	LH1079399406.WAV	0.1277	3.4609	103.359	33	2	2	2	
222	Spectrogram 1	1	355.154566249	355.282233910	62.052	174.611	LH1079399411.WAV	0.1277	0.1545	103.359	33	2	2	2	
223	Spectrogram 1	1	355.375856862	355.486502168	49.064	163.066	LH1079399411.WAV	0.1106	0.3759	103.359	33	2	2	2	
224	Spectrogram 1	1	355.775882201	355.954616926	64.938	163.066	LH1079399411.WAV	0.1787	0.7759	120.586	33	2	2	2	
225	Spectrogram 1	1	356.541888169	356.686578185	63.495	152.965	LH1079399411.WAV	0.1447	1.5418	103.359	33	2	2	2	
226	Spectrogram 1	1	357.937721266	358.082411282	72.153	190.484	LH1079399411.WAV	0.1447	2.9378	103.359	33	2	2	2	
227	Spectrogram 1	1	358.397326858	358.627128648	50.507	202.029	LH1079399411.WAV	0.2298	3.3973	103.359	33	1	2	2	
228	Spectrogram 1	1	358.661173358	358.788841019	59.166	165.952	LH1079399411.WAV	0.1277	3.6612	103.359	33	2	2	2	
229	Spectrogram 1	1	359.137799293	359.205888713	62.052	155.851	LH1079399411.WAV	0.0681	4.1378	103.359	33	2	2	2	
230	Spectrogram 1	1	359.844227019	359.988917036	56.279	199.143	LH1079399411.WAV	0.1447	4.8442	103.359	33	2	2	2	
231	Spectrogram 1	1	362.006069472	362.167781843	59.166	161.623	LH1079400006.WAV	0.1617	2.0061	103.359	33	2	2	2	
232	Spectrogram 1	1	362.278427150	362.380561279	70.710	158.737	LH1079400006.WAV	0.1021	2.2785	103.359	33	2	2	2	
233	Spectrogram 1	1	362.559296004	362.712497198	44.735	164.509	LH1079400006.WAV	0.1532	2.5593	120.586	33	2	2	2	
234	Spectrogram 1	1	362.950810166	363.146567247	54.836	186.155	LH1079400006.WAV	0.1958	2.9508	120.586	33	1	2	2	
235	Spectrogram 1	1	363.376369037	363.478503166	59.166	148.635	LH1079400006.WAV	0.1021	3.3764	103.359	33	2	2	2	
236	Spectrogram 1	1	365.342451021	365.487141037	67.824	163.066	LH1079400011.WAV	0.1447	0.3424	103.359	33	2	2	2	
237	Spectrogram 1	1	367.546849149	367.717072698	72.153	194.813	LH1079400011.WAV	0.1702	2.5468	103.359	33	1	2	2	
238	Spectrogram 1	1	367.819206827	367.938363311	53.393	181.826	LH1079400011.WAV	0.1192	2.8192	103.359	33	1	2	2	
239	Spectrogram 1	1	368.100075682	368.295832762	44.735	207.801	LH1079400011.WAV	0.1958	3.1001	120.586	33	1	2	2	
240	Spectrogram 1	1	393.216577084	393.403822988	56.279	171.724	LH1079401806.WAV	0.1872	3.2166	103.359	33	2	2	2	
241	Spectrogram 1	1	394.399630746	394.493253698	49.064	141.420	LH1079401806.WAV	0.0936	4.3997	86.133	33	2	2	2	
242	Spectrogram 1	1	401.744782789	401.855428095	34.634	138.534	LH1079402406.WAV	0.1106	1.7448	86.133	33	2	2	2	
243	Spectrogram 1	1	406.732332758	406.868511597	54.836	139.977	LH1079402411.WAV	0.1362	1.7323	103.359	33	3	2	2	
244	Spectrogram 1	1	409.158018323	409.251641275	41.849	147.192	LH1079402411.WAV	0.0936	4.1580	86.133	33	2	2	2	
245	Spectrogram 1	1	410.962392065	411.192193855	70.710	174.611	LH1079403006.WAV	0.2298	0.9624	103.359	33	2	2	2	
246	Spectrogram 1	1	411.668819791	411.804998630	69.267	152.965	LH1079403006.WAV	0.1362	1.6688	103.359	33	2	2	2	
247	Spectrogram 1	1	412.068845130	412.213535146	75.039	164.509	LH1079403006.WAV	0.1447	2.0688	120.586	33	2	2	2	
248	Spectrogram 1	1	412.460359291	412.613560485	59.166	157.294	LH1079403006.WAV	0.1532	2.4603	103.359	33	2	2	2	
249	Spectrogram 1	1	413.617879420	413.685968840	64.938	135.648	LH1079403006.WAV	0.0681	3.6179	103.359	33	3	2	2	
250	Spectrogram 1	1	413.975348872	414.128550066	56.279	177.497	LH1079403006.WAV	0.1532	3.9754	103.359	33	2	2	2	
251	Spectrogram 1	1	414.392396566	414.503041872	62.052	180.383	LH1079403006.WAV	0.1106	4.3924	120.586	33	2	2	2	
252	Spectrogram 1	1	414.826466614	414.937111921	66.381	165.952	LH1079403006.WAV	0.1106	4.8264	103.359	33	2	2	2	
253	Spectrogram 1	1	415.158402534	415.303092550	56.279	186.155	LH1079403011.WAV	0.1447	0.1584	120.586	33	2	2	2	
254	Spectrogram 1	1	415.558427873	415.660562002	72.153	174.611	LH1079403011.WAV	0.1021	0.5584	103.359	33	2	2	2	
255	Spectrogram 1	1	417.558559542	417.762827800	62.052	164.509	LH1079403011.WAV	0.2043	2.5585	120.586	33	2	2	2	
256	Spectrogram 1	1	418.052207833	418.162853139	63.495	187.598	LH1079403011.WAV	0.1106	3.0522	103.359	33	2	2	2	
257	Spectrogram 1	1	418.460744349	418.613945542	51.950	155.851	LH1079403011.WAV	0.1532	3.4608	103.359	33	2	2	2	
258	Spectrogram 1	1	418.724590849	418.894814397	60.609	174.611	LH1079403011.WAV	0.1702	3.7246	103.359	33	2	2	2	
259	Spectrogram 1	1	419.133127365	419.354417978	62.052	189.041	LH1079403011.WAV	0.2213	4.1331	120.586	33	2	2	2	
260	Spectrogram 1	1	419.831043914	419.967222752	54.836	191.927	LH1079403011.WAV	0.1362	4.8311	103.359	33	2	2	2	
261	Spectrogram 1	1	420.631094591	420.852385204	57.723	164.509	LH1079403606.WAV	0.2213	0.6311	103.359	33	1	2	2	
262	Spectrogram 1	1	420.920474624	421.124742882	53.393	164.509	LH1079403606.WAV	0.2043	0.9205	120.586	33	2	2	2	
263	Spectrogram 1	1	421.311988785	421.584346462	62.052	196.257	LH1079403606.WAV	0.2724	1.3120	103.359	33	1	2	2	
264	Spectrogram 1	1	421.788614721	421.967349446	62.052	193.370	LH1079403606.WAV	0.1787	1.7887	103.359	33	2	2	2	
265	Spectrogram 1	1	422.112039463	422.316307721	56.279	161.623	LH1079403606.WAV	0.2043	2.1120	103.359	33	1	2	2	
266	Spectrogram 1	1	422.529087156	422.690799527	64.938	196.257	LH1079403606.WAV	0.1617	2.5291	120.586	33	1	2	2	
267	Spectrogram 1	1	422.912090140	423.073802511	62.052	193.370	LH1079403606.WAV	0.1617	2.9121	120.586	33	1	2	2	
268	Spectrogram 1	1	423.218492527	423.346160189	67.824	193.370	LH1079403606.WAV	0.1277	3.2185	103.359	33	2	2	2	
269	Spectrogram 1	1	423.865342011	424.044076737	36.077	152.965	LH1079403606.WAV	0.1787	3.8653	86.133	33	2	2	2	
270	Spectrogram 1	1	424.256856173	424.401546189	47.621	189.041	LH1079403606.WAV	0.1447	4.2568	103.359	33	1	2	2	
271	Spectrogram 1	1	424.478146786	424.673903866	57.723	152.965	LH1079403606.WAV	0.1958	4.4781	103.359	33	2	2	2	
272	Spectrogram 1	1	425.805894592	425.967606963	59.166	152.965	LH1079403611.WAV	0.1617	0.8059	103.359	33	2	2	2	
273	Spectrogram 1	1	426.180386399	426.316565237	66.381	155.851	LH1079403611.WAV	0.1362	1.1804	103.359	33	2	2	2	
274	Spectrogram 1	1	426.682545866	426.869791770	60.609	187.598	LH1079403611.WAV	0.1872	1.6825	103.359	33	1	2	2	
275	Spectrogram 1	1	427.218750044	427.320884173	69.267	163.066	LH1079403611.WAV	0.1021	2.2187	120.586	33	1	2	2	
276	Spectrogram 1	1	428.435848415	428.631605496	46.178	181.826	LH1079403611.WAV	0.1958	3.4358	103.359	33	1	2	2	
277	Spectrogram 1	1	428.810340222	428.946519061	54.836	161.623	LH1079403611.WAV	0.1362	3.8103	103.359	33	2	2	2	
278	Spectrogram 1	1	429.167809674	429.312499690	53.393	160.180	LH1079403611.WAV	0.1447	4.1678	103.359	33	2	2	2	
279	Spectrogram 1	1	429.346544399	429.414633819	50.507	158.737	LH1079403611.WAV	0.0681	4.3466	103.359	33	2	2	2	
280	Spectrogram 1	1	429.508256770	429.678480319	53.393	189.041	LH1079403611.WAV	0.1702	4.5083	120.586	33	2	2	2	
281	Spectrogram 1	1	429.848705984	429.967862468	59.166	200.586	LH1079403611.WAV	0.1192	4.8488	103.359	33	2	2	2	
282	Spectrogram 1	1	430.597689598	430.801957856	63.495	177.497	LH1079404206.WAV	0.2043	0.5977	103.359	33	2	2	2	
283	Spectrogram 1	1	430.887069630	431.065804356	59.166	142.863	LH1079404206.WAV	0.1787	0.8871	103.359	33	2	2	2	
284	Spectrogram 1	1	431.219005549	431.423273807	50.507	161.623	LH1079404206.WAV	0.2043	1.2190	103.359	33	1	2	2	
285	Spectrogram 1	1	431.602008533	431.797765614	59.166	165.952	LH1079404206.WAV	0.1958	1.6020	103.359	33	1	2	2	
286	Spectrogram 1	1	432.019056227	432.189279775	59.166	199.143	LH1079404206.WAV	0.1702	2.0190	120.586	33	2	2	2	
287	Spectrogram 1	1	432.504193340	432.699950421	56.279	189.041	LH1079404206.WAV	0.1958	2.5042	120.586	33	2	2	2	
288	Spectrogram 1	1	432.836129259	432.989330453	57.723	180.383	LH1079404206.WAV	0.1532	2.8362	103.359	33	2	2	2	
289	Spectrogram 1	1	433.193598711	433.346799905	60.609	170.281	LH1079404206.WAV	0.1532	3.1937	103.359	33	1	2	2	
290	Spectrogram 1	1	433.346799905	433.525534631	62.052	158.737	LH1079404206.WAV	0.1787	3.3468	120.586	33	1	2	2	
291	Spectrogram 1	1	433.806403485	433.934071147	69.267	197.700	LH1079404206.WAV	0.1277	3.8063	103.359	33	2	2	2	
292	Spectrogram 1	1	434.342607663	434.546875921	62.052	199.143	LH1079404206.WAV	0.2043	4.3426	120.586	33	1	2	2	
293	Spectrogram 1	1	434.717102857	434.853281696	59.166	174.611	LH1079404206.WAV	0.1362	4.7171	103.359	33	2	2	2	
294	Spectrogram 1	1	435.449064115	435.585242954	59.166	165.952	LH1079404211.WAV	0.1362	0.4491	103.359	33	2	2	2	
295	Spectrogram 1	1	436.206558906	436.359760099	64.938	203.472	LH1079404211.WAV	0.1532	1.2066	103.359	33	1	2	2	
296	Spectrogram 1	1	438.130085003	438.257752664	60.609	170.281	LH1079404211.WAV	0.1277	3.1300	120.586	33	2	2	2	
297	Spectrogram 1	1	439.117381584	439.270582778	60.609	164.509	LH1079404211.WAV	0.1532	4.1173	103.359	33	2	2	2	
298	Spectrogram 1	1	439.457828681	439.542940455	64.938	151.522	LH1079404211.WAV	0.0851	4.4578	103.359	33	2	2	2	
299	Spectrogram 1	1	439.730190169	439.891902540	62.052	168.838	LH1079404211.WAV	0.1617	4.7302	103.359	33	1	2	2	
300	Spectrogram 1	1	440.615352621	440.777064992	56.279	193.370	LH1079404806.WAV	0.1617	0.6153	120.586	33	2	2	2	
301	Spectrogram 1	1	441.364336234	441.517537428	56.279	158.737	LH1079404806.WAV	0.1532	1.3643	103.359	33	2	2	2	
302	Spectrogram 1	1	443.032527009	443.228284090	57.723	189.041	LH1079404806.WAV	0.1958	3.0325	103.359	33	2	2	2	
303	Spectrogram 1	1	444.019823590	444.130468896	53.393	151.522	LH1079404806.WAV	0.1106	4.0198	103.359	33	2	2	2	
304	Spectrogram 1	1	445.688014364	445.892282623	54.836	173.168	LH1079404811.WAV	0.2043	0.6880	103.359	33	1	2	2	
305	Spectrogram 1	1	446.437001365	446.700847865	47.621	190.484	LH1079404811.WAV	0.2638	1.4370	103.359	33	1	2	2	
306	Spectrogram 1	1	446.862560236	447.126406736	66.381	191.927	LH1079404811.WAV	0.2638	1.8626	120.586	33	1	2	2	
307	Spectrogram 1	1	447.288119107	447.475365010	50.507	167.395	LH1079404811.WAV	0.1872	2.2881	103.359	33	1	2	2	
308	Spectrogram 1	1	447.594521494	447.730700333	50.507	168.838	LH1079404811.WAV	0.1362	2.5946	103.359	33	1	2	2	
309	Spectrogram 1	1	448.054125075	448.190303914	53.393	197.700	LH1079404811.WAV	0.1362	3.0541	120.586	33	1	2	2	
310	Spectrogram 1	1	448.471172769	448.598840430	60.609	184.712	LH1079404811.WAV	0.1277	3.4712	120.586	33	2	2	2	
311	Spectrogram 1	1	448.837153398	449.083977543	56.279	190.484	LH1079404811.WAV	0.2468	3.8372	120.586	33	2	2	2	
312	Spectrogram 1	1	449.194622850	449.390379930	59.166	168.838	LH1079404811.WAV	0.1958	4.1947	103.359	33	1	2	2	
313	Spectrogram 1	1	449.577625834	449.696782317	56.279	142.863	LH1079404811.WAV	0.1192	4.5777	103.359	33	2	2	2	
314	Spectrogram 1	1	450.624504467	450.743660951	54.836	152.965	LH1079405406.WAV	0.1192	0.6245	103.359	33	1	2	2	
315	Spectrogram 1	1	452.360784661	452.471429968	69.267	187.598	LH1079405406.WAV	0.1106	2.3608	103.359	33	2	2	2	
316	Spectrogram 1	1	452.862944129	453.058701210	60.609	131.319	LH1079405406.WAV	0.1958	2.8629	103.359	33	2	2	2	
317	Spectrogram 1	1	453.271480645	453.475748904	60.609	193.370	LH1079405406.WAV	0.2043	3.2714	103.359	33	1	2	2	
318	Spectrogram 1	1	453.688528339	453.824707178	60.609	190.484	LH1079405406.WAV	0.1362	3.6885	120.586	33	2	2	2	
319	Spectrogram 1	1	454.028975436	454.148131920	50.507	152.965	LH1079405406.WAV	0.1192	4.0290	103.359	33	2	2	2	
320	Spectrogram 1	1	454.420489597	454.556668436	59.166	168.838	LH1079405406.WAV	0.1362	4.4205	103.359	33	1	2	2	
321	Spectrogram 1	1	455.637587969	455.756744453	60.609	148.635	LH1079405411.WAV	0.1192	0.6376	103.359	33	2	2	2	
322	Spectrogram 1	1	457.748359969	457.901561163	64.938	196.257	LH1079405411.WAV	0.1532	2.7484	120.586	33	2	2	2	
323	Spectrogram 1	1	458.446276518	458.625011244	59.166	187.598	LH1079405411.WAV	0.1787	3.4463	120.586	33	2	2	2	
324	Spectrogram 1	1	459.161220820	459.331444368	59.166	193.370	LH1079405411.WAV	0.1702	4.1612	103.359	33	1	2	2	
325	Spectrogram 1	1	459.850626191	460.003827385	59.166	189.041	LH1079405411.WAV	0.1532	4.8507	103.359	33	1	2	2	
326	Spectrogram 1	1	460.625143337	460.795366885	53.393	157.294	LH1079406006.WAV	0.1702	0.6252	103.359	33	1	2	2	
327	Spectrogram 1	1	461.050702208	461.203903401	54.836	196.257	LH1079406006.WAV	0.1532	1.0507	103.359	33	2	2	2	
328	Spectrogram 1	1	465.195649846	465.348851040	59.166	154.408	LH1079406011.WAV	0.1532	0.1957	103.359	33	2	2	2	
329	Spectrogram 1	1	465.808454621	465.953144637	69.267	167.395	LH1079406011.WAV	0.1447	0.8085	120.586	33	2	2	2	
330	Spectrogram 1	1	466.114857008	466.285080556	43.292	155.851	LH1079406011.WAV	0.1702	1.1149	103.359	33	2	2	2	
331	Spectrogram 1	1	466.787240024	466.914907685	50.507	145.749	LH1079406011.WAV	0.1277	1.7872	103.359	33	2	2	2	
332	Spectrogram 1	1	470.540669267	470.668336928	56.279	134.205	LH1079406606.WAV	0.1277	0.5407	86.133	33	2	2	2	
333	Spectrogram 1	1	470.855582832	471.025806380	47.621	151.522	LH1079406606.WAV	0.1702	0.8556	86.133	33	3	2	2	
334	Spectrogram 1	1	471.153474041	471.306675235	56.279	152.965	LH1079406606.WAV	0.1532	1.1535	103.359	33	2	2	2	
335	Spectrogram 1	1	471.332208767	471.459876429	56.279	163.066	LH1079406606.WAV	0.1277	1.3322	120.586	33	2	2	2	
336	Spectrogram 1	1	477.911354842	478.064556036	57.723	160.180	LH1079406611.WAV	0.1532	2.9113	120.586	33	1	2	2	
337	Spectrogram 1	1	485.613975384	485.733131868	50.507	199.143	LH1079407211.WAV	0.1192	0.6139	120.586	33	1	2	2	
338	Spectrogram 1	1	486.201246626	486.405514884	53.393	204.915	LH1079407211.WAV	0.2043	1.2012	103.359	33	1	2	2	
339	Spectrogram 1	1	486.916185530	487.060875546	51.950	150.079	LH1079407211.WAV	0.1447	1.9162	103.359	33	2	2	2	
340	Spectrogram 1	1	488.039660949	488.252440385	56.279	148.635	LH1079407211.WAV	0.2128	3.0397	103.359	33	2	2	2	
341	Spectrogram 1	1	490.397260800	490.567484349	60.609	176.054	LH1079407806.WAV	0.1702	0.3973	103.359	33	2	2	2	
342	Spectrogram 1	1	490.754730252	490.924953800	57.723	158.737	LH1079407806.WAV	0.1702	0.7548	103.359	33	1	2	2	
343	Spectrogram 1	1	491.171777946	491.299445607	54.836	164.509	LH1079407806.WAV	0.1277	1.1718	103.359	33	1	2	2	
344	Spectrogram 1	1	492.559099865	492.661233994	49.064	147.192	LH1079407806.WAV	0.1021	2.5591	103.359	33	2	2	2	
345	Spectrogram 1	1	494.763494817	494.916696011	53.393	154.408	LH1079407806.WAV	0.1532	4.7635	103.359	33	2	2	2	
346	Spectrogram 1	1	495.835906349	495.963574010	64.938	141.420	LH1079407811.WAV	0.1277	0.8359	86.133	33	3	2	2	
347	Spectrogram 1	1	496.210398156	496.312532285	63.495	155.851	LH1079407811.WAV	0.1021	1.2104	103.359	33	3	2	2	
348	Spectrogram 1	1	499.393578511	499.555290882	56.279	184.712	LH1079407811.WAV	0.1617	4.3935	103.359	33	2	2	2	
349	Spectrogram 1	1	499.785092673	499.929782689	59.166	194.813	LH1079407811.WAV	0.1447	4.7851	103.359	33	1	2	2	
350	Spectrogram 1	1	500.372363915	500.568120995	59.166	161.623	LH1079408406.WAV	0.1958	0.3723	103.359	33	1	2	2	
351	Spectrogram 1	1	500.874523383	501.104325173	57.723	167.395	LH1079408406.WAV	0.2298	0.8745	103.359	33	1	2	2	
352	Spectrogram 1	1	501.266037544	501.427749915	53.393	174.611	LH1079408406.WAV	0.1617	1.2660	86.133	33	2	2	2	
353	Spectrogram 1	1	501.768197012	501.980976447	62.052	202.029	LH1079408406.WAV	0.2128	1.7681	103.359	33	1	2	2	
354	Spectrogram 1	1	502.168222351	502.329934722	60.609	176.054	LH1079408406.WAV	0.1617	2.1683	103.359	33	1	2	2	
355	Spectrogram 1	1	502.602295575	502.772519123	60.609	199.143	LH1079408406.WAV	0.1702	2.6023	103.359	33	1	2	2	
356	Spectrogram 1	1	503.104455043	503.308723301	64.938	196.257	LH1079408406.WAV	0.2043	3.1044	103.359	33	2	2	2	
357	Spectrogram 1	1	503.504480382	503.700237462	51.950	161.623	LH1079408406.WAV	0.1958	3.5045	86.133	33	2	2	2	
358	Spectrogram 1	1	503.981106317	504.151329866	62.052	197.700	LH1079408406.WAV	0.1702	3.9811	120.586	33	1	2	2	
359	Spectrogram 1	1	504.781156995	504.908824656	46.178	144.306	LH1079408406.WAV	0.1277	4.7812	103.359	33	2	2	2	
360	Spectrogram 1	1	507.394088463	507.496222592	51.950	147.192	LH1079408411.WAV	0.1021	2.3941	86.133	33	2	2	2	
361	Spectrogram 1	1	507.853694904	508.015407275	51.950	197.700	LH1079408411.WAV	0.1617	2.8537	120.586	33	1	2	2	
362	Spectrogram 1	1	508.517566743	508.721835001	54.836	178.940	LH1079408411.WAV	0.2043	3.5176	103.359	33	1	2	2	
363	Spectrogram 1	1	508.900569727	509.002703856	62.052	155.851	LH1079408411.WAV	0.1021	3.9006	103.359	33	2	2	2	
364	Spectrogram 1	1	509.292083888	509.394218017	69.267	142.863	LH1079408411.WAV	0.1021	4.2921	120.586	33	3	2	2	
365	Spectrogram 1	1	510.773028759	511.045386437	46.178	197.700	LH1079409006.WAV	0.2724	0.7730	120.586	33	1	2	2	
366	Spectrogram 1	1	511.402855888	511.530523550	57.723	147.192	LH1079409006.WAV	0.1277	1.4028	103.359	33	2	2	2	
367	Spectrogram 1	1	514.790306940	514.960530488	37.520	199.143	LH1079409006.WAV	0.1702	4.7904	103.359	33	1	2	2	
368	Spectrogram 1	1	515.275444053	515.420134069	69.267	190.484	LH1079409011.WAV	0.1447	0.2754	103.359	33	2	2	2	
369	Spectrogram 1	1	515.718025279	515.811648230	53.393	147.192	LH1079409011.WAV	0.0936	0.7180	103.359	33	2	2	2	
370	Spectrogram 1	1	516.160606505	516.347852408	56.279	199.143	LH1079409011.WAV	0.1872	1.1607	120.586	33	1	2	2	
371	Spectrogram 1	1	516.679788327	516.875545408	63.495	196.257	LH1079409011.WAV	0.1958	1.6798	120.586	33	2	2	2	
372	Spectrogram 1	1	525.659084749	525.846330652	70.710	197.700	LH1079409611.WAV	0.1872	0.6591	103.359	33	2	2	2	
373	Spectrogram 1	1	532.723365083	532.893588631	36.077	148.635	LH1079410206.WAV	0.1702	2.7234	103.359	33	2	2	2	
374	Spectrogram 1	1	538.910993401	539.064194594	56.279	152.965	LH1079410211.WAV	0.1532	3.9110	103.359	33	2	2	2	
375	Spectrogram 1	1	539.353574627	539.481242288	56.279	144.306	LH1079410211.WAV	0.1277	4.3536	86.133	33	2	2	2	
376	Spectrogram 1	1	539.813178207	539.906801159	53.393	144.306	LH1079410211.WAV	0.0936	4.8132	103.359	33	2	2	2	
377	Spectrogram 1	1	543.021892095	543.141048579	60.609	147.192	LH1079410806.WAV	0.1192	3.0219	103.359	33	2	2	2	
378	Spectrogram 1	1	543.481495676	543.643208047	51.950	164.509	LH1079410806.WAV	0.1617	3.4815	103.359	33	2	2	2	
379	Spectrogram 1	1	543.975143966	544.136856338	56.279	147.192	LH1079410806.WAV	0.1617	3.9752	103.359	33	2	2	2	
380	Spectrogram 1	1	544.511348144	544.621993451	57.723	134.205	LH1079410806.WAV	0.1106	4.5113	103.359	33	2	2	2	
381	Spectrogram 1	1	545.634825365	545.719937140	59.166	145.749	LH1079410811.WAV	0.0851	0.6348	103.359	33	2	2	2	
382	Spectrogram 1	1	562.052892340	562.214604711	51.950	151.522	LH1079412006.WAV	0.1617	2.0529	86.133	33	2	2	2	
383	Spectrogram 1	1	582.275458586	582.420148602	31.747	147.192	LH1079413206.WAV	0.1447	2.2755	86.133	33	2	2	2	
384	Spectrogram 1	1	592.080337733	592.208005394	49.064	168.838	LH1079413806.WAV	0.1277	2.0804	103.359	33	2	2	2	
385	Spectrogram 1	1	592.386740120	592.514407781	72.153	158.737	LH1079413806.WAV	0.1277	2.3867	120.586	33	2	2	2	
386	Spectrogram 1	1	592.871877233	593.008056072	54.836	155.851	LH1079413806.WAV	0.1362	2.8719	103.359	33	2	2	2	
387	Spectrogram 1	1	593.016567249	593.152746088	67.824	145.749	LH1079413806.WAV	0.1362	3.0166	103.359	33	2	2	2	
388	Spectrogram 1	1	599.740400381	599.859556865	47.621	157.294	LH1079413811.WAV	0.1192	4.7404	103.359	33	2	2	2	
389	Spectrogram 1	1	602.668245414	602.838468962	34.634	157.294	LH1079414406.WAV	0.1702	2.6683	86.133	33	2	2	2	
390	Spectrogram 1	1	605.323734995	605.434380302	56.279	150.079	LH1079414411.WAV	0.1106	0.3237	103.359	33	3	2	2	
391	Spectrogram 1	1	609.724013722	609.809125497	56.279	148.635	LH1079414411.WAV	0.0851	4.7240	103.359	33	2	2	2	
392	Spectrogram 1	1	612.473127103	612.566750055	51.950	144.306	LH1079415006.WAV	0.0936	2.4731	86.133	33	3	2	2	
393	Spectrogram 1	1	613.954071974	614.073228458	62.052	145.749	LH1079415006.WAV	0.1192	3.9541	103.359	33	3	2	2	
394	Spectrogram 1	1	615.826531007	615.945687491	54.836	147.192	LH1079415011.WAV	0.1192	0.8265	103.359	33	2	2	2	
395	Spectrogram 1	1	616.047821620	616.158466927	54.836	147.192	LH1079415011.WAV	0.1106	1.0478	103.359	33	2	2	2	
396	Spectrogram 1	1	616.337201652	616.507425201	51.950	148.635	LH1079415011.WAV	0.1702	1.3372	103.359	33	2	2	2	
397	Spectrogram 1	1	618.184129485	618.303285969	57.723	142.863	LH1079415011.WAV	0.1192	3.1841	103.359	33	3	2	2	
398	Spectrogram 1	1	618.601177178	618.720333662	72.153	145.749	LH1079415011.WAV	0.1192	3.6011	103.359	33	3	2	2	
399	Spectrogram 1	1	640.874936233	641.019626249	70.710	158.737	LH1079416806.WAV	0.1447	0.8749	103.359	33	2	2	2	
400	Spectrogram 1	1	641.096226846	641.232405685	64.938	147.192	LH1079416806.WAV	0.1362	1.0963	103.359	33	3	2	2	
401	Spectrogram 1	1	641.343050991	641.479229830	56.279	167.395	LH1079416806.WAV	0.1362	1.3431	103.359	33	2	2	2	
402	Spectrogram 1	1	647.173208903	647.317898919	49.064	150.079	LH1079416811.WAV	0.1447	2.1732	103.359	33	2	2	2	
403	Spectrogram 1	1	650.943663044	651.079841883	62.052	144.306	LH1079417406.WAV	0.1362	0.9437	103.359	33	2	2	2	
404	Spectrogram 1	1	656.390816594	656.501461900	56.279	148.635	LH1079417411.WAV	0.1106	1.3908	103.359	33	2	2	2	
405	Spectrogram 1	1	660.314470557	660.433627041	54.836	147.192	LH1079418006.WAV	0.1192	0.3145	103.359	33	2	2	2	
406	Spectrogram 1	1	664.016835066	664.101946840	63.495	147.192	LH1079418006.WAV	0.0851	4.0168	103.359	33	2	2	2	
407	Spectrogram 1	1	664.255148034	664.348770986	66.381	137.091	LH1079418006.WAV	0.0936	4.2551	103.359	33	2	2	2	
408	Spectrogram 1	1	665.812693502	665.923338808	63.495	129.876	LH1079418011.WAV	0.1106	0.8127	103.359	33	2	2	2	
