Selection	View	Channel	Begin Time (s)	End Time (s)	Low Freq (Hz)	High Freq (Hz)	Begin File	Delta Time (s)	File Offset (s)	Peak Freq (Hz)	call variant	level	call cutoff @ end	calls overlap	Notes
1	Spectrogram 1	1	1.089430710	1.242631904	53.393	147.192	LH1079619606.WAV	0.1532	1.0895	86.133	33	2	2	2	
2	Spectrogram 1	1	1.395833097	1.540523113	56.279	170.281	LH1079619606.WAV	0.1447	1.3958	103.359	33	1	2	2	
3	Spectrogram 1	1	1.719257839	1.838414323	56.279	152.965	LH1079619606.WAV	0.1192	1.7193	103.359	33	2	2	2	
4	Spectrogram 1	1	2.587397936	2.766132662	57.723	160.180	LH1079619606.WAV	0.1787	2.5874	120.586	33	2	2	2	
5	Spectrogram 1	1	2.902311501	2.995934452	59.166	152.965	LH1079619606.WAV	0.0936	2.9023	103.359	33	2	2	2	
6	Spectrogram 1	1	3.047001517	3.157646823	57.723	150.079	LH1079619606.WAV	0.1106	3.0471	86.133	33	2	2	2	
7	Spectrogram 1	1	3.659806291	3.770451598	60.609	164.509	LH1079619606.WAV	0.1106	3.6598	103.359	33	2	2	2	
8	Spectrogram 1	1	4.110898695	4.289633420	57.723	158.737	LH1079619606.WAV	0.1787	4.1109	86.133	33	1	2	2	
9	Spectrogram 1	1	4.366234017	4.527946388	60.609	160.180	LH1079619606.WAV	0.1617	4.3662	103.359	33	1	2	2	
10	Spectrogram 1	1	4.672636404	4.791792888	60.609	154.408	LH1079619606.WAV	0.1192	4.6727	103.359	33	1	2	2	
11	Spectrogram 1	1	5.353530598	5.515242969	60.609	154.408	LH1079619611.WAV	0.1617	0.3535	103.359	33	1	2	2	
12	Spectrogram 1	1	6.306782469	6.417427776	66.381	152.965	LH1079619611.WAV	0.1106	1.3068	103.359	33	1	2	2	
13	Spectrogram 1	1	6.808941937	6.953631953	62.052	151.522	LH1079619611.WAV	0.1447	1.8090	86.133	33	1	2	2	
14	Spectrogram 1	1	7.064277260	7.225989631	50.507	152.965	LH1079619611.WAV	0.1617	2.0643	86.133	33	1	2	2	
15	Spectrogram 1	1	7.319612582	7.396213179	75.039	173.168	LH1079619611.WAV	0.0766	2.3196	120.586	33	2	2	2	
16	Spectrogram 1	1	8.230308567	8.306909163	59.166	135.648	LH1079619611.WAV	0.0766	3.2303	86.133	33	2	2	2	
17	Spectrogram 1	1	8.485643889	8.672889793	63.495	163.066	LH1079619611.WAV	0.1872	3.4856	120.586	33	2	2	2	
18	Spectrogram 1	1	8.826090986	8.970781002	60.609	154.408	LH1079619611.WAV	0.1447	3.8261	103.359	33	1	2	2	
19	Spectrogram 1	1	9.200582793	9.387828696	60.609	148.635	LH1079619611.WAV	0.1872	4.2006	103.359	33	2	2	2	
20	Spectrogram 1	1	9.779344133	9.932545326	66.381	160.180	LH1079619611.WAV	0.1532	4.7794	120.586	33	1	2	2	
21	Spectrogram 1	1	10.392148907	10.553861278	63.495	155.851	LH1079620206.WAV	0.1617	0.3922	103.359	33	2	2	2	
22	Spectrogram 1	1	11.064531923	11.183688407	66.381	142.863	LH1079620206.WAV	0.1192	1.0645	86.133	33	3	2	2	
23	Spectrogram 1	1	11.311356069	11.464557262	59.166	148.635	LH1079620206.WAV	0.1532	1.3113	103.359	33	2	2	2	
24	Spectrogram 1	1	11.677336698	11.787982004	56.279	144.306	LH1079620206.WAV	0.1106	1.6773	103.359	33	2	2	2	
25	Spectrogram 1	1	12.400786778	12.519943262	49.064	152.965	LH1079620206.WAV	0.1192	2.4008	86.133	33	2	2	2	
26	Spectrogram 1	1	12.673145940	12.843369489	62.052	150.079	LH1079620206.WAV	0.1702	2.6731	103.359	33	1	2	2	
27	Spectrogram 1	1	12.945503618	13.081682456	57.723	158.737	LH1079620206.WAV	0.1362	2.9455	103.359	33	1	2	2	
28	Spectrogram 1	1	13.234883650	13.456174263	53.393	158.737	LH1079620206.WAV	0.2213	3.2349	86.133	33	2	2	2	
29	Spectrogram 1	1	13.558308392	13.737043118	57.723	145.749	LH1079620206.WAV	0.1787	3.5583	86.133	33	2	2	2	
30	Spectrogram 1	1	13.864710779	13.966844908	53.393	150.079	LH1079620206.WAV	0.1021	3.8647	103.359	33	2	2	2	
31	Spectrogram 1	1	14.188135521	14.307292005	56.279	147.192	LH1079620206.WAV	0.1192	4.1881	103.359	33	2	2	2	
32	Spectrogram 1	1	14.537093795	14.664761457	51.950	147.192	LH1079620206.WAV	0.1277	4.5371	103.359	33	2	2	2	
33	Spectrogram 1	1	14.783917941	14.928607957	64.938	158.737	LH1079620206.WAV	0.1447	4.7839	103.359	33	2	2	2	
34	Spectrogram 1	1	15.754192167	15.915904538	56.279	151.522	LH1079620211.WAV	0.1617	0.7542	103.359	33	2	2	2	
35	Spectrogram 1	1	17.005336732	17.175560280	51.950	157.294	LH1079620211.WAV	0.1702	2.0053	103.359	33	1	2	2	
36	Spectrogram 1	1	18.043700377	18.145834506	51.950	152.965	LH1079620211.WAV	0.1021	3.0437	86.133	33	2	2	2	
37	Spectrogram 1	1	18.290524523	18.435214539	51.950	145.749	LH1079620211.WAV	0.1447	3.2905	103.359	33	1	2	2	
38	Spectrogram 1	1	18.528837490	18.673527506	64.938	155.851	LH1079620211.WAV	0.1447	3.5288	103.359	33	2	2	2	
39	Spectrogram 1	1	18.962907539	19.056530490	59.166	144.306	LH1079620211.WAV	0.0936	3.9629	103.359	33	2	2	2	
40	Spectrogram 1	1	19.218242861	19.345910523	54.836	152.965	LH1079620211.WAV	0.1277	4.2183	86.133	33	2	2	2	
41	Spectrogram 1	1	19.507622894	19.626779378	57.723	160.180	LH1079620211.WAV	0.1192	4.5076	103.359	33	2	2	2	
42	Spectrogram 1	1	22.137578520	22.265246182	54.836	152.965	LH1079620806.WAV	0.1277	2.1375	86.133	33	1	2	2	
43	Spectrogram 1	1	23.303609827	23.422766311	56.279	167.395	LH1079620806.WAV	0.1192	3.3036	103.359	33	2	2	2	
44	Spectrogram 1	1	23.567456327	23.712146343	60.609	164.509	LH1079620806.WAV	0.1447	3.5675	86.133	33	2	2	2	
45	Spectrogram 1	1	23.873858714	24.001526376	56.279	163.066	LH1079620806.WAV	0.1277	3.8738	103.359	33	1	2	2	
46	Spectrogram 1	1	24.146216392	24.273884053	56.279	157.294	LH1079620806.WAV	0.1277	4.1463	103.359	33	1	2	2	
47	Spectrogram 1	1	25.593116553	25.746317747	54.836	150.079	LH1079620811.WAV	0.1532	0.5931	103.359	33	2	2	2	
48	Spectrogram 1	1	25.899518941	26.069742489	56.279	158.737	LH1079620811.WAV	0.1702	0.8995	103.359	33	2	2	2	
49	Spectrogram 1	1	26.214432505	26.316566634	56.279	158.737	LH1079620811.WAV	0.1021	1.2144	103.359	33	2	2	2	
50	Spectrogram 1	1	26.418700763	26.546368425	53.393	158.737	LH1079620811.WAV	0.1277	1.4187	86.133	33	2	2	2	
51	Spectrogram 1	1	26.699569618	26.818726102	51.950	158.737	LH1079620811.WAV	0.1192	1.6995	86.133	33	2	2	2	
52	Spectrogram 1	1	26.971927296	27.099594957	57.723	147.192	LH1079620811.WAV	0.1277	1.9719	86.133	33	2	2	2	
53	Spectrogram 1	1	27.176195554	27.363441457	54.836	152.965	LH1079620811.WAV	0.1872	2.1762	86.133	33	2	2	2	
54	Spectrogram 1	1	27.550687360	27.652821489	56.279	152.965	LH1079620811.WAV	0.1021	2.5507	86.133	33	2	2	2	
55	Spectrogram 1	1	27.823045038	27.925179167	60.609	158.737	LH1079620811.WAV	0.1021	2.8230	86.133	33	2	2	2	
56	Spectrogram 1	1	28.333715683	28.435849812	56.279	151.522	LH1079620811.WAV	0.1021	3.3337	86.133	33	2	2	2	
57	Spectrogram 1	1	28.631606893	28.767785732	53.393	152.965	LH1079620811.WAV	0.1362	3.6316	86.133	33	2	2	2	
58	Spectrogram 1	1	29.295481702	29.372082298	82.255	150.079	LH1079620811.WAV	0.0766	4.2955	120.586	33	3	2	2	
59	Spectrogram 1	1	29.661462331	29.738062927	66.381	147.192	LH1079620811.WAV	0.0766	4.6615	86.133	33	3	2	2	
60	Spectrogram 1	1	30.384912411	30.521091250	50.507	137.091	LH1079621406.WAV	0.1362	0.3849	103.359	33	2	2	2	
61	Spectrogram 1	1	32.921243283	33.082955654	59.166	152.965	LH1079621406.WAV	0.1617	2.9212	103.359	33	1	2	2	
62	Spectrogram 1	1	33.227645670	33.363824509	51.950	145.749	LH1079621406.WAV	0.1362	3.2277	103.359	33	1	2	2	
63	Spectrogram 1	1	33.559581590	33.678738074	56.279	147.192	LH1079621406.WAV	0.1192	3.5596	86.133	33	2	2	2	
64	Spectrogram 1	1	33.780872203	33.951095751	56.279	148.635	LH1079621406.WAV	0.1702	3.7808	86.133	33	1	2	2	
65	Spectrogram 1	1	34.078763412	34.206431074	51.950	158.737	LH1079621406.WAV	0.1277	4.0788	86.133	33	2	2	2	
66	Spectrogram 1	1	34.683057009	34.776679961	57.723	147.192	LH1079621406.WAV	0.0936	4.6831	86.133	33	2	2	2	
67	Spectrogram 1	1	35.210750009	35.380973558	59.166	155.851	LH1079621411.WAV	0.1702	0.2108	86.133	33	1	2	2	
68	Spectrogram 1	1	35.525663574	35.653331235	56.279	150.079	LH1079621411.WAV	0.1277	0.5256	86.133	33	2	2	2	
69	Spectrogram 1	1	35.755465364	35.917177735	56.279	150.079	LH1079621411.WAV	0.1617	0.7554	86.133	33	1	2	2	
70	Spectrogram 1	1	36.044845397	36.215068945	53.393	158.737	LH1079621411.WAV	0.1702	1.0449	86.133	33	2	2	2	
71	Spectrogram 1	1	36.317203074	36.461893090	50.507	158.737	LH1079621411.WAV	0.1447	1.3172	103.359	33	2	2	2	
72	Spectrogram 1	1	36.895963139	37.083209042	56.279	152.965	LH1079621411.WAV	0.1872	1.8959	103.359	33	1	2	2	
73	Spectrogram 1	1	37.219387881	37.389611429	51.950	158.737	LH1079621411.WAV	0.1702	2.2194	103.359	33	2	2	2	
74	Spectrogram 1	1	37.747083320	37.823683917	75.039	147.192	LH1079621411.WAV	0.0766	2.7471	120.586	33	3	2	2	
75	Spectrogram 1	1	38.189664546	38.334354562	53.393	150.079	LH1079621411.WAV	0.1447	3.1897	103.359	33	2	2	2	
76	Spectrogram 1	1	39.840832966	39.951478272	51.950	142.863	LH1079621411.WAV	0.1106	4.8408	86.133	33	2	2	2	
77	Spectrogram 1	1	41.602646692	41.721803176	73.596	147.192	LH1079622006.WAV	0.1192	1.6026	120.586	33	2	2	2	
78	Spectrogram 1	1	41.909049079	42.045227918	59.166	168.838	LH1079622006.WAV	0.1362	1.9091	103.359	33	2	2	2	
79	Spectrogram 1	1	42.172895579	42.334607950	57.723	161.623	LH1079622006.WAV	0.1617	2.1729	103.359	33	1	2	2	
80	Spectrogram 1	1	42.581432096	42.743144467	60.609	165.952	LH1079622006.WAV	0.1617	2.5814	103.359	33	1	2	2	
81	Spectrogram 1	1	43.517661612	43.679373983	56.279	147.192	LH1079622006.WAV	0.1617	3.5177	103.359	33	2	2	2	
82	Spectrogram 1	1	43.755974580	43.968754015	57.723	152.965	LH1079622006.WAV	0.2128	3.7560	120.586	33	2	2	2	
83	Spectrogram 1	1	44.045356415	44.164512899	54.836	138.534	LH1079622006.WAV	0.1192	4.0454	103.359	33	2	2	2	
84	Spectrogram 1	1	44.309202915	44.445381754	51.950	151.522	LH1079622006.WAV	0.1362	4.3092	103.359	33	2	2	2	
85	Spectrogram 1	1	45.287988319	45.449700690	57.723	158.737	LH1079622011.WAV	0.1617	0.2880	120.586	33	2	2	2	
86	Spectrogram 1	1	45.594390706	45.722058367	54.836	151.522	LH1079622011.WAV	0.1277	0.5944	103.359	33	2	2	2	
87	Spectrogram 1	1	45.866748383	45.994416045	56.279	158.737	LH1079622011.WAV	0.1277	0.8668	120.586	33	2	2	2	
88	Spectrogram 1	1	47.313648545	47.475360916	51.950	155.851	LH1079622011.WAV	0.1617	2.3136	120.586	33	2	2	2	
89	Spectrogram 1	1	47.568983868	47.722185061	49.064	154.408	LH1079622011.WAV	0.1532	2.5689	86.133	33	2	2	2	
90	Spectrogram 1	1	47.841341545	47.977520384	50.507	152.965	LH1079622011.WAV	0.1362	2.8414	103.359	33	2	2	2	
91	Spectrogram 1	1	48.147743932	48.249878061	54.836	152.965	LH1079622011.WAV	0.1021	3.1477	103.359	33	2	2	2	
92	Spectrogram 1	1	48.462657497	48.598836336	62.052	141.420	LH1079622011.WAV	0.1362	3.4627	86.133	33	2	2	2	
93	Spectrogram 1	1	49.100997606	49.245687622	56.279	152.965	LH1079622011.WAV	0.1447	4.1010	86.133	33	2	2	2	
94	Spectrogram 1	1	49.262709977	49.339310574	75.039	144.306	LH1079622011.WAV	0.0766	4.2627	103.359	33	2	2	2	
95	Spectrogram 1	1	49.449955880	49.535067655	70.710	141.420	LH1079622011.WAV	0.0851	4.4500	103.359	33	3	2	2	
96	Spectrogram 1	1	49.569112364	49.654224139	73.596	135.648	LH1079622011.WAV	0.0851	4.5692	103.359	33	2	2	2	
97	Spectrogram 1	1	50.556408945	50.726632494	59.166	181.826	LH1079622606.WAV	0.1702	0.5565	103.359	33	2	2	2	
98	Spectrogram 1	1	50.837277800	51.007501349	64.938	193.370	LH1079622606.WAV	0.1702	0.8373	120.586	33	2	2	2	
99	Spectrogram 1	1	51.169213720	51.305392558	59.166	163.066	LH1079622606.WAV	0.1362	1.1692	103.359	33	1	2	2	
100	Spectrogram 1	1	51.458593752	51.620306123	75.039	196.257	LH1079622606.WAV	0.1617	1.4586	120.586	33	1	2	2	
101	Spectrogram 1	1	51.739462607	51.884152623	57.723	161.623	LH1079622606.WAV	0.1447	1.7395	103.359	33	1	2	2	
102	Spectrogram 1	1	52.028842639	52.156510300	73.596	147.192	LH1079622606.WAV	0.1277	2.0288	103.359	33	2	2	2	
103	Spectrogram 1	1	52.233110897	52.335245026	73.596	141.420	LH1079622606.WAV	0.1021	2.2331	103.359	33	3	2	2	
104	Spectrogram 1	1	52.624625059	52.709736833	79.368	147.192	LH1079622606.WAV	0.0851	2.6246	103.359	33	3	2	2	
105	Spectrogram 1	1	52.965072155	53.067206285	66.381	148.635	LH1079622606.WAV	0.1021	2.9651	103.359	33	1	2	2	
106	Spectrogram 1	1	53.271474543	53.407653381	69.267	191.927	LH1079622606.WAV	0.1362	3.2714	103.359	33	1	2	2	
107	Spectrogram 1	1	53.552343398	53.688522236	66.381	151.522	LH1079622606.WAV	0.1362	3.5524	103.359	33	2	2	2	
108	Spectrogram 1	1	53.901301672	53.986413446	72.153	158.737	LH1079622606.WAV	0.0851	3.9012	103.359	33	2	2	2	
109	Spectrogram 1	1	54.309838188	54.411972317	69.267	132.762	LH1079622606.WAV	0.1021	4.3099	103.359	33	3	2	2	
110	Spectrogram 1	1	54.820508833	54.948176495	60.609	178.940	LH1079622606.WAV	0.1277	4.8205	103.359	33	1	2	2	
111	Spectrogram 1	1	55.101382134	55.220538618	63.495	155.851	LH1079622611.WAV	0.1192	0.1014	103.359	33	1	2	2	
112	Spectrogram 1	1	55.407784522	55.552474538	63.495	152.965	LH1079622611.WAV	0.1447	0.4078	103.359	33	1	2	2	
113	Spectrogram 1	1	55.739720441	55.841854570	60.609	152.965	LH1079622611.WAV	0.1021	0.7397	103.359	33	2	2	2	
114	Spectrogram 1	1	56.003566941	56.165279312	56.279	173.168	LH1079622611.WAV	0.1617	1.0035	103.359	33	1	2	2	
115	Spectrogram 1	1	56.199324022	56.326991683	67.824	160.180	LH1079622611.WAV	0.1277	1.1993	120.586	33	2	2	2	
116	Spectrogram 1	1	56.522748764	56.582327006	67.824	145.749	LH1079622611.WAV	0.0596	1.5228	103.359	33	3	2	2	
117	Spectrogram 1	1	58.088805409	58.250517780	62.052	199.143	LH1079622611.WAV	0.1617	3.0888	103.359	33	2	2	2	
118	Spectrogram 1	1	58.420741329	58.582453700	47.621	194.813	LH1079622611.WAV	0.1617	3.4207	120.586	33	2	2	2	
119	Spectrogram 1	1	58.642031942	58.812255490	51.950	164.509	LH1079622611.WAV	0.1702	3.6421	103.359	33	1	2	2	
120	Spectrogram 1	1	58.999501393	59.144191410	59.166	152.965	LH1079622611.WAV	0.1447	3.9995	103.359	33	1	2	2	
121	Spectrogram 1	1	59.314414958	59.467616152	59.166	147.192	LH1079622611.WAV	0.1532	4.3144	103.359	33	2	2	2	
122	Spectrogram 1	1	60.557049085	60.667694392	66.381	164.509	LH1079623206.WAV	0.1106	0.5570	103.359	33	1	2	2	
123	Spectrogram 1	1	60.829406763	60.965585602	62.052	161.623	LH1079623206.WAV	0.1362	0.8294	103.359	33	2	2	2	
124	Spectrogram 1	1	61.169853860	61.323055053	64.938	154.408	LH1079623206.WAV	0.1532	1.1698	103.359	33	2	2	2	
125	Spectrogram 1	1	61.467745070	61.637968618	60.609	142.863	LH1079623206.WAV	0.1702	1.4678	103.359	33	2	2	2	
126	Spectrogram 1	1	61.884792763	62.012460424	66.381	148.635	LH1079623206.WAV	0.1277	1.8848	103.359	33	2	2	2	
127	Spectrogram 1	1	62.420996941	62.557175779	60.609	147.192	LH1079623206.WAV	0.1362	2.4210	103.359	33	2	2	2	
128	Spectrogram 1	1	64.055143006	64.174299490	64.938	164.509	LH1079623206.WAV	0.1192	4.0551	103.359	33	2	2	2	
129	Spectrogram 1	1	64.353034215	64.463679522	69.267	139.977	LH1079623206.WAV	0.1106	4.3531	103.359	33	2	2	2	
130	Spectrogram 1	1	64.650925425	64.812637796	63.495	181.826	LH1079623206.WAV	0.1617	4.6509	103.359	33	2	2	2	
131	Spectrogram 1	1	65.953139699	66.080807361	59.166	170.281	LH1079623211.WAV	0.1277	0.9532	103.359	33	2	2	2	
132	Spectrogram 1	1	66.302097973	66.387209748	59.166	165.952	LH1079623211.WAV	0.0851	1.3022	120.586	33	2	2	2	
133	Spectrogram 1	1	67.536218700	67.646864006	59.166	157.294	LH1079623211.WAV	0.1106	2.5362	86.133	33	2	2	2	
134	Spectrogram 1	1	67.825598732	67.978799926	63.495	190.484	LH1079623211.WAV	0.1532	2.8256	103.359	33	2	2	2	
135	Spectrogram 1	1	68.166045829	68.302224668	51.950	154.408	LH1079623211.WAV	0.1362	3.1661	103.359	33	2	2	2	
136	Spectrogram 1	1	70.336396071	70.506619620	62.052	170.281	LH1079623806.WAV	0.1702	0.3364	103.359	33	1	2	2	
137	Spectrogram 1	1	70.608756080	70.796001983	63.495	150.079	LH1079623806.WAV	0.1872	0.6087	120.586	33	2	2	2	
138	Spectrogram 1	1	70.923669644	71.051337306	60.609	152.965	LH1079623806.WAV	0.1277	0.9237	86.133	33	2	2	2	
139	Spectrogram 1	1	71.247094386	71.366250870	56.279	154.408	LH1079623806.WAV	0.1192	1.2471	103.359	33	2	2	2	
140	Spectrogram 1	1	71.604563838	71.723720322	56.279	141.420	LH1079623806.WAV	0.1192	1.6045	103.359	33	2	2	2	
141	Spectrogram 1	1	71.902455048	72.047145064	59.166	141.420	LH1079623806.WAV	0.1447	1.9025	103.359	33	2	2	2	
142	Spectrogram 1	1	72.217368612	72.310991564	63.495	147.192	LH1079623806.WAV	0.0936	2.2173	103.359	33	3	2	2	
143	Spectrogram 1	1	72.506748645	72.625905129	62.052	151.522	LH1079623806.WAV	0.1192	2.5068	103.359	33	2	2	2	
144	Spectrogram 1	1	72.821662209	72.957841048	62.052	141.420	LH1079623806.WAV	0.1362	2.8217	103.359	33	2	2	2	
145	Spectrogram 1	1	73.145086951	73.272754613	70.710	151.522	LH1079623806.WAV	0.1277	3.1451	103.359	33	2	2	2	
146	Spectrogram 1	1	73.774914081	73.894070565	63.495	147.192	LH1079623806.WAV	0.1192	3.7749	103.359	33	3	2	2	
147	Spectrogram 1	1	74.123872355	74.208984129	67.824	147.192	LH1079623806.WAV	0.0851	4.1239	103.359	33	2	2	2	
148	Spectrogram 1	1	74.753699484	74.898389500	60.609	148.635	LH1079623806.WAV	0.1447	4.7537	103.359	33	2	2	2	
149	Spectrogram 1	1	75.272881307	75.434593678	59.166	147.192	LH1079623811.WAV	0.1617	0.2729	103.359	33	2	2	2	
150	Spectrogram 1	1	76.370824890	76.498492551	57.723	170.281	LH1079623811.WAV	0.1277	1.3709	103.359	33	2	2	2	
151	Spectrogram 1	1	77.017674374	77.136830858	64.938	148.635	LH1079623811.WAV	0.1192	2.0177	103.359	33	2	2	2	
152	Spectrogram 1	1	77.332587939	77.426210890	62.052	141.420	LH1079623811.WAV	0.0936	2.3325	86.133	33	3	2	2	
153	Spectrogram 1	1	78.175194503	78.413507471	44.735	167.395	LH1079623811.WAV	0.2383	3.1752	103.359	33	1	2	2	
154	Spectrogram 1	1	78.447552181	78.575219842	51.950	148.635	LH1079623811.WAV	0.1277	3.4475	103.359	33	1	2	2	
155	Spectrogram 1	1	78.736932213	78.864599875	44.735	147.192	LH1079623811.WAV	0.1277	3.7370	103.359	33	1	2	2	
156	Spectrogram 1	1	79.034823423	79.171002262	53.393	152.965	LH1079623811.WAV	0.1362	4.0348	103.359	33	1	2	2	
157	Spectrogram 1	1	80.371078278	80.515768294	53.393	187.598	LH1079624406.WAV	0.1447	0.3711	120.586	33	1	2	2	
158	Spectrogram 1	1	80.668969488	80.864726569	56.279	163.066	LH1079624406.WAV	0.1958	0.6689	103.359	33	2	2	2	
159	Spectrogram 1	1	81.034950117	81.188151311	60.609	199.143	LH1079624406.WAV	0.1532	1.0349	103.359	33	2	2	2	
160	Spectrogram 1	1	81.383908391	81.477531343	62.052	152.965	LH1079624406.WAV	0.0936	1.3839	103.359	33	2	2	2	
161	Spectrogram 1	1	81.681799601	81.843511972	50.507	151.522	LH1079624406.WAV	0.1617	1.6817	103.359	33	2	2	2	
162	Spectrogram 1	1	82.566963855	82.796765646	51.950	154.408	LH1079624406.WAV	0.2298	2.5670	103.359	33	2	2	2	
163	Spectrogram 1	1	82.881877420	83.018056259	57.723	152.965	LH1079624406.WAV	0.1362	2.8819	103.359	33	2	2	2	
164	Spectrogram 1	1	83.154235098	83.298925114	54.836	147.192	LH1079624406.WAV	0.1447	3.1542	86.133	33	2	2	2	
165	Spectrogram 1	1	83.503193372	83.673416920	62.052	150.079	LH1079624406.WAV	0.1702	3.5032	103.359	33	2	2	2	
166	Spectrogram 1	1	84.115998146	84.252176985	59.166	152.965	LH1079624406.WAV	0.1362	4.1160	103.359	33	1	2	2	
167	Spectrogram 1	1	84.286221695	84.396867001	57.723	158.737	LH1079624406.WAV	0.1106	4.2862	103.359	33	1	2	2	
168	Spectrogram 1	1	84.635181347	84.728804299	62.052	144.306	LH1079624406.WAV	0.0936	4.6351	103.359	33	2	2	2	
169	Spectrogram 1	1	84.813916073	84.924561380	64.938	142.863	LH1079624406.WAV	0.1106	4.8139	120.586	33	3	2	2	
170	Spectrogram 1	1	85.579922041	85.665033815	64.938	148.635	LH1079624411.WAV	0.0851	0.5799	103.359	33	2	2	2	
171	Spectrogram 1	1	85.801212654	85.962925025	60.609	147.192	LH1079624411.WAV	0.1617	0.8012	103.359	33	2	2	2	
172	Spectrogram 1	1	86.022503267	86.243793880	54.836	150.079	LH1079624411.WAV	0.2213	1.0224	103.359	33	2	2	2	
173	Spectrogram 1	1	86.379972719	86.507640380	54.836	152.965	LH1079624411.WAV	0.1277	1.3799	86.133	33	2	2	2	
174	Spectrogram 1	1	86.550196267	86.626796864	57.723	147.192	LH1079624411.WAV	0.0766	1.5502	103.359	33	2	2	2	
175	Spectrogram 1	1	86.703397461	86.779998057	63.495	147.192	LH1079624411.WAV	0.0766	1.7034	103.359	33	2	2	2	
176	Spectrogram 1	1	86.882132186	86.950221606	63.495	145.749	LH1079624411.WAV	0.0681	1.8821	103.359	33	2	2	2	
177	Spectrogram 1	1	87.052355735	87.154489864	63.495	145.749	LH1079624411.WAV	0.1021	2.0524	103.359	33	2	2	2	
178	Spectrogram 1	1	87.869430993	87.980076299	57.723	150.079	LH1079624411.WAV	0.1106	2.8694	103.359	33	2	2	2	
179	Spectrogram 1	1	88.669481670	88.831194041	57.723	151.522	LH1079624411.WAV	0.1617	3.6695	86.133	33	2	2	2	
180	Spectrogram 1	1	88.950350525	89.086529364	59.166	147.192	LH1079624411.WAV	0.1362	3.9503	120.586	33	2	2	2	
181	Spectrogram 1	1	89.316331154	89.401442928	53.393	137.091	LH1079624411.WAV	0.0851	4.3163	86.133	33	2	2	2	
182	Spectrogram 1	1	89.478043525	89.571666477	62.052	145.749	LH1079624411.WAV	0.0936	4.4780	103.359	33	2	2	2	
183	Spectrogram 1	1	90.303627735	90.439806574	66.381	150.079	LH1079625006.WAV	0.1362	0.3036	120.586	33	2	2	2	
184	Spectrogram 1	1	90.601518945	90.805787203	57.723	164.509	LH1079625006.WAV	0.2043	0.6015	103.359	33	2	2	2	
185	Spectrogram 1	1	90.873876622	91.095167235	60.609	167.395	LH1079625006.WAV	0.2213	0.8739	103.359	33	1	2	2	
186	Spectrogram 1	1	91.180279010	91.384547268	60.609	158.737	LH1079625006.WAV	0.2043	1.1803	103.359	33	2	2	2	
187	Spectrogram 1	1	91.512214929	91.690949655	56.279	144.306	LH1079625006.WAV	0.1787	1.5122	103.359	33	2	2	2	
188	Spectrogram 1	1	91.793083784	92.022885574	54.836	158.737	LH1079625006.WAV	0.2298	1.7931	103.359	33	2	2	2	
189	Spectrogram 1	1	92.125019703	92.286732074	62.052	148.635	LH1079625006.WAV	0.1617	2.1251	103.359	33	2	2	2	
190	Spectrogram 1	1	92.422910913	92.533556220	54.836	148.635	LH1079625006.WAV	0.1106	2.4229	103.359	33	2	2	2	
191	Spectrogram 1	1	92.746335655	92.908048026	56.279	152.965	LH1079625006.WAV	0.1617	2.7464	86.133	33	2	2	2	
192	Spectrogram 1	1	93.078271575	93.274028655	60.609	174.611	LH1079625006.WAV	0.1958	3.0782	103.359	33	1	2	2	
193	Spectrogram 1	1	93.640009284	93.793210478	54.836	147.192	LH1079625006.WAV	0.1532	3.6400	103.359	33	2	2	2	
194	Spectrogram 1	1	94.797532060	94.891155012	60.609	187.598	LH1079625006.WAV	0.0936	4.7975	86.133	33	2	2	2	
195	Spectrogram 1	1	95.023078262	95.159257101	60.609	152.965	LH1079625011.WAV	0.1362	0.0231	103.359	33	2	2	2	
196	Spectrogram 1	1	95.397570068	95.550771262	59.166	155.851	LH1079625011.WAV	0.1532	0.3976	86.133	33	2	2	2	
197	Spectrogram 1	1	95.550771262	95.644394214	46.178	155.851	LH1079625011.WAV	0.0936	0.5508	103.359	33	2	2	2	
198	Spectrogram 1	1	95.712483633	95.848662472	60.609	147.192	LH1079625011.WAV	0.1362	0.7125	103.359	33	2	2	2	
199	Spectrogram 1	1	96.074208673	96.218898690	59.166	158.737	LH1079625011.WAV	0.1447	1.0743	103.359	33	2	2	2	
200	Spectrogram 1	1	96.325288407	96.478489601	59.166	193.370	LH1079625011.WAV	0.1532	1.3253	103.359	33	2	2	2	
201	Spectrogram 1	1	96.487000778	96.572112553	57.723	145.749	LH1079625011.WAV	0.0851	1.4870	103.359	33	2	2	2	
202	Spectrogram 1	1	96.699780214	96.870003762	59.166	158.737	LH1079625011.WAV	0.1702	1.6998	120.586	33	2	2	2	
203	Spectrogram 1	1	97.006182601	97.082783198	63.495	152.965	LH1079625011.WAV	0.0766	2.0062	103.359	33	2	2	2	
204	Spectrogram 1	1	97.108316730	97.210450859	59.166	141.420	LH1079625011.WAV	0.1021	2.1083	103.359	33	2	2	2	
205	Spectrogram 1	1	97.287051456	97.431741472	59.166	139.977	LH1079625011.WAV	0.1447	2.2871	103.359	33	2	2	2	
206	Spectrogram 1	1	97.440252650	97.550897956	60.609	148.635	LH1079625011.WAV	0.1106	2.4402	103.359	33	2	2	2	
207	Spectrogram 1	1	97.993479182	98.104124488	57.723	154.408	LH1079625011.WAV	0.1106	2.9934	103.359	33	1	2	2	
208	Spectrogram 1	1	98.214769795	98.402015698	59.166	197.700	LH1079625011.WAV	0.1872	3.2147	103.359	33	1	2	2	
209	Spectrogram 1	1	98.827577268	98.946733752	56.279	165.952	LH1079625011.WAV	0.1192	3.8276	86.133	33	2	2	2	
210	Spectrogram 1	1	99.151002010	99.270158494	59.166	194.813	LH1079625011.WAV	0.1192	4.1510	103.359	33	2	2	2	
211	Spectrogram 1	1	101.270285188	101.440508736	53.393	158.737	LH1079625606.WAV	0.1702	1.2703	86.133	33	1	2	2	
212	Spectrogram 1	1	101.534131688	101.746911124	56.279	203.472	LH1079625606.WAV	0.2128	1.5341	103.359	33	1	2	2	
213	Spectrogram 1	1	101.874578785	102.078847043	54.836	163.066	LH1079625606.WAV	0.2043	1.8746	103.359	33	1	2	2	
214	Spectrogram 1	1	102.198003527	102.393760608	51.950	174.611	LH1079625606.WAV	0.1958	2.1980	103.359	33	1	2	2	
215	Spectrogram 1	1	102.521428269	102.734207704	54.836	193.370	LH1079625606.WAV	0.2128	2.5214	103.359	33	1	2	2	
216	Spectrogram 1	1	102.870386543	103.040610092	57.723	161.623	LH1079625606.WAV	0.1702	2.8704	103.359	33	1	2	2	
217	Spectrogram 1	1	103.236367172	103.347012479	70.710	152.965	LH1079625606.WAV	0.1106	3.2364	103.359	33	2	2	2	
218	Spectrogram 1	1	103.593836624	103.712993108	57.723	151.522	LH1079625606.WAV	0.1192	3.5939	103.359	33	2	2	2	
219	Spectrogram 1	1	103.900239011	104.070462560	43.292	202.029	LH1079625606.WAV	0.1702	3.9002	103.359	33	1	2	2	
220	Spectrogram 1	1	104.206645104	104.402402184	53.393	181.826	LH1079625606.WAV	0.1958	4.2067	103.359	33	2	2	2	
221	Spectrogram 1	1	104.572625733	104.751360458	54.836	157.294	LH1079625606.WAV	0.1787	4.5727	103.359	33	1	2	2	
222	Spectrogram 1	1	105.219475217	105.364165233	56.279	160.180	LH1079625611.WAV	0.1447	0.2195	103.359	33	1	2	2	
223	Spectrogram 1	1	105.491832894	105.670567620	50.507	163.066	LH1079625611.WAV	0.1787	0.4918	103.359	33	1	2	2	
224	Spectrogram 1	1	105.832279991	105.993992362	46.178	183.269	LH1079625611.WAV	0.1617	0.8323	103.359	33	1	2	2	
225	Spectrogram 1	1	106.206771798	106.351461814	43.292	177.497	LH1079625611.WAV	0.1447	1.2068	103.359	33	1	2	2	
226	Spectrogram 1	1	106.538707717	106.691908911	47.621	160.180	LH1079625611.WAV	0.1532	1.5387	103.359	33	1	2	2	
227	Spectrogram 1	1	106.777020685	106.955755411	46.178	199.143	LH1079625611.WAV	0.1787	1.7770	103.359	33	1	2	2	
228	Spectrogram 1	1	107.100445427	107.347269572	57.723	164.509	LH1079625611.WAV	0.2468	2.1005	103.359	33	1	2	2	
229	Spectrogram 1	1	107.457914879	107.628138427	56.279	157.294	LH1079625611.WAV	0.1702	2.4579	103.359	33	1	2	2	
230	Spectrogram 1	1	107.747294911	108.053697298	40.406	176.054	LH1079625611.WAV	0.3064	2.7473	103.359	33	1	2	2	
231	Spectrogram 1	1	108.113275540	108.274987911	43.292	184.712	LH1079625611.WAV	0.1617	3.1133	103.359	33	1	2	2	
232	Spectrogram 1	1	108.411166750	108.598412653	46.178	163.066	LH1079625611.WAV	0.1872	3.4111	103.359	33	1	2	2	
233	Spectrogram 1	1	108.819703266	108.921837395	70.710	148.635	LH1079625611.WAV	0.1021	3.8197	103.359	33	3	2	2	
234	Spectrogram 1	1	109.713376895	109.934667508	53.393	178.940	LH1079625611.WAV	0.2213	4.7134	103.359	33	1	2	2	
235	Spectrogram 1	1	110.436831952	110.692167275	57.723	181.826	LH1079626206.WAV	0.2553	0.4368	103.359	33	1	2	2	
236	Spectrogram 1	1	110.794301404	111.066659081	57.723	164.509	LH1079626206.WAV	0.2724	0.7943	103.359	33	1	2	2	
237	Spectrogram 1	1	111.194326743	111.304972049	43.292	163.066	LH1079626206.WAV	0.1106	1.1943	103.359	33	1	2	2	
238	Spectrogram 1	1	111.883732114	111.994377420	67.824	152.965	LH1079626206.WAV	0.1106	1.8838	103.359	33	2	2	2	
239	Spectrogram 1	1	112.215668033	112.309290985	47.621	164.509	LH1079626206.WAV	0.0936	2.2156	103.359	33	1	2	2	
240	Spectrogram 1	1	112.309290985	112.385891582	57.723	147.192	LH1079626206.WAV	0.0766	2.3093	103.359	33	1	2	2	
241	Spectrogram 1	1	112.649738082	112.751872211	54.836	157.294	LH1079626206.WAV	0.1021	2.6498	86.133	33	2	2	2	
242	Spectrogram 1	1	112.947629292	113.049763421	57.723	152.965	LH1079626206.WAV	0.1021	2.9476	86.133	33	2	2	2	
243	Spectrogram 1	1	113.245520501	113.424255227	54.836	163.066	LH1079626206.WAV	0.1787	3.2455	120.586	33	1	2	2	
244	Spectrogram 1	1	113.577456421	113.815769389	54.836	176.054	LH1079626206.WAV	0.2383	3.5774	120.586	33	2	2	2	
245	Spectrogram 1	1	113.960459405	114.079615889	50.507	147.192	LH1079626206.WAV	0.1192	3.9604	103.359	33	1	2	2	
246	Spectrogram 1	1	114.292395324	114.428574163	51.950	152.965	LH1079626206.WAV	0.1362	4.2924	103.359	33	1	2	2	
247	Spectrogram 1	1	114.607308889	114.769021260	56.279	157.294	LH1079626206.WAV	0.1617	4.6073	103.359	33	1	2	2	
248	Spectrogram 1	1	115.696739599	115.807384905	60.609	152.965	LH1079626211.WAV	0.1106	0.6967	103.359	33	2	2	2	
249	Spectrogram 1	1	117.143639760	117.279818599	41.849	154.408	LH1079626211.WAV	0.1362	2.1437	103.359	33	1	2	2	
250	Spectrogram 1	1	117.484086857	117.620265696	54.836	163.066	LH1079626211.WAV	0.1362	2.4841	103.359	33	1	2	2	
251	Spectrogram 1	1	118.437341481	118.607565029	54.836	167.395	LH1079626211.WAV	0.1702	3.4373	103.359	33	1	2	2	
252	Spectrogram 1	1	118.760766223	118.913967416	50.507	163.066	LH1079626211.WAV	0.1532	3.7608	103.359	33	1	2	2	
253	Spectrogram 1	1	119.092702142	119.279948046	57.723	154.408	LH1079626211.WAV	0.1872	4.0927	103.359	33	2	2	2	
254	Spectrogram 1	1	119.467193949	119.611883965	43.292	167.395	LH1079626211.WAV	0.1447	4.4672	103.359	33	1	2	2	
255	Spectrogram 1	1	119.782107513	119.960842239	57.723	152.965	LH1079626211.WAV	0.1787	4.7821	103.359	33	1	2	2	
256	Spectrogram 1	1	120.411934643	120.599180546	47.621	150.079	LH1079626806.WAV	0.1872	0.4119	103.359	33	1	2	2	
257	Spectrogram 1	1	120.701314675	120.914094110	57.723	163.066	LH1079626806.WAV	0.2128	0.7014	103.359	33	1	2	2	
258	Spectrogram 1	1	121.390720046	121.552432417	57.723	170.281	LH1079626806.WAV	0.1617	1.3907	120.586	33	2	2	2	
259	Spectrogram 1	1	121.722655965	121.858834804	54.836	164.509	LH1079626806.WAV	0.1362	1.7227	103.359	33	2	2	2	
260	Spectrogram 1	1	122.063103062	122.199281901	57.723	167.395	LH1079626806.WAV	0.1362	2.0632	103.359	33	1	2	2	
261	Spectrogram 1	1	122.378019168	122.556753894	56.279	154.408	LH1079626806.WAV	0.1787	2.3780	103.359	33	1	2	2	
262	Spectrogram 1	1	122.675910378	122.897200991	60.609	163.066	LH1079626806.WAV	0.2213	2.6760	103.359	33	1	2	2	
263	Spectrogram 1	1	123.578095185	123.756829911	54.836	158.737	LH1079626806.WAV	0.1787	3.5781	103.359	33	1	2	2	
264	Spectrogram 1	1	123.935564636	124.071743475	50.507	157.294	LH1079626806.WAV	0.1362	3.9356	103.359	33	1	2	2	
265	Spectrogram 1	1	124.267500556	124.412190572	41.849	152.965	LH1079626806.WAV	0.1447	4.2675	86.133	33	1	2	2	
266	Spectrogram 1	1	124.590925298	124.727104137	57.723	152.965	LH1079626806.WAV	0.1362	4.5909	103.359	33	1	2	2	
267	Spectrogram 1	1	124.871794153	124.999461814	51.950	157.294	LH1079626806.WAV	0.1277	4.8718	103.359	33	1	2	2	
268	Spectrogram 1	1	125.186707717	125.373953621	46.178	147.192	LH1079626811.WAV	0.1872	0.1867	103.359	33	1	2	2	
269	Spectrogram 1	1	125.527154814	125.654822476	50.507	154.408	LH1079626811.WAV	0.1277	0.5272	103.359	33	2	2	2	
270	Spectrogram 1	1	125.859090734	125.961224863	50.507	161.623	LH1079626811.WAV	0.1021	0.8591	103.359	33	2	2	2	
271	Spectrogram 1	1	126.429339621	126.591051992	53.393	170.281	LH1079626811.WAV	0.1617	1.4294	103.359	33	2	2	2	
272	Spectrogram 1	1	126.795320250	127.025122040	47.621	173.168	LH1079626811.WAV	0.2298	1.7954	103.359	33	2	2	2	
273	Spectrogram 1	1	127.110233815	127.254923831	53.393	155.851	LH1079626811.WAV	0.1447	2.1102	103.359	33	1	2	2	
274	Spectrogram 1	1	127.433662156	127.603885704	40.406	186.155	LH1079626811.WAV	0.1702	2.4337	103.359	33	1	2	2	
275	Spectrogram 1	1	127.808153962	127.927310446	51.950	164.509	LH1079626811.WAV	0.1192	2.8082	120.586	33	2	2	2	
276	Spectrogram 1	1	128.063489285	128.250735188	54.836	200.586	LH1079626811.WAV	0.1872	3.0635	103.359	33	1	2	2	
277	Spectrogram 1	1	128.369891672	128.557137576	56.279	164.509	LH1079626811.WAV	0.1872	3.3698	103.359	33	1	2	2	
278	Spectrogram 1	1	130.327462479	130.463641318	56.279	158.737	LH1079627406.WAV	0.1362	0.3274	103.359	33	1	2	2	
279	Spectrogram 1	1	130.880691659	131.016870498	54.836	164.509	LH1079627406.WAV	0.1362	0.8807	120.586	33	2	2	2	
280	Spectrogram 1	1	131.629675272	131.731809401	62.052	141.420	LH1079627406.WAV	0.1021	1.6297	103.359	33	3	2	2	
281	Spectrogram 1	1	131.902032949	132.063745320	56.279	154.408	LH1079627406.WAV	0.1617	1.9020	103.359	33	1	2	2	
282	Spectrogram 1	1	132.880818353	132.965930127	67.824	134.205	LH1079627406.WAV	0.0851	2.8808	103.359	33	3	2	2	
283	Spectrogram 1	1	133.144664853	133.314888401	54.836	196.257	LH1079627406.WAV	0.1702	3.1447	103.359	33	2	2	2	
284	Spectrogram 1	1	133.417022530	133.570223724	49.064	158.737	LH1079627406.WAV	0.1532	3.4170	120.586	33	2	2	2	
285	Spectrogram 1	1	134.387296757	134.531986773	51.950	163.066	LH1079627406.WAV	0.1447	4.3873	103.359	33	1	2	2	
286	Spectrogram 1	1	134.736255031	134.889456224	59.166	168.838	LH1079627406.WAV	0.1532	4.7363	103.359	33	2	2	2	
287	Spectrogram 1	1	135.068190950	135.170325079	38.963	158.737	LH1079627411.WAV	0.1021	0.0681	103.359	33	1	2	2	
288	Spectrogram 1	1	135.357570983	135.459705112	66.381	147.192	LH1079627411.WAV	0.1021	0.3576	103.359	33	2	2	2	
289	Spectrogram 1	1	135.885263983	135.953353402	62.052	147.192	LH1079627411.WAV	0.0681	0.8853	103.359	33	3	2	2	
290	Spectrogram 1	1	136.021442821	136.200177547	54.836	155.851	LH1079627411.WAV	0.1787	1.0214	120.586	33	1	2	2	
291	Spectrogram 1	1	136.370401096	136.481046402	51.950	152.965	LH1079627411.WAV	0.1106	1.3704	103.359	33	1	2	2	
292	Spectrogram 1	1	136.676803483	136.821493499	59.166	157.294	LH1079627411.WAV	0.1447	1.6768	103.359	33	1	2	2	
293	Spectrogram 1	1	136.966183515	137.119384709	59.166	157.294	LH1079627411.WAV	0.1532	1.9662	103.359	33	2	2	2	
294	Spectrogram 1	1	137.247052370	137.391742386	53.393	152.965	LH1079627411.WAV	0.1447	2.2471	103.359	33	1	2	2	
295	Spectrogram 1	1	137.527921225	137.757723015	51.950	160.180	LH1079627411.WAV	0.2298	2.5279	103.359	33	2	2	2	
296	Spectrogram 1	1	137.834323612	138.047103048	11.545	191.927	LH1079627411.WAV	0.2128	2.8344	103.359	33	1	2	2	
297	Spectrogram 1	1	138.166259532	138.344994258	67.824	165.952	LH1079627411.WAV	0.1787	3.1662	120.586	33	1	2	2	
298	Spectrogram 1	1	138.523728983	138.659907822	54.836	144.306	LH1079627411.WAV	0.1362	3.5237	103.359	33	2	2	2	
299	Spectrogram 1	1	139.111003300	139.238670962	62.052	157.294	LH1079627411.WAV	0.1277	4.1110	103.359	33	2	2	2	
300	Spectrogram 1	1	139.442939220	139.587629236	50.507	147.192	LH1079627411.WAV	0.1447	4.4430	86.133	33	2	2	2	
301	Spectrogram 1	1	140.549392285	140.685571123	54.836	174.611	LH1079628006.WAV	0.1362	0.5494	103.359	33	1	2	2	
302	Spectrogram 1	1	140.847283494	140.991973511	56.279	148.635	LH1079628006.WAV	0.1447	0.8473	103.359	33	1	2	2	
303	Spectrogram 1	1	141.809046543	141.962247737	53.393	180.383	LH1079628006.WAV	0.1532	1.8091	103.359	33	1	2	2	
304	Spectrogram 1	1	142.183538350	142.362273075	53.393	163.066	LH1079628006.WAV	0.1787	2.1836	103.359	33	1	2	2	
305	Spectrogram 1	1	142.830387834	142.983589027	36.077	151.522	LH1079628006.WAV	0.1532	2.8304	120.586	33	1	2	2	
306	Spectrogram 1	1	143.170834930	143.460214963	50.507	170.281	LH1079628006.WAV	0.2894	3.1709	103.359	33	1	2	2	
307	Spectrogram 1	1	143.502770850	143.596393802	51.950	145.749	LH1079628006.WAV	0.0936	3.5027	103.359	33	2	2	2	
308	Spectrogram 1	1	143.987907963	144.158131511	64.938	157.294	LH1079628006.WAV	0.1702	3.9879	103.359	33	2	2	2	
309	Spectrogram 1	1	144.302821528	144.473045076	37.520	161.623	LH1079628006.WAV	0.1702	4.3028	103.359	33	2	2	2	
310	Spectrogram 1	1	144.583690382	144.839025705	49.064	173.168	LH1079628006.WAV	0.2553	4.5837	103.359	33	1	2	2	
311	Spectrogram 1	1	145.613542850	145.775255221	53.393	193.370	LH1079628011.WAV	0.1617	0.6135	103.359	33	1	2	2	
312	Spectrogram 1	1	145.971012302	146.158258205	43.292	168.838	LH1079628011.WAV	0.1872	0.9710	103.359	33	1	2	2	
313	Spectrogram 1	1	146.575308125	146.779576383	51.950	216.459	LH1079628011.WAV	0.2043	1.5753	103.359	33	1	2	2	
314	Spectrogram 1	1	146.915755222	147.094489948	57.723	173.168	LH1079628011.WAV	0.1787	1.9158	103.359	33	1	2	2	
315	Spectrogram 1	1	147.247691141	147.392381157	57.723	151.522	LH1079628011.WAV	0.1447	2.2477	103.359	33	1	2	2	
316	Spectrogram 1	1	147.596649416	147.758361787	47.621	157.294	LH1079628011.WAV	0.1617	2.5966	103.359	33	1	2	2	
317	Spectrogram 1	1	148.260521254	148.362655384	40.406	200.586	LH1079628011.WAV	0.1021	3.2605	103.359	33	1	2	2	
318	Spectrogram 1	1	149.060571932	149.247817835	54.836	150.079	LH1079628011.WAV	0.1872	4.0605	103.359	33	2	2	2	
319	Spectrogram 1	1	149.324418432	149.469108448	46.178	148.635	LH1079628011.WAV	0.1447	4.3244	120.586	33	2	2	2	
320	Spectrogram 1	1	149.656354352	149.758488481	63.495	147.192	LH1079628011.WAV	0.1021	4.6563	103.359	33	2	2	2	
321	Spectrogram 1	1	152.124598666	152.226732795	72.153	137.091	LH1079628606.WAV	0.1021	2.1246	103.359	33	3	2	2	
322	Spectrogram 1	1	159.188879317	159.282502268	66.381	145.749	LH1079628611.WAV	0.0936	4.1889	103.359	33	2	2	2	
323	Spectrogram 1	1	160.303843559	160.465555930	57.723	163.066	LH1079629206.WAV	0.1617	0.3039	103.359	33	1	2	2	
324	Spectrogram 1	1	160.652801833	160.814514204	57.723	164.509	LH1079629206.WAV	0.1617	0.6528	120.586	33	1	2	2	
325	Spectrogram 1	1	160.942181865	161.044315994	63.495	148.635	LH1079629206.WAV	0.1021	0.9422	86.133	33	3	2	2	
326	Spectrogram 1	1	161.052827172	161.214539543	47.621	151.522	LH1079629206.WAV	0.1617	1.0528	103.359	33	1	2	2	
327	Spectrogram 1	1	161.682654301	161.861389027	38.963	158.737	LH1079629206.WAV	0.1787	1.6827	103.359	33	1	2	2	
328	Spectrogram 1	1	163.057199052	163.278489665	50.507	145.749	LH1079629206.WAV	0.2213	3.0571	103.359	33	1	2	2	
329	Spectrogram 1	1	163.397646149	163.559358520	50.507	147.192	LH1079629206.WAV	0.1617	3.3976	103.359	33	1	2	2	
330	Spectrogram 1	1	164.163652117	164.248763891	73.596	134.205	LH1079629206.WAV	0.0851	4.1636	103.359	33	3	2	2	
331	Spectrogram 1	1	166.112711747	166.240379408	44.735	161.623	LH1079629211.WAV	0.1277	1.1127	103.359	33	1	2	2	
332	Spectrogram 1	1	166.257401763	166.351024714	69.267	148.635	LH1079629211.WAV	0.0936	1.2574	103.359	33	2	2	2	
333	Spectrogram 1	1	167.006385376	167.176608924	44.735	199.143	LH1079629211.WAV	0.1702	2.0063	120.586	33	1	2	2	
334	Spectrogram 1	1	167.346832473	167.568123086	40.406	171.724	LH1079629211.WAV	0.2213	2.3468	103.359	33	1	2	2	
335	Spectrogram 1	1	167.721324279	167.874525473	37.520	167.395	LH1079629211.WAV	0.1532	2.7213	103.359	33	1	2	2	
336	Spectrogram 1	1	168.095816086	168.240506102	56.279	148.635	LH1079629211.WAV	0.1447	3.0958	103.359	33	2	2	2	
337	Spectrogram 1	1	168.410730712	168.555420728	51.950	155.851	LH1079629211.WAV	0.1447	3.4108	103.359	33	1	2	2	
338	Spectrogram 1	1	168.614998970	168.819267228	37.520	152.965	LH1079629211.WAV	0.2043	3.6150	103.359	33	1	2	2	
339	Spectrogram 1	1	168.929912535	169.066091373	51.950	161.623	LH1079629211.WAV	0.1362	3.9299	103.359	33	1	2	2	
340	Spectrogram 1	1	169.278870809	169.491650244	43.292	176.054	LH1079629211.WAV	0.2128	4.2789	103.359	33	1	2	2	
341	Spectrogram 1	1	169.619317906	169.806563809	62.052	160.180	LH1079629211.WAV	0.1872	4.6193	120.586	33	2	2	2	
342	Spectrogram 1	1	170.453413293	170.640659196	44.735	190.484	LH1079629806.WAV	0.1872	0.4534	103.359	33	1	2	2	
343	Spectrogram 1	1	170.844927455	171.006639826	44.735	187.598	LH1079629806.WAV	0.1617	0.8449	120.586	33	1	2	2	
344	Spectrogram 1	1	171.193885729	171.347086922	53.393	163.066	LH1079629806.WAV	0.1532	1.1939	103.359	33	2	2	2	
345	Spectrogram 1	1	171.534332826	171.619444600	60.609	155.851	LH1079629806.WAV	0.0851	1.5344	103.359	33	1	2	2	
346	Spectrogram 1	1	171.619444600	171.730089906	59.166	147.192	LH1079629806.WAV	0.1106	1.6195	103.359	33	1	2	2	
347	Spectrogram 1	1	171.874779923	172.002447584	57.723	158.737	LH1079629806.WAV	0.1277	1.8748	103.359	33	1	2	2	
348	Spectrogram 1	1	172.002447584	172.096070535	57.723	150.079	LH1079629806.WAV	0.0936	2.0025	103.359	33	1	2	2	
349	Spectrogram 1	1	172.283316439	172.436517632	54.836	157.294	LH1079629806.WAV	0.1532	2.2833	103.359	33	1	2	2	
350	Spectrogram 1	1	172.513120137	172.683343685	50.507	148.635	LH1079629806.WAV	0.1702	2.5132	103.359	33	1	2	2	
351	Spectrogram 1	1	172.887611943	173.040813137	57.723	161.623	LH1079629806.WAV	0.1532	2.8876	103.359	33	1	2	2	
352	Spectrogram 1	1	173.176991976	173.313170814	49.064	150.079	LH1079629806.WAV	0.1362	3.1770	103.359	33	1	2	2	
353	Spectrogram 1	1	173.440838476	173.653617911	49.064	148.635	LH1079629806.WAV	0.2128	3.4408	103.359	33	2	2	2	
354	Spectrogram 1	1	173.823841460	173.900442056	47.621	152.965	LH1079629806.WAV	0.0766	3.8238	103.359	33	1	2	2	
355	Spectrogram 1	1	173.900442056	174.019598540	51.950	147.192	LH1079629806.WAV	0.1192	3.9005	103.359	33	1	2	2	
356	Spectrogram 1	1	174.130243847	174.300467395	54.836	167.395	LH1079629806.WAV	0.1702	4.1303	120.586	33	1	2	2	
357	Spectrogram 1	1	174.428135057	174.615380960	57.723	157.294	LH1079629806.WAV	0.1872	4.4281	103.359	33	2	2	2	
358	Spectrogram 1	1	174.734537444	174.887738637	57.723	167.395	LH1079629806.WAV	0.1532	4.7346	86.133	33	2	2	2	
359	Spectrogram 1	1	175.100518073	175.211163379	60.609	154.408	LH1079629811.WAV	0.1106	0.1006	86.133	33	2	2	2	
360	Spectrogram 1	1	175.994191702	176.241015847	51.950	155.851	LH1079629811.WAV	0.2468	0.9942	103.359	33	1	2	2	
361	Spectrogram 1	1	175.696300492	175.772901089	77.925	144.306	LH1079629811.WAV	0.0766	0.6963	103.359	33	3	2	2	
362	Spectrogram 1	1	176.317616444	176.555929412	56.279	193.370	LH1079629811.WAV	0.2383	1.3176	103.359	33	1	2	2	
363	Spectrogram 1	1	176.726154128	176.802754725	54.836	151.522	LH1079629811.WAV	0.0766	1.7262	103.359	33	2	2	2	
364	Spectrogram 1	1	176.819777079	176.913400031	53.393	142.863	LH1079629811.WAV	0.0936	1.8197	103.359	33	2	2	2	
365	Spectrogram 1	1	177.075112402	177.160224176	51.950	155.851	LH1079629811.WAV	0.0851	2.0751	103.359	33	1	2	2	
366	Spectrogram 1	1	177.160224176	177.304914192	50.507	160.180	LH1079629811.WAV	0.1447	2.1602	103.359	33	1	2	2	
367	Spectrogram 1	1	177.424070676	177.628338934	49.064	184.712	LH1079629811.WAV	0.2043	2.4240	103.359	33	1	2	2	
368	Spectrogram 1	1	177.713450709	177.926230144	54.836	158.737	LH1079629811.WAV	0.2128	2.7135	103.359	33	1	2	2	
369	Spectrogram 1	1	177.994319564	178.121987225	56.279	144.306	LH1079629811.WAV	0.1277	2.9943	103.359	33	1	2	2	
370	Spectrogram 1	1	178.224121354	178.385833725	57.723	155.851	LH1079629811.WAV	0.1617	3.2241	103.359	33	1	2	2	
371	Spectrogram 1	1	178.547546096	178.717769644	50.507	152.965	LH1079629811.WAV	0.1702	3.5475	103.359	33	1	2	2	
372	Spectrogram 1	1	178.947571435	179.083750273	57.723	157.294	LH1079629811.WAV	0.1362	3.9476	103.359	33	1	2	2	
373	Spectrogram 1	1	179.262484999	179.398663838	54.836	152.965	LH1079629811.WAV	0.1362	4.2625	103.359	33	1	2	2	
374	Spectrogram 1	1	179.534842677	179.756133290	51.950	181.826	LH1079629811.WAV	0.2213	4.5348	103.359	33	1	2	2	
375	Spectrogram 1	1	181.705197683	181.815842990	56.279	152.965	LH1079630406.WAV	0.1106	1.7052	120.586	33	2	2	2	
376	Spectrogram 1	1	182.054155957	182.198845973	51.950	161.623	LH1079630406.WAV	0.1447	2.0542	103.359	33	1	2	2	
377	Spectrogram 1	1	182.462692474	182.607382490	64.938	155.851	LH1079630406.WAV	0.1447	2.4627	103.359	33	2	2	2	
378	Spectrogram 1	1	182.871228990	183.032941361	51.950	164.509	LH1079630406.WAV	0.1617	2.8712	103.359	33	2	2	2	
379	Spectrogram 1	1	183.211676087	183.339343748	56.279	161.623	LH1079630406.WAV	0.1277	3.2117	120.586	33	2	2	2	
380	Spectrogram 1	1	183.518078474	183.620212603	57.723	161.623	LH1079630406.WAV	0.1021	3.5180	103.359	33	2	2	2	
381	Spectrogram 1	1	183.858525571	183.986193232	54.836	152.965	LH1079630406.WAV	0.1277	3.8585	103.359	33	2	2	2	
382	Spectrogram 1	1	184.198972668	184.309617974	53.393	155.851	LH1079630406.WAV	0.1106	4.1990	103.359	33	2	2	2	
383	Spectrogram 1	1	184.505375055	184.658576248	53.393	152.965	LH1079630406.WAV	0.1532	4.5053	103.359	33	2	2	2	
384	Spectrogram 1	1	184.794755087	184.964978635	51.950	152.965	LH1079630406.WAV	0.1702	4.7948	103.359	33	2	2	2	
385	Spectrogram 1	1	185.126691006	185.262869845	43.292	161.623	LH1079630411.WAV	0.1362	0.1266	86.133	33	2	2	2	
386	Spectrogram 1	1	185.467138103	185.611828119	53.393	191.927	LH1079630411.WAV	0.1447	0.4671	103.359	33	2	2	2	
387	Spectrogram 1	1	187.322574781	187.450242443	59.166	152.965	LH1079630411.WAV	0.1277	2.3226	86.133	33	3	2	2	
388	Spectrogram 1	1	187.680044233	187.833245427	44.735	196.257	LH1079630411.WAV	0.1532	2.6800	103.359	33	1	2	2	
389	Spectrogram 1	1	188.011980152	188.139647814	53.393	158.737	LH1079630411.WAV	0.1277	3.0120	120.586	33	1	2	2	
390	Spectrogram 1	1	188.335404894	188.463072556	60.609	151.522	LH1079630411.WAV	0.1277	3.3354	103.359	33	2	2	2	
391	Spectrogram 1	1	188.684363169	188.777986120	57.723	176.054	LH1079630411.WAV	0.0936	3.6844	86.133	33	2	2	2	
392	Spectrogram 1	1	189.578042197	189.722732213	57.723	155.851	LH1079630411.WAV	0.1447	4.5780	86.133	33	2	2	2	
393	Spectrogram 1	1	190.650450552	190.769607036	54.836	196.257	LH1079631006.WAV	0.1192	0.6505	103.359	33	1	2	2	
394	Spectrogram 1	1	191.007920004	191.135587665	47.621	158.737	LH1079631006.WAV	0.1277	1.0079	120.586	33	2	2	2	
395	Spectrogram 1	1	191.339855923	191.433478875	56.279	155.851	LH1079631006.WAV	0.0936	1.3399	103.359	33	2	2	2	
396	Spectrogram 1	1	191.688814197	191.842015391	62.052	199.143	LH1079631006.WAV	0.1532	1.6888	103.359	33	1	2	2	
397	Spectrogram 1	1	191.986705407	192.156928956	53.393	151.522	LH1079631006.WAV	0.1702	1.9867	86.133	33	2	2	2	
398	Spectrogram 1	1	192.956979633	193.135714359	56.279	155.851	LH1079631006.WAV	0.1787	2.9570	103.359	33	2	2	2	
399	Spectrogram 1	1	193.322960262	193.442116746	70.710	158.737	LH1079631006.WAV	0.1192	3.3230	120.586	33	2	2	2	
400	Spectrogram 1	1	193.637873827	193.799586198	49.064	158.737	LH1079631006.WAV	0.1617	3.6379	103.359	33	2	2	2	
401	Spectrogram 1	1	193.944276214	194.114499762	54.836	164.509	LH1079631006.WAV	0.1702	3.9443	103.359	33	1	2	2	
402	Spectrogram 1	1	194.293234488	194.454946859	50.507	155.851	LH1079631006.WAV	0.1617	4.2932	86.133	33	2	2	2	
403	Spectrogram 1	1	194.616659230	194.795393956	56.279	154.408	LH1079631006.WAV	0.1787	4.6167	103.359	33	1	2	2	
404	Spectrogram 1	1	195.365642843	195.501821682	53.393	190.484	LH1079631011.WAV	0.1362	0.3656	120.586	33	2	2	2	
405	Spectrogram 1	1	195.731623473	195.867802311	59.166	193.370	LH1079631011.WAV	0.1362	0.7316	103.359	33	2	2	2	
406	Spectrogram 1	1	196.072070569	196.242294118	57.723	193.370	LH1079631011.WAV	0.1702	1.0721	103.359	33	1	2	2	
407	Spectrogram 1	1	196.421028844	196.582741215	59.166	199.143	LH1079631011.WAV	0.1617	1.4210	103.359	31	2	2	2	
408	Spectrogram 1	1	196.752964763	196.889143602	60.609	160.180	LH1079631011.WAV	0.1362	1.7529	103.359	33	2	2	2	
409	Spectrogram 1	1	197.050855973	197.212568344	57.723	163.066	LH1079631011.WAV	0.1617	2.0509	103.359	33	2	2	2	
410	Spectrogram 1	1	197.706221398	197.825377882	59.166	151.522	LH1079631011.WAV	0.1192	2.7062	103.359	33	2	2	2	
411	Spectrogram 1	1	198.080713205	198.199869689	54.836	155.851	LH1079631011.WAV	0.1192	3.0807	103.359	33	2	2	2	
412	Spectrogram 1	1	198.438182656	198.599895027	54.836	158.737	LH1079631011.WAV	0.1617	3.4382	103.359	33	2	2	2	
413	Spectrogram 1	1	198.804163285	198.872252705	67.824	152.965	LH1079631011.WAV	0.0681	3.8042	120.586	33	2	2	2	
414	Spectrogram 1	1	199.110565673	199.221210979	66.381	163.066	LH1079631011.WAV	0.1106	4.1105	103.359	33	2	2	2	
415	Spectrogram 1	1	199.485057479	199.621236318	57.723	151.522	LH1079631011.WAV	0.1362	4.4850	103.359	33	2	2	2	
416	Spectrogram 1	1	200.336175221	200.514909947	56.279	170.281	LH1079631606.WAV	0.1787	0.3362	120.586	33	2	2	2	
417	Spectrogram 1	1	200.676622318	200.804289979	54.836	193.370	LH1079631606.WAV	0.1277	0.6766	120.586	33	2	2	2	
418	Spectrogram 1	1	201.578807125	201.706474786	57.723	151.522	LH1079631606.WAV	0.1277	1.5788	120.586	33	2	2	2	
419	Spectrogram 1	1	201.961810109	202.123522480	56.279	193.370	LH1079631606.WAV	0.1617	1.9618	103.359	33	1	2	2	
420	Spectrogram 1	1	202.336301915	202.463969577	59.166	191.927	LH1079631606.WAV	0.1277	2.3363	103.359	33	1	2	2	
421	Spectrogram 1	1	203.127841416	203.315087319	49.064	197.700	LH1079631606.WAV	0.1872	3.1279	103.359	33	1	2	2	
422	Spectrogram 1	1	203.468288512	203.612978529	54.836	181.826	LH1079631606.WAV	0.1447	3.4683	120.586	33	1	2	2	
423	Spectrogram 1	1	203.817246787	203.936403271	57.723	147.192	LH1079631606.WAV	0.1192	3.8172	86.133	33	3	2	2	
424	Spectrogram 1	1	204.200249771	204.310895077	49.064	154.408	LH1079631606.WAV	0.1106	4.2002	120.586	33	2	2	2	
425	Spectrogram 1	1	204.600275109	204.651342174	64.938	144.306	LH1079631606.WAV	0.0511	4.6002	103.359	33	3	2	2	
426	Spectrogram 1	1	205.332240496	205.459908158	59.166	150.079	LH1079631611.WAV	0.1277	0.3322	103.359	33	1	2	2	
427	Spectrogram 1	1	207.000431271	207.162143642	49.064	152.965	LH1079631611.WAV	0.1617	2.0005	103.359	33	2	2	2	
428	Spectrogram 1	1	207.366411900	207.528124271	53.393	193.370	LH1079631611.WAV	0.1617	2.3664	103.359	33	1	2	2	
429	Spectrogram 1	1	207.740903707	207.885593723	51.950	194.813	LH1079631611.WAV	0.1447	2.7409	103.359	33	1	2	2	
430	Spectrogram 1	1	208.881401481	209.009069142	53.393	187.598	LH1079631611.WAV	0.1277	3.8814	86.133	33	2	2	2	
431	Spectrogram 1	1	209.221848578	209.358027417	56.279	157.294	LH1079631611.WAV	0.1362	4.2219	120.586	33	1	2	2	
432	Spectrogram 1	1	209.596340384	209.724008046	60.609	141.420	LH1079631611.WAV	0.1277	4.5964	103.359	33	2	2	2	
433	Spectrogram 1	1	212.541210101	212.643344230	63.495	152.965	LH1079632206.WAV	0.1021	2.5412	103.359	33	2	2	2	
434	Spectrogram 1	1	212.915701908	213.034858392	64.938	152.965	LH1079632206.WAV	0.1192	2.9156	120.586	33	2	2	2	
435	Spectrogram 1	1	213.264660182	213.366794311	62.052	155.851	LH1079632206.WAV	0.1021	3.2646	120.586	33	2	2	2	
436	Spectrogram 1	1	216.847870852	216.932982626	59.166	148.635	LH1079632211.WAV	0.0851	1.8478	103.359	33	2	2	2	
437	Spectrogram 1	1	217.222362659	217.315985610	62.052	150.079	LH1079632211.WAV	0.0936	2.2223	103.359	33	3	2	2	
438	Spectrogram 1	1	217.579832110	217.698988594	57.723	157.294	LH1079632211.WAV	0.1192	2.5798	86.133	33	2	2	2	
439	Spectrogram 1	1	217.945812739	218.073480401	57.723	193.370	LH1079632211.WAV	0.1277	2.9458	103.359	33	1	2	2	
440	Spectrogram 1	1	218.311793368	218.405416320	56.279	150.079	LH1079632211.WAV	0.0936	3.3118	86.133	33	2	2	2	
441	Spectrogram 1	1	221.111973916	221.188574513	62.052	151.522	LH1079632806.WAV	0.0766	1.1120	120.586	33	2	2	2	
442	Spectrogram 1	1	222.082248142	222.192893448	57.723	152.965	LH1079632806.WAV	0.1106	2.0822	103.359	33	2	2	2	
443	Spectrogram 1	1	222.482273481	222.584407610	60.609	184.712	LH1079632806.WAV	0.1021	2.4823	103.359	33	2	2	2	
444	Spectrogram 1	1	223.282324158	223.384458288	60.609	141.420	LH1079632806.WAV	0.1021	3.2823	103.359	33	2	2	2	
445	Spectrogram 1	1	223.614260078	223.707883030	60.609	157.294	LH1079632806.WAV	0.0936	3.6143	86.133	33	2	2	2	
446	Spectrogram 1	1	223.997263062	224.141953078	60.609	160.180	LH1079632806.WAV	0.1447	3.9973	120.586	33	1	2	2	
447	Spectrogram 1	1	224.363243691	224.490911352	57.723	165.952	LH1079632806.WAV	0.1277	4.3633	120.586	33	2	2	2	
448	Spectrogram 1	1	224.729224320	224.882425514	57.723	189.041	LH1079632806.WAV	0.1532	4.7293	86.133	33	2	2	2	
449	Spectrogram 1	1	225.103716127	225.180316723	60.609	164.509	LH1079632811.WAV	0.0766	0.1037	103.359	33	2	2	2	
450	Spectrogram 1	1	226.857022381	226.933622977	64.938	152.965	LH1079632811.WAV	0.0766	1.8570	120.586	33	2	2	2	
451	Spectrogram 1	1	227.231514187	227.308114784	49.064	155.851	LH1079632811.WAV	0.0766	2.2315	103.359	33	2	2	2	
452	Spectrogram 1	1	227.623028349	227.708140123	51.950	154.408	LH1079632811.WAV	0.0851	2.6230	103.359	33	2	2	2	
453	Spectrogram 1	1	227.963475445	228.150721349	51.950	191.927	LH1079632811.WAV	0.1872	2.9635	103.359	33	2	2	2	
454	Spectrogram 1	1	228.320944897	228.457123736	60.609	187.598	LH1079632811.WAV	0.1362	3.3210	103.359	33	3	2	2	
455	Spectrogram 1	1	228.669903171	228.814593188	53.393	158.737	LH1079632811.WAV	0.1447	3.6700	103.359	33	2	2	2	
456	Spectrogram 1	1	230.304049236	230.457250430	63.495	178.940	LH1079633406.WAV	0.1532	0.3041	103.359	33	1	2	2	
457	Spectrogram 1	1	230.721096930	230.848764591	53.393	157.294	LH1079633406.WAV	0.1277	0.7211	86.133	33	2	2	2	
458	Spectrogram 1	1	231.155166978	231.274323462	54.836	152.965	LH1079633406.WAV	0.1192	1.1552	103.359	33	2	2	2	
459	Spectrogram 1	1	231.895639414	231.997773543	54.836	155.851	LH1079633406.WAV	0.1021	1.8957	86.133	33	2	2	2	
460	Spectrogram 1	1	232.270131221	232.372265350	56.279	151.522	LH1079633406.WAV	0.1021	2.2702	86.133	33	2	2	2	
461	Spectrogram 1	1	232.661645382	232.789313043	57.723	148.635	LH1079633406.WAV	0.1277	2.6617	86.133	33	2	2	2	
462	Spectrogram 1	1	233.121248963	233.206360737	62.052	142.863	LH1079633406.WAV	0.0851	3.1212	86.133	33	3	2	2	
463	Spectrogram 1	1	233.946833173	234.074500834	53.393	164.509	LH1079633406.WAV	0.1277	3.9468	103.359	33	1	2	2	
464	Spectrogram 1	1	234.321330272	234.440486756	60.609	147.192	LH1079633406.WAV	0.1192	4.3213	86.133	33	2	2	2	
465	Spectrogram 1	1	234.738377966	234.849023272	57.723	148.635	LH1079633406.WAV	0.1106	4.7383	86.133	33	2	2	2	
466	Spectrogram 1	1	235.163936837	235.249048611	66.381	142.863	LH1079633411.WAV	0.0851	0.1639	103.359	33	3	2	2	
467	Spectrogram 1	1	235.580984531	235.666096305	60.609	150.079	LH1079633411.WAV	0.0851	0.5810	103.359	33	2	2	2	
468	Spectrogram 1	1	235.929942805	236.032076934	66.381	145.749	LH1079633411.WAV	0.1021	0.9299	86.133	33	3	2	2	
469	Spectrogram 1	1	236.789571725	236.900217031	57.723	161.623	LH1079633411.WAV	0.1106	1.7896	103.359	33	1	2	2	
470	Spectrogram 1	1	237.138529999	237.206619418	66.381	141.420	LH1079633411.WAV	0.0681	2.1385	103.359	33	3	2	2	
471	Spectrogram 1	1	238.006670096	238.142848935	56.279	152.965	LH1079633411.WAV	0.1362	3.0067	86.133	33	2	2	2	
472	Spectrogram 1	1	238.381161902	238.491807209	54.836	158.737	LH1079633411.WAV	0.1106	3.3812	103.359	33	2	2	2	
473	Spectrogram 1	1	238.755653709	238.857787838	53.393	155.851	LH1079633411.WAV	0.1021	3.7557	103.359	33	2	2	2	
474	Spectrogram 1	1	239.155679048	239.223768467	63.495	148.635	LH1079633411.WAV	0.0681	4.1557	103.359	33	2	2	2	
475	Spectrogram 1	1	239.487614967	239.564215564	60.609	155.851	LH1079633411.WAV	0.0766	4.4876	103.359	33	3	2	2	
476	Spectrogram 1	1	239.862106774	239.955729725	59.166	138.534	LH1079633411.WAV	0.0936	4.8621	103.359	33	3	2	2	
477	Spectrogram 1	1	240.338732709	240.466400371	66.381	148.635	LH1079634006.WAV	0.1277	0.3388	120.586	33	3	2	2	
478	Spectrogram 1	1	240.772802758	240.874936887	59.166	145.749	LH1079634006.WAV	0.1021	0.7728	86.133	33	3	2	2	
479	Spectrogram 1	1	245.462466387	245.564600516	57.723	147.192	LH1079634011.WAV	0.1021	0.4625	103.359	33	2	2	2	
480	Spectrogram 1	1	245.871002904	245.939092323	67.824	141.420	LH1079634011.WAV	0.0681	0.8710	86.133	33	2	2	2	
481	Spectrogram 1	1	253.343819432	253.403397674	63.495	139.977	LH1079634606.WAV	0.0596	3.3438	103.359	33	2	2	2	
482	Spectrogram 1	1	254.501339561	254.569428981	63.495	128.433	LH1079634606.WAV	0.0681	4.5014	86.133	33	3	2	2	
483	Spectrogram 1	1	255.522680852	255.590770271	75.039	147.192	LH1079634611.WAV	0.0681	0.5227	103.359	33	3	2	2	
484	Spectrogram 1	1	257.386630195	257.488764324	57.723	148.635	LH1079634611.WAV	0.1021	2.3866	103.359	33	2	2	2	
485	Spectrogram 1	1	257.735588469	257.820700243	67.824	139.977	LH1079634611.WAV	0.0851	2.7356	86.133	33	3	2	2	
486	Spectrogram 1	1	264.476443850	264.604111512	60.609	152.965	LH1079635206.WAV	0.1277	4.4764	103.359	33	2	2	2	
487	Spectrogram 1	1	264.842424479	264.970092141	54.836	168.838	LH1079635206.WAV	0.1277	4.8424	86.133	33	2	2	2	
488	Spectrogram 1	1	270.442782191	270.638539272	57.723	147.192	LH1079635806.WAV	0.1958	0.4427	86.133	33	2	2	2	
489	Spectrogram 1	1	270.808762820	270.936430482	56.279	151.522	LH1079635806.WAV	0.1277	0.8087	103.359	33	2	2	2	
490	Spectrogram 1	1	271.217299337	271.336455820	53.393	152.965	LH1079635806.WAV	0.1192	1.2173	86.133	33	2	2	2	
491	Spectrogram 1	1	271.583279966	271.744992337	54.836	170.281	LH1079635806.WAV	0.1617	1.5833	120.586	33	2	2	2	
492	Spectrogram 1	1	272.783355982	272.902512466	70.710	154.408	LH1079635806.WAV	0.1192	2.7833	120.586	33	2	2	2	
493	Spectrogram 1	1	273.157847789	273.302537805	56.279	142.863	LH1079635806.WAV	0.1447	3.1578	103.359	33	2	2	2	
494	Spectrogram 1	1	273.515317240	273.625962547	73.596	142.863	LH1079635806.WAV	0.1106	3.5153	86.133	33	3	2	2	
495	Spectrogram 1	1	280.979621648	281.107289309	49.064	165.952	LH1079636406.WAV	0.1277	0.9796	103.359	33	2	2	2	
496	Spectrogram 1	1	281.362624632	281.532848180	57.723	157.294	LH1079636406.WAV	0.1702	1.3626	120.586	33	2	2	2	
497	Spectrogram 1	1	281.737116438	281.890317632	59.166	178.940	LH1079636406.WAV	0.1532	1.7371	103.359	33	1	2	2	
498	Spectrogram 1	1	282.103097068	282.324387681	60.609	148.635	LH1079636406.WAV	0.2213	2.1031	103.359	33	1	2	2	
499	Spectrogram 1	1	282.443544164	282.588234181	54.836	158.737	LH1079636406.WAV	0.1447	2.4435	103.359	33	2	2	2	
500	Spectrogram 1	1	283.498930165	283.592553116	62.052	148.635	LH1079636406.WAV	0.0936	3.4990	103.359	33	3	2	2	
501	Spectrogram 1	1	283.847888439	283.941511391	62.052	135.648	LH1079636406.WAV	0.0936	3.8478	86.133	33	3	2	2	
502	Spectrogram 1	1	284.205357891	284.316003197	57.723	161.623	LH1079636406.WAV	0.1106	4.2053	103.359	33	2	2	2	
503	Spectrogram 1	1	284.537293810	284.699006181	53.393	147.192	LH1079636406.WAV	0.1617	4.5373	103.359	33	2	2	2	
504	Spectrogram 1	1	285.252232714	285.379900375	56.279	161.623	LH1079636411.WAV	0.1277	0.2523	120.586	33	2	2	2	
505	Spectrogram 1	1	285.660769230	285.788436891	53.393	145.749	LH1079636411.WAV	0.1277	0.6608	86.133	33	3	2	2	
506	Spectrogram 1	1	286.358685778	286.494864617	53.393	141.420	LH1079636411.WAV	0.1362	1.3587	103.359	33	3	2	2	
507	Spectrogram 1	1	287.482161198	287.609828859	50.507	152.965	LH1079636411.WAV	0.1277	2.4822	86.133	33	2	2	2	
508	Spectrogram 1	1	287.822608295	287.941764779	50.507	163.066	LH1079636411.WAV	0.1192	2.8226	103.359	33	1	2	2	
509	Spectrogram 1	1	288.733306612	288.886507806	67.824	150.079	LH1079636411.WAV	0.1532	3.7333	103.359	33	2	2	2	
510	Spectrogram 1	1	288.971619580	289.133331951	51.950	165.952	LH1079636411.WAV	0.1617	3.9717	103.359	33	1	2	2	
511	Spectrogram 1	1	289.737625548	289.848270854	54.836	150.079	LH1079636411.WAV	0.1106	4.7376	86.133	33	3	2	2	
512	Spectrogram 1	1	290.503631516	290.690877419	57.723	164.509	LH1079637006.WAV	0.1872	0.5036	103.359	33	1	2	2	
513	Spectrogram 1	1	290.929190387	290.980257451	64.938	145.749	LH1079637006.WAV	0.0511	0.9291	103.359	33	3	2	2	
514	Spectrogram 1	1	291.295171016	291.371771613	66.381	126.990	LH1079637006.WAV	0.0766	1.2951	86.133	33	3	2	2	
515	Spectrogram 1	1	291.652640468	291.788819306	60.609	152.965	LH1079637006.WAV	0.1362	1.6526	120.586	33	3	2	2	
516	Spectrogram 1	1	292.078199339	292.146288758	76.482	134.205	LH1079637006.WAV	0.0681	2.0782	103.359	33	3	2	2	
517	Spectrogram 1	1	293.703834226	293.805968355	54.836	157.294	LH1079637006.WAV	0.1021	3.7039	120.586	33	2	2	2	
518	Spectrogram 1	1	292.793139093	292.937829109	51.950	154.408	LH1079637006.WAV	0.1447	2.7931	86.133	33	3	2	2	
519	Spectrogram 1	1	294.503885754	294.631553416	62.052	144.306	LH1079637006.WAV	0.1277	4.5039	103.359	33	3	2	2	
520	Spectrogram 1	1	294.844332851	294.963489335	56.279	158.737	LH1079637006.WAV	0.1192	4.8443	86.133	33	2	2	2	
521	Spectrogram 1	1	295.218824658	295.372025851	54.836	158.737	LH1079637011.WAV	0.1532	0.2188	103.359	33	2	2	2	
522	Spectrogram 1	1	295.584805287	295.695450593	60.609	161.623	LH1079637011.WAV	0.1106	0.5848	103.359	33	2	2	2	
523	Spectrogram 1	1	295.967808271	296.095475932	49.064	145.749	LH1079637011.WAV	0.1277	0.9678	86.133	33	2	2	2	
524	Spectrogram 1	1	297.082772513	297.227462529	54.836	176.054	LH1079637011.WAV	0.1447	2.0828	103.359	33	1	2	2	
525	Spectrogram 1	1	297.465775497	297.567909626	59.166	158.737	LH1079637011.WAV	0.1021	2.4658	103.359	33	1	2	2	
526	Spectrogram 1	1	297.831756126	297.933890255	57.723	148.635	LH1079637011.WAV	0.1021	2.8317	103.359	33	2	2	2	
527	Spectrogram 1	1	298.997787862	299.108433169	56.279	158.737	LH1079637011.WAV	0.1106	3.9977	103.359	33	1	2	2	
528	Spectrogram 1	1	321.884350743	321.969462517	76.482	147.192	LH1079638806.WAV	0.0851	1.8844	120.586	33	3	2	2	
529	Spectrogram 1	1	340.796194393	340.932373232	57.723	164.509	LH1079640006.WAV	0.1362	0.7961	103.359	33	2	2	2	
530	Spectrogram 1	1	349.520154852	349.605266626	66.381	147.192	LH1079640011.WAV	0.0851	4.5202	103.359	33	3	2	2	
531	Spectrogram 1	1	361.010251676	361.120896983	79.368	142.863	LH1079641206.WAV	0.1106	1.0102	103.359	33	3	2	2	
532	Spectrogram 1	1	362.116704741	362.218838870	59.166	147.192	LH1079641206.WAV	0.1021	2.1167	103.359	33	2	2	2	
533	Spectrogram 1	1	362.235861225	362.329484177	62.052	141.420	LH1079641206.WAV	0.0936	2.2358	103.359	33	2	2	2	
534	Spectrogram 1	1	363.835962580	363.946607887	59.166	158.737	LH1079641206.WAV	0.1106	3.8359	86.133	33	2	2	2	
535	Spectrogram 1	1	363.963630241	364.082786725	54.836	141.420	LH1079641206.WAV	0.1192	3.9636	103.359	33	2	2	2	
536	Spectrogram 1	1	364.099809080	364.210454387	56.279	144.306	LH1079641206.WAV	0.1106	4.0998	103.359	33	2	2	2	
537	Spectrogram 1	1	367.597906388	367.674506985	69.267	152.965	LH1079641211.WAV	0.0766	2.5980	103.359	33	3	2	2	
538	Spectrogram 1	1	367.921331130	367.989420549	64.938	135.648	LH1079641211.WAV	0.0681	2.9213	86.133	33	3	2	2	
539	Spectrogram 1	1	368.559669437	368.644781211	64.938	148.635	LH1079641211.WAV	0.0851	3.5596	103.359	33	2	2	2	
540	Spectrogram 1	1	371.010891922	371.096003696	70.710	141.420	LH1079641806.WAV	0.0851	1.0109	103.359	33	3	2	2	
541	Spectrogram 1	1	371.210904591	371.304527543	64.216	146.471	LH1079641806.WAV	0.0936	1.2109	86.133	33	3	2	2	
542	Spectrogram 1	1	379.488029821	379.573141595	67.824	145.749	LH1079641811.WAV	0.0851	4.4880	103.359	33	3	2	2	
543	Spectrogram 1	1	380.432770514	380.594482885	69.267	152.965	LH1079642406.WAV	0.1617	0.4328	120.586	33	3	2	2	
544	Spectrogram 1	1	385.573525382	385.675659511	77.925	135.648	LH1079642411.WAV	0.1021	0.5735	103.359	33	3	2	2	
545	Spectrogram 1	1	393.029321990	393.191034361	63.495	147.192	LH1079643006.WAV	0.1617	3.0294	103.359	33	2	2	2	
546	Spectrogram 1	1	400.348939866	400.502141060	57.723	168.838	LH1079643606.WAV	0.1532	0.3490	103.359	33	1	2	2	
547	Spectrogram 1	1	400.961744640	401.072389947	60.609	157.294	LH1079643606.WAV	0.1106	0.9618	103.359	33	2	2	2	
548	Spectrogram 1	1	408.043049230	408.128161005	51.950	148.635	LH1079643611.WAV	0.0851	3.0431	103.359	33	2	2	2	
549	Spectrogram 1	1	408.409029860	408.511163989	51.950	157.294	LH1079643611.WAV	0.1021	3.4091	103.359	33	2	2	2	
550	Spectrogram 1	1	409.064390521	409.140991118	57.723	158.737	LH1079643611.WAV	0.0766	4.0644	103.359	33	1	2	2	
551	Spectrogram 1	1	410.630447167	410.741092473	64.938	147.192	LH1079644206.WAV	0.1106	0.6305	103.359	33	1	2	2	
552	Spectrogram 1	1	411.711366699	411.770944941	67.824	147.192	LH1079644206.WAV	0.0596	1.7113	103.359	33	2	2		
553	Spectrogram 1	1	412.877398006	412.971020958	73.596	135.648	LH1079644206.WAV	0.0936	2.8774	103.359	33	2	2	2	
554	Spectrogram 1	1	412.996554490	413.098688619	69.267	139.977	LH1079644206.WAV	0.1021	2.9966	103.359	33	2	2	2	
555	Spectrogram 1	1	425.839930217	425.942064346	53.393	152.965	LH1079644811.WAV	0.1021	0.8399	103.359	33	2	2	2	
556	Spectrogram 1	1	431.023241395	431.210487299	54.836	170.281	LH1079645406.WAV	0.1872	1.0232	103.359	33	1	2	2	
557	Spectrogram 1	1	438.998218133	439.151419326	62.052	152.965	LH1079645411.WAV	0.1532	3.9982	103.359	33	1	2	2	
558	Spectrogram 1	1	446.309324725	446.479548273	64.938	154.408	LH1079646011.WAV	0.1702	1.3093	103.359	33	2	2	2	
559	Spectrogram 1	1	450.360647718	450.573427154	64.938	148.635	LH1079646606.WAV	0.2128	0.3607	86.133	33	3	2	2	
560	Spectrogram 1	1	453.297003929	453.424671590	69.267	144.306	LH1079646606.WAV	0.1277	3.2971	103.359	33	3	2	2	
561	Spectrogram 1	1	454.173655203	454.284300509	60.609	170.281	LH1079646606.WAV	0.1106	4.1737	103.359	33	1	2	2	
562	Spectrogram 1	1	459.159978480	459.296157319	59.166	158.737	LH1079646611.WAV	0.1362	4.1600	103.359	33	2	2	2	
563	Spectrogram 1	1	461.347353936	461.432465710	57.723	135.648	LH1079647206.WAV	0.0851	1.3474	103.359	33	2	2	2	
564	Spectrogram 1	1	462.172938146	462.241027565	73.596	138.534	LH1079647206.WAV	0.0681	2.1729	103.359	33	3	2	2	
565	Spectrogram 1	1	462.309116984	462.419762291	62.052	145.749	LH1079647206.WAV	0.1106	2.3091	103.359	33	2	2	2	
566	Spectrogram 1	1	462.666586436	462.794254097	62.052	152.965	LH1079647206.WAV	0.1277	2.6666	103.359	33	2	2	2	
567	Spectrogram 1	1	475.944032847	476.046166976	57.723	158.737	LH1079647811.WAV	0.1021	0.9440	103.359	33	2	2	2	
568	Spectrogram 1	1	476.471725847	476.590882331	62.052	154.408	LH1079647811.WAV	0.1192	1.4718	103.359	33	1	2	2	
569	Spectrogram 1	1	558.587600894	558.774846797	60.609	158.737	LH1079652611.WAV	0.1872	3.5876	103.359	33	3	2	2	
