Selection	View	Channel	Begin Time (s)	End Time (s)	Low Freq (Hz)	High Freq (Hz)	Begin File	Delta Time (s)	File Offset (s)	call variant	level	call cutoff @ end	calls overlap	Notes
1	Spectrogram 1	1	840.139220788	841.438725588	19.286	300.000	SanctSound_FK3_01_671354921_20181223T215210Z.flac	1.2995	840.1392	9	3	2	2	
2	Spectrogram 1	1	907.704164482	908.957258396	19.286	308.571	SanctSound_FK3_01_671354921_20181223T215210Z.flac	1.2531	907.7042	9	3	2	2	
3	Spectrogram 1	1	909.579164265	912.252431282	12.857	158.571	SanctSound_FK3_01_671354921_20181223T215210Z.flac	2.6733	909.5792	2	3	2	2	
4	Spectrogram 1	1	916.856388392	922.639184752	17.143	137.143	SanctSound_FK3_01_671354921_20181223T215210Z.flac	5.7828	916.8564	2	3	2	2	
5	Spectrogram 1	1	934.965909255	938.678780113	19.286	147.857	SanctSound_FK3_01_671354921_20181223T215210Z.flac	3.7129	934.9659	2	3	2	2	
6	Spectrogram 1	1	988.392320557	989.998137203	19.286	306.429	SanctSound_FK3_01_671354921_20181223T215210Z.flac	1.6058	988.3923	9	3	2	2	
7	Spectrogram 1	1	1042.433140793	1045.913957222	30.000	152.143	SanctSound_FK3_01_671354921_20181223T215210Z.flac	3.4808	1042.4331	2	3	2	2	
8	Spectrogram 1	1	1117.795127015	1121.173839495	49.286	147.857	SanctSound_FK3_01_671354921_20181223T215210Z.flac	3.3787	1117.7951	1	3	2	2	
9	Spectrogram 1	1	1166.914595798	1168.204818421	19.286	248.571	SanctSound_FK3_01_671354921_20181223T215210Z.flac	1.2902	1166.9146	9	3	2	2	
10	Spectrogram 1	1	1197.258028501	1199.300107473	19.286	160.714	SanctSound_FK3_01_671354921_20181223T215210Z.flac	2.0421	1197.2580	2	3	2	2	
11	Spectrogram 1	1	1266.298852715	1268.981401910	6.429	135.000	SanctSound_FK3_01_671354921_20181223T215210Z.flac	2.6825	1266.2989	2	3	2	2	
12	Spectrogram 1	1	1334.493183657	1337.472762520	19.286	141.429	SanctSound_FK3_01_671354921_20181223T215210Z.flac	2.9796	1334.4932	2	3	2	2	
13	Spectrogram 1	1	1386.723986646	1391.170149498	47.143	162.857	SanctSound_FK3_01_671354921_20181223T215210Z.flac	4.4462	1386.7240	1	3	2	2	
14	Spectrogram 1	1	1430.081030382	1434.879915965	25.714	180.000	SanctSound_FK3_01_671354921_20181223T215210Z.flac	4.7989	1430.0810	2	3	2	2	
15	Spectrogram 1	1	1438.026573108	1443.363824965	51.429	130.714	SanctSound_FK3_01_671354921_20181223T215210Z.flac	5.3373	1438.0266	1	3	2	2	
16	Spectrogram 1	1	1456.210355985	1457.407756837	19.286	310.714	SanctSound_FK3_01_671354921_20181223T215210Z.flac	1.1974	1456.2104	9	3	2	2	
17	Spectrogram 1	1	1513.748748143	1518.993178229	25.714	180.000	SanctSound_FK3_01_671354921_20181223T215210Z.flac	5.2444	1513.7487	2	3	2	2	
18	Spectrogram 1	1	1616.929415483	1621.876815900	25.714	205.714	SanctSound_FK3_01_671354921_20181223T215210Z.flac	4.9474	1616.9294	2	3	2	2	
19	Spectrogram 1	1	1626.063076642	1630.926937465	60.000	167.143	SanctSound_FK3_01_671354921_20181223T215210Z.flac	4.8639	1626.0631	1	3	2	2	
20	Spectrogram 1	1	1754.600832285	1756.791426091	62.143	150.000	SanctSound_FK3_01_671354921_20181223T215210Z.flac	2.1906	1754.6008	1	3	2	2	
21	Spectrogram 1	1	1779.272855732	1782.363820721	36.429	132.857	SanctSound_FK3_01_671354921_20181223T215210Z.flac	3.0910	1779.2729	1	3	2	2	
22	Spectrogram 1	1	1797.503049984	1798.719015190	21.429	295.714	SanctSound_FK3_01_671354921_20181223T215210Z.flac	1.2160	1797.5030	9	3	2	2	
23	Spectrogram 1	1	1843.782162335	1845.369414627	15.000	332.143	SanctSound_FK3_01_671354921_20181223T215210Z.flac	1.5873	1843.7822	9	3	2	2	
24	Spectrogram 1	1	1851.161492256	1852.470279233	25.714	315.000	SanctSound_FK3_01_671354921_20181223T215210Z.flac	1.3088	1851.1615	9	3	2	2	
25	Spectrogram 1	1	1881.551335021	1885.728314736	62.143	165.000	SanctSound_FK3_01_671354921_20181223T215210Z.flac	4.1770	1881.5513	1	3	2	2	
26	Spectrogram 1	1	1923.794517997	1926.319270181	53.571	156.429	SanctSound_FK3_01_671354921_20181223T215210Z.flac	2.5248	1923.7945	1	3	2	2	
27	Spectrogram 1	1	1932.538327507	1933.809985776	19.286	306.429	SanctSound_FK3_01_671354921_20181223T215210Z.flac	1.2717	1932.5383	9	3	2	2	
28	Spectrogram 1	1	1972.561255377	1973.916453240	19.286	340.714	SanctSound_FK3_01_671354921_20181223T215210Z.flac	1.3552	1972.5613	9	3	2	2	
29	Spectrogram 1	1	1997.084763882	1999.646644774	19.286	190.714	SanctSound_FK3_01_671354921_20181223T215210Z.flac	2.5619	1997.0848	2	3	2	2	
30	Spectrogram 1	1	2051.923858657	2053.306903052	27.857	319.286	SanctSound_FK3_01_671354921_20181223T215210Z.flac	1.3830	2051.9239	9	3	2	2	
31	Spectrogram 1	1	2186.272256371	2187.952330434	25.714	250.714	SanctSound_FK3_01_671354921_20181223T215210Z.flac	1.6801	2186.2723	9	3	2	2	
32	Spectrogram 1	1	2198.998119134	2200.687475374	10.714	287.143	SanctSound_FK3_01_671354921_20181223T215210Z.flac	1.6894	2198.9981	9	3	2	2	
33	Spectrogram 1	1	2221.720885442	2225.303805820	83.571	152.143	SanctSound_FK3_01_671354921_20181223T215210Z.flac	3.5829	2221.7209	1	3	2	2	
34	Spectrogram 1	1	2230.529670497	2231.996254486	19.286	321.429	SanctSound_FK3_01_671354921_20181223T215210Z.flac	1.4666	2230.5297	9	3	2	2	
35	Spectrogram 1	1	2287.631801954	2291.047643143	21.429	156.429	SanctSound_FK3_01_671354921_20181223T215210Z.flac	3.4158	2287.6318	2	3	2	2	
36	Spectrogram 1	1	2296.988235669	2298.445537481	23.571	287.143	SanctSound_FK3_01_671354921_20181223T215210Z.flac	1.4573	2296.9882	9	3	2	2	
37	Spectrogram 1	1	2302.938110124	2304.376847581	19.286	274.286	SanctSound_FK3_01_671354921_20181223T215210Z.flac	1.4387	2302.9381	9	3	2	2	
38	Spectrogram 1	1	2316.944912962	2320.397882859	19.286	199.286	SanctSound_FK3_01_671354921_20181223T215210Z.flac	3.4530	2316.9449	2	3	2	2	
39	Spectrogram 1	1	2358.891065648	2360.301956573	25.714	327.857	SanctSound_FK3_01_671354921_20181223T215210Z.flac	1.4109	2358.8911	9	3	2	2	
40	Spectrogram 1	1	2419.215925930	2420.645381210	21.429	327.857	SanctSound_FK3_01_671354921_20181223T215210Z.flac	1.4295	2419.2159	9	3	2	2	
41	Spectrogram 1	1	2439.256143825	2440.611341688	21.429	319.286	SanctSound_FK3_01_671354921_20181223T215210Z.flac	1.3552	2439.2561	9	3	2	2	
42	Spectrogram 1	1	2452.778459498	2454.142939539	21.429	304.286	SanctSound_FK3_01_671354921_20181223T215210Z.flac	1.3645	2452.7785	9	3	2	2	
43	Spectrogram 1	1	2492.366939470	2495.949859847	23.571	188.571	SanctSound_FK3_01_671354921_20181223T215210Z.flac	3.5829	2492.3669	2	3	2	2	
44	Spectrogram 1	1	2498.910873494	2500.182531763	21.429	312.857	SanctSound_FK3_01_671354921_20181223T215210Z.flac	1.2717	2498.9109	9	3	2	2	
45	Spectrogram 1	1	2557.834125166	2561.751203920	19.286	156.429	SanctSound_FK3_01_671354921_20181223T215210Z.flac	3.9171	2557.8341	2	3	2	2	
46	Spectrogram 1	1	2568.100211734	2569.325459117	23.571	304.286	SanctSound_FK3_01_671354921_20181223T215210Z.flac	1.2252	2568.1002	9	3	2	2	
47	Spectrogram 1	1	2590.191790142	2591.881146382	23.571	310.714	SanctSound_FK3_01_671354921_20181223T215210Z.flac	1.6894	2590.1918	9	3	2	2	
48	Spectrogram 1	1	2628.005559988	2631.978331806	23.571	182.143	SanctSound_FK3_01_671354921_20181223T215210Z.flac	3.9728	2628.0056	2	3	2	2	
49	Spectrogram 1	1	2638.921398602	2642.105185363	49.286	171.429	SanctSound_FK3_01_671354921_20181223T215210Z.flac	3.1838	2638.9214	1	3	2	2	
50	Spectrogram 1	1	2658.423250278	2659.741319432	17.143	308.571	SanctSound_FK3_01_671354921_20181223T215210Z.flac	1.3181	2658.4233	9	3	2	2	
51	Spectrogram 1	1	2699.701085903	2701.334749080	27.857	302.143	SanctSound_FK3_01_671354921_20181223T215210Z.flac	1.6337	2699.7011	9	3	2	2	
52	Spectrogram 1	1	2730.295137044	2732.912710998	42.857	156.429	SanctSound_FK3_01_671354921_20181223T215210Z.flac	2.6176	2730.2951	1	3	2	2	
53	Spectrogram 1	1	2778.467815964	2781.698013610	51.429	169.286	SanctSound_FK3_01_671354921_20181223T215210Z.flac	3.2302	2778.4678	1	3	2	2	
54	Spectrogram 1	1	2830.438718064	2831.970277292	21.429	252.857	SanctSound_FK3_01_671354921_20181223T215210Z.flac	1.5316	2830.4387	9	3	2	2	
55	Spectrogram 1	1	2891.849593137	2895.209741263	53.571	152.143	SanctSound_FK3_01_671354921_20181223T215210Z.flac	3.3601	2891.8496	1	3	2	2	
56	Spectrogram 1	1	2966.736373094	2968.100853134	19.286	261.429	SanctSound_FK3_01_671354921_20181223T215210Z.flac	1.3645	2966.7364	9	3	2	2	
57	Spectrogram 1	1	2976.603325667	2979.146642205	47.143	169.286	SanctSound_FK3_01_671354921_20181223T215210Z.flac	2.5433	2976.6033	1	3	2	2	
58	Spectrogram 1	1	3063.410233639	3067.364441102	47.143	177.857	SanctSound_FK3_01_671354921_20181223T215210Z.flac	3.9542	3063.4102	1	3	2	2	
59	Spectrogram 1	1	3070.585356153	3073.425702359	23.571	171.429	SanctSound_FK3_01_671354921_20181223T215210Z.flac	2.8403	3070.5854	2	3	2	2	
60	Spectrogram 1	1	3084.525370339	3086.344677059	23.571	304.286	SanctSound_FK3_01_671354921_20181223T215210Z.flac	1.8193	3084.5254	9	3	2	2	
61	Spectrogram 1	1	3140.218424450	3142.873127113	25.714	190.714	SanctSound_FK3_01_671354921_20181223T215210Z.flac	2.6547	3140.2184	2	3	2	2	
62	Spectrogram 1	1	3189.757396880	3192.681282680	25.714	190.714	SanctSound_FK3_01_671354921_20181223T215210Z.flac	2.9239	3189.7574	2	3	2	2	
63	Spectrogram 1	1	3252.421366022	3255.261712228	19.286	184.286	SanctSound_FK3_01_671354921_20181223T215210Z.flac	2.8403	3252.4214	2	3	2	2	
64	Spectrogram 1	1	3258.248758067	3262.843435753	19.286	173.571	SanctSound_FK3_01_671354921_20181223T215210Z.flac	4.5947	3258.2488	2	3	2	2	
65	Spectrogram 1	1	3272.236996913	3273.471526474	19.286	282.857	SanctSound_FK3_01_671354921_20181223T215210Z.flac	1.2345	3272.2370	9	3	2	2	
66	Spectrogram 1	1	3286.280928363	3289.381175529	21.429	173.571	SanctSound_FK3_01_671354921_20181223T215210Z.flac	3.1002	3286.2809	2	3	2	2	
67	Spectrogram 1	1	3293.567437421	3296.082907427	23.571	173.571	SanctSound_FK3_01_671354921_20181223T215210Z.flac	2.5155	3293.5674	2	3	2	2	
68	Spectrogram 1	1	3320.671389876	3324.282156785	53.571	130.714	SanctSound_FK3_01_671354921_20181223T215210Z.flac	3.6108	3320.6714	1	3	2	2	
69	Spectrogram 1	1	3324.774112173	3328.904681002	45.000	145.714	SanctSound_FK3_01_671354921_20181223T215210Z.flac	4.1306	3324.7741	1	3	2	2	
70	Spectrogram 1	1	3330.111362768	3333.508639602	49.286	128.571	SanctSound_FK3_01_671354921_20181223T215210Z.flac	3.3973	3330.1114	1	3	2	2	
71	Spectrogram 1	1	3334.037723699	3335.244406728	23.571	302.143	SanctSound_FK3_01_671354921_20181223T215210Z.flac	1.2067	3334.0377	9	3	2	2	
72	Spectrogram 1	1	3335.847748090	3337.806287467	45.000	139.286	SanctSound_FK3_01_671354921_20181223T215210Z.flac	1.9585	3335.8477	1	3	2	2	
73	Spectrogram 1	1	3452.179441179	3453.478945979	21.429	385.714	SanctSound_FK3_01_671354921_20181223T215210Z.flac	1.2995	3452.1794	9	3	2	2	
74	Spectrogram 1	1	3511.613212575	3514.295761769	21.429	173.571	SanctSound_FK3_01_671354921_20181223T215210Z.flac	2.6825	3511.6132	2	3	2	2	
75	Spectrogram 1	1	3516.421380335	3517.683756427	21.429	312.857	SanctSound_FK3_01_671354921_20181223T215210Z.flac	1.2624	3516.4214	9	3	2	2	
76	Spectrogram 1	1	3540.332264803	3541.715309198	21.429	325.714	SanctSound_FK3_01_671354921_20181223T215210Z.flac	1.3830	3540.3323	9	3	2	2	
77	Spectrogram 1	1	3570.295127899	3571.706018824	19.286	272.143	SanctSound_FK3_01_671354921_20181223T215210Z.flac	1.4109	3570.2951	9	3	2	2	
78	Spectrogram 1	1	3576.939353457	3579.287744274	38.571	180.000	SanctSound_FK3_01_671354921_20181223T215210Z.flac	2.3484	3576.9394	1	3	2	2	
79	Spectrogram 1	1	3589.461008355	3590.704820092	17.143	306.429	SanctSound_FK3_01_671354921_20181223T215210Z.flac	1.2438	3589.4610	9	3	2	2	
80	Spectrogram 1	1	3620.129317017	3621.549490119	23.571	300.000	SanctSound_FK3_01_671354921_20181223T215210Z.flac	1.4202	3620.1293	9	3	2	2	
81	Spectrogram 1	1	3654.157773750	3655.633639915	15.000	325.714	SanctSound_FK3_01_671354921_20181223T215210Z.flac	1.4759	3654.1578	9	3	2	2	
82	Spectrogram 1	1	3699.733255899	3704.003057385	83.571	150.000	SanctSound_FK3_01_671354921_20181223T215210Z.flac	4.2698	3699.7333	1	3	2	2	
83	Spectrogram 1	1	3719.727062682	3722.270379219	77.143	173.571	SanctSound_FK3_01_671354921_20181223T215210Z.flac	2.5433	3719.7271	1	3	2	2	
84	Spectrogram 1	1	3766.693059350	3767.946153264	19.286	330.000	SanctSound_FK3_01_671354921_20181223T215210Z.flac	1.2531	3766.6931	9	3	2	2	
85	Spectrogram 1	1	3821.903439239	3823.175097507	21.429	321.429	SanctSound_FK3_01_671354921_20181223T215210Z.flac	1.2717	3821.9034	9	3	2	2	
86	Spectrogram 1	1	4071.228336197	4072.611380592	19.286	293.571	SanctSound_FK3_01_671354921_20181223T215210Z.flac	1.3830	4071.2283	9	3	2	2	
87	Spectrogram 1	1	4093.245656815	4097.961002804	23.571	156.429	SanctSound_FK3_01_671354921_20181223T215210Z.flac	4.7153	4093.2457	2	3	2	2	
88	Spectrogram 1	1	4146.293291956	4149.634875728	21.429	175.714	SanctSound_FK3_01_671354921_20181223T215210Z.flac	3.3416	4146.2933	2	3	2	2	
89	Spectrogram 1	1	4235.855192451	4239.465959359	55.714	145.714	SanctSound_FK3_01_671354921_20181223T215210Z.flac	3.6108	4235.8552	1	3	2	2	
90	Spectrogram 1	1	4288.912108971	4290.248742479	23.571	282.857	SanctSound_FK3_01_671354921_20181223T215210Z.flac	1.3366	4288.9121	9	3	2	2	
91	Spectrogram 1	1	4344.967168830	4350.360113750	68.571	156.429	SanctSound_FK3_01_671354921_20181223T215210Z.flac	5.3929	4344.9672	1	3	2	2	
92	Spectrogram 1	1	4862.879288924	4864.438694684	17.143	297.857	SanctSound_FK3_01_671354921_20181223T215210Z.flac	1.5594	4862.8793	9	3	2	2	
93	Spectrogram 1	1	5132.170144952	5133.367545803	19.286	347.143	SanctSound_FK3_01_671354921_20181223T215210Z.flac	1.1974	5132.1701	9	3	2	2	
94	Spectrogram 1	1	5280.525346185	5282.205420248	23.571	252.857	SanctSound_FK3_01_671354921_20181223T215210Z.flac	1.6801	5280.5253	9	3	2	2	
95	Spectrogram 1	1	5296.759871642	5299.581653494	21.429	186.429	SanctSound_FK3_01_671354921_20181223T215210Z.flac	2.8218	5296.7599	2	3	2	2	
96	Spectrogram 1	1	7143.835392171	7150.063733034	19.286	250.714	SanctSound_FK3_01_671354921_20181223T215210Z.flac	6.2283	7143.8354	10	3	2	2	
97	Spectrogram 1	1	7557.928190757	7559.534007403	15.000	235.714	SanctSound_FK3_01_671354921_20181223T215210Z.flac	1.6058	7557.9282	9	3	2	2	
98	Spectrogram 1	1	7618.735725032	7620.285848615	19.286	255.000	SanctSound_FK3_01_671354921_20181223T215210Z.flac	1.5501	7618.7357	9	2	2	2	
99	Spectrogram 1	1	9342.805665163	9344.457892694	40.714	109.286	SanctSound_FK3_01_671354921_20181223T215210Z.flac	1.6522	9342.8057	1	3	2	2	
100	Spectrogram 1	1	9456.696147933	9461.578573110	27.857	182.143	SanctSound_FK3_01_671354921_20181223T215210Z.flac	4.8824	9456.6961	2	3	2	2	
101	Spectrogram 1	1	9585.243186521	9586.923260584	17.143	293.571	SanctSound_FK3_01_671354921_20181223T215210Z.flac	1.6801	9585.2432	9	3	2	2	
102	Spectrogram 1	1	9773.576719158	9780.408401536	23.571	319.286	SanctSound_FK3_01_671354921_20181223T215210Z.flac	6.8317	9773.5767	10	3	2	2	
103	Spectrogram 1	1	10065.803831213	10073.387369939	17.143	265.714	SanctSound_FK3_01_671354921_20181223T215210Z.flac	7.5835	10065.8038	10	3	2	2	
104	Spectrogram 1	1	10129.015448588	10131.029681028	15.000	312.857	SanctSound_FK3_01_671354921_20181223T215210Z.flac	2.0142	10129.0154	9	3	2	2	
105	Spectrogram 1	1	10681.652188370	10684.176940553	25.714	173.571	SanctSound_FK3_01_671354921_20181223T215210Z.flac	2.5248	10681.6522	2	3	2	2	
106	Spectrogram 1	1	10826.118158209	10827.779667917	19.286	248.571	SanctSound_FK3_01_671354921_20181223T215210Z.flac	1.6615	10826.1182	9	3	2	2	
107	Spectrogram 1	1	10880.157171722	10886.831057089	17.143	180.000	SanctSound_FK3_01_671354921_20181223T215210Z.flac	6.6739	10880.1572	10	3	2	2	
108	Spectrogram 1	1	11425.126835045	11427.122503131	53.571	152.143	SanctSound_FK3_01_671354921_20181223T215210Z.flac	1.9957	11425.1268	1	3	2	2	
109	Spectrogram 1	1	11521.325490568	11522.597148837	21.429	325.714	SanctSound_FK3_01_671354921_20181223T215210Z.flac	1.2717	11521.3255	9	3	2	2	
110	Spectrogram 1	1	11564.905305828	11566.529686828	21.429	295.714	SanctSound_FK3_01_671354921_20181223T215210Z.flac	1.6244	11564.9053	9	3	2	2	
111	Spectrogram 1	1	11781.243163099	11782.524103545	15.000	308.571	SanctSound_FK3_01_671354921_20181223T215210Z.flac	1.2809	11781.2432	9	3	2	2	
112	Spectrogram 1	1	11955.077936978	11956.804421926	25.714	274.286	SanctSound_FK3_01_671354921_20181223T215210Z.flac	1.7265	11955.0779	9	3	2	2	
113	Spectrogram 1	1	12019.104571593	12020.506180341	19.286	259.286	SanctSound_FK3_01_671354921_20181223T215210Z.flac	1.4016	12019.1046	9	3	2	2	
114	Spectrogram 1	1	12072.607033221	12074.379929055	23.571	270.000	SanctSound_FK3_01_671354921_20181223T215210Z.flac	1.7729	12072.6070	9	3	2	2	
115	Spectrogram 1	1	12212.552581833	12215.290824090	17.143	184.286	SanctSound_FK3_01_671354921_20181223T215210Z.flac	2.7382	12212.5526	2	3	2	2	
116	Spectrogram 1	1	12256.772867227	12258.777817490	17.143	287.143	SanctSound_FK3_01_671354921_20181223T215210Z.flac	2.0050	12256.7729	9	3	2	2	
117	Spectrogram 1	1	12339.122518000	12340.375611914	23.571	246.429	SanctSound_FK3_01_671354921_20181223T215210Z.flac	1.2531	12339.1225	9	3	2	2	
118	Spectrogram 1	1	12373.225231885	12374.775355468	19.286	263.571	SanctSound_FK3_01_671354921_20181223T215210Z.flac	1.5501	12373.2252	9	3	2	2	
119	Spectrogram 1	1	12398.482033004	12401.275968324	60.000	167.143	SanctSound_FK3_01_671354921_20181223T215210Z.flac	2.7939	12398.4820	1	3	2		
120	Spectrogram 1	1	12409.035866017	12410.372499526	15.000	274.286	SanctSound_FK3_01_671354921_20181223T215210Z.flac	1.3366	12409.0359	9	3	2	2	
121	Spectrogram 1	1	12560.055052259	12567.712848403	45.000	158.571	SanctSound_FK3_01_671354921_20181223T215210Z.flac	7.6578	12560.0551	1	3	2	2	
122	Spectrogram 1	1	12575.472746466	12578.665815403	60.000	156.429	SanctSound_FK3_01_671354921_20181223T215210Z.flac	3.1931	12575.4727	1	3	2	2	
123	Spectrogram 1	1	12663.698012983	12665.053210846	10.714	302.143	SanctSound_FK3_01_671354921_20181223T215210Z.flac	1.3552	12663.6980	9	3	2	2	
124	Spectrogram 1	1	12685.678205216	12686.996274370	19.286	242.143	SanctSound_FK3_01_671354921_20181223T215210Z.flac	1.3181	12685.6782	9	3	2	2	
125	Spectrogram 1	1	12781.860110887	12783.233873104	19.286	304.286	SanctSound_FK3_01_671354921_20181223T215210Z.flac	1.3738	12781.8601	9	3	2	2	
126	Spectrogram 1	1	12844.745037882	12846.016696151	15.000	300.000	SanctSound_FK3_01_671354921_20181223T215210Z.flac	1.2717	12844.7450	9	3	2	2	
127	Spectrogram 1	1	12871.431293542	12873.176342845	12.857	246.429	SanctSound_FK3_01_671354921_20181223T215210Z.flac	1.7450	12871.4313	9	3	2	2	
128	Spectrogram 1	1	13102.676324650	13105.544517387	23.571	182.143	SanctSound_FK3_01_671354921_20181223T215210Z.flac	2.8682	13102.6763	2	3	2	2	
129	Spectrogram 1	1	13194.391689894	13196.043917426	21.429	289.286	SanctSound_FK3_01_671354921_20181223T215210Z.flac	1.6522	13194.3917	9	3	2	2	
130	Spectrogram 1	1	13267.915803989	13269.549467167	19.286	289.286	SanctSound_FK3_01_671354921_20181223T215210Z.flac	1.6337	13267.9158	9	3	2	2	
131	Spectrogram 1	1	13302.694302659	13304.058782699	25.714	192.857	SanctSound_FK3_01_671354921_20181223T215210Z.flac	1.3645	13302.6943	9	3	2	2	
132	Spectrogram 1	1	13321.249372049	13327.097143650	19.286	280.714	SanctSound_FK3_01_671354921_20181223T215210Z.flac	5.8478	13321.2494	10	3	2	2	
133	Spectrogram 1	1	13397.827322563	13399.098980831	19.286	291.429	SanctSound_FK3_01_671354921_20181223T215210Z.flac	1.2717	13397.8273	9	3	2	2	
134	Spectrogram 1	1	13426.945507642	13428.207883733	17.143	270.000	SanctSound_FK3_01_671354921_20181223T215210Z.flac	1.2624	13426.9455	9	3	2	2	
135	Spectrogram 1	1	13523.738223325	13525.111985543	19.286	229.286	SanctSound_FK3_01_671354921_20181223T215210Z.flac	1.3738	13523.7382	9	3	2	2	
136	Spectrogram 1	1	13612.223390600	13613.680692412	23.571	244.286	SanctSound_FK3_01_671354921_20181223T215210Z.flac	1.4573	13612.2234	9	3	2	2	
137	Spectrogram 1	1	13630.165836194	13633.665216977	21.429	171.429	SanctSound_FK3_01_671354921_20181223T215210Z.flac	3.4994	13630.1658	2	3	2	2	
138	Spectrogram 1	1	13832.311246554	13833.685008771	23.571	237.857	SanctSound_FK3_01_671354921_20181223T215210Z.flac	1.3738	13832.3112	9	3	2	2	
139	Spectrogram 1	1	13850.402207208	13852.091563448	21.429	248.571	SanctSound_FK3_01_671354921_20181223T215210Z.flac	1.6894	13850.4022	9	3	2	2	
140	Spectrogram 1	1	13938.998760817	13943.472770201	17.143	143.571	SanctSound_FK3_01_671354921_20181223T215210Z.flac	4.4740	13938.9988	2	3	2	2	
141	Spectrogram 1	1	13978.373750869	13979.654691315	19.286	244.286	SanctSound_FK3_01_671354921_20181223T215210Z.flac	1.2809	13978.3738	9	3	2	2	
142	Spectrogram 1	1	14703.072369814	14704.362592437	19.286	250.714	SanctSound_FK3_01_671354921_20181223T215210Z.flac	1.2902	14703.0724	9	3	2	2	
143	Spectrogram 1	1	15015.005540678	15016.434995959	15.000	255.000	SanctSound_FK3_01_671354921_20181223T215210Z.flac	1.4295	15015.0055	9	3	2	2	
144	Spectrogram 1	1	15078.922603419	15080.723345784	21.429	280.714	SanctSound_FK3_01_671354921_20181223T215210Z.flac	1.8007	15078.9226	9	3	2	2	
145	Spectrogram 1	1	15195.969026056	15197.259248679	21.429	263.571	SanctSound_FK3_01_671354921_20181223T215210Z.flac	1.2902	15195.9690	9	3	2	2	
146	Spectrogram 1	1	15524.582267404	15528.796375827	23.571	165.000	SanctSound_FK3_01_671354921_20181223T215210Z.flac	4.2141	15524.5823	2	3	2	2	
147	Spectrogram 1	1	15617.838473474	15619.574240600	23.571	278.571	SanctSound_FK3_01_671354921_20181223T215210Z.flac	1.7358	15617.8385	9	3	2	2	
148	Spectrogram 1	1	15792.220896328	15793.492554596	19.286	252.857	SanctSound_FK3_01_671354921_20181223T215210Z.flac	1.2717	15792.2209	9	3	2	2	
149	Spectrogram 1	1	15808.334753233	15809.560000616	21.429	289.286	SanctSound_FK3_01_671354921_20181223T215210Z.flac	1.2252	15808.3348	9	3	2	2	
150	Spectrogram 1	1	15817.032151775	15818.730790193	19.286	278.571	SanctSound_FK3_01_671354921_20181223T215210Z.flac	1.6986	15817.0322	9	3	2	2	
151	Spectrogram 1	1	15899.938731578	15901.368186858	21.429	267.857	SanctSound_FK3_01_671354921_20181223T215210Z.flac	1.4295	15899.9387	9	3	2	2	
152	Spectrogram 1	1	15952.178817509	15956.513594235	19.286	306.429	SanctSound_FK3_01_671354921_20181223T215210Z.flac	4.3348	15952.1788	10	3	2	2	
153	Spectrogram 1	1	16002.646007017	16007.853308394	62.143	158.571	SanctSound_FK3_01_671354921_20181223T215210Z.flac	5.2073	16002.6460	1	3	2	2	
154	Spectrogram 1	1	16069.243804532	16070.988853835	17.143	287.143	SanctSound_FK3_01_671354921_20181223T215210Z.flac	1.7450	16069.2438	9	3	2	2	
155	Spectrogram 1	1	16241.556301342	16247.506176891	19.286	252.857	SanctSound_FK3_01_671354921_20181223T215210Z.flac	5.9499	16241.5563	10	3	2	2	
156	Spectrogram 1	1	16261.930677573	16263.545776396	17.143	261.429	SanctSound_FK3_01_671354921_20181223T215210Z.flac	1.6151	16261.9307	9	3	2	2	
157	Spectrogram 1	1	16348.496249123	16349.805036100	19.286	297.857	SanctSound_FK3_01_671354921_20181223T215210Z.flac	1.3088	16348.4962	9	3	2	2	
158	Spectrogram 1	1	16503.803799489	16506.653427872	21.429	190.714	SanctSound_FK3_01_671354921_20181223T215210Z.flac	2.8496	16503.8038	2	3	2	2	
159	Spectrogram 1	1	16635.850219009	16638.681283038	62.143	165.000	SanctSound_FK3_01_671354921_20181223T215210Z.flac	2.8311	16635.8502	1	3	2	2	
160	Spectrogram 1	1	16666.063700426	16669.516670323	17.143	177.857	SanctSound_FK3_01_671354921_20181223T215210Z.flac	3.4530	16666.0637	2	3	2	2	
161	Spectrogram 1	1	16674.788945645	16676.292658342	23.571	222.857	SanctSound_FK3_01_671354921_20181223T215210Z.flac	1.5037	16674.7889	9	3	2	2	
162	Spectrogram 1	1	16733.366943832	16738.063725467	25.714	188.571	SanctSound_FK3_01_671354921_20181223T215210Z.flac	4.6968	16733.3669	2	3	2	2	
163	Spectrogram 1	1	18014.311254452	18015.954199807	17.143	302.143	SanctSound_FK3_01_671354921_20181223T215210Z.flac	1.6429	18014.3113	9	3	2	2	
164	Spectrogram 1	1	18126.347116448	18127.572363831	21.429	334.286	SanctSound_FK3_01_671354921_20181223T215210Z.flac	1.2252	18126.3471	9	3	2	2	
165	Spectrogram 1	1	18586.319895553	18590.171999068	21.429	240.000	SanctSound_FK3_01_671354921_20181223T215210Z.flac	3.8521	18586.3199	10	3	2	2	
166	Spectrogram 1	1	18670.052589168	18673.431301649	23.571	180.000	SanctSound_FK3_01_671354921_20181223T215210Z.flac	3.3787	18670.0526	2	3	2	2	
167	Spectrogram 1	1	18740.996258599	18744.068659234	21.429	182.143	SanctSound_FK3_01_671354921_20181223T215210Z.flac	3.0724	18740.9963	2	3	2	2	
168	Spectrogram 1	1	18800.188693890	18802.936218324	17.143	167.143	SanctSound_FK3_01_671354921_20181223T215210Z.flac	2.7475	18800.1887	2	3	2	2	
169	Spectrogram 1	1	18899.598982425	18900.907769402	57.857	109.286	SanctSound_FK3_01_671354921_20181223T215210Z.flac	1.3088	18899.5990	1	3	2	2	
170	Spectrogram 1	1	19079.430042271	19080.683136185	21.429	263.571	SanctSound_FK3_01_671354921_20181223T215210Z.flac	1.2531	19079.4300	9	3	2	2	
171	Spectrogram 1	1	19291.906514341	19295.498716896	27.857	156.429	SanctSound_FK3_01_671354921_20181223T215210Z.flac	3.5922	19291.9065	2	3	2	2	
172	Spectrogram 1	1	19306.978953381	19310.227715382	17.143	152.143	SanctSound_FK3_01_671354921_20181223T215210Z.flac	3.2488	19306.9790	2	3	2	2	
173	Spectrogram 1	1	19326.787116525	19331.177586313	15.000	143.571	SanctSound_FK3_01_671354921_20181223T215210Z.flac	4.3905	19326.7871	2	3	2	2	
174	Spectrogram 1	1	19506.451097360	19507.787730869	15.000	293.571	SanctSound_FK3_01_671354921_20181223T215210Z.flac	1.3366	19506.4511	9	3	2	2	
175	Spectrogram 1	1	19536.757401235	19538.103316921	19.286	285.000	SanctSound_FK3_01_671354921_20181223T215210Z.flac	1.3459	19536.7574	9	3	2	2	
176	Spectrogram 1	1	19637.077342968	19639.852713934	23.571	152.143	SanctSound_FK3_01_671354921_20181223T215210Z.flac	2.7754	19637.0773	2	3	2	2	
177	Spectrogram 1	1	19667.309389821	19669.936245952	25.714	167.143	SanctSound_FK3_01_671354921_20181223T215210Z.flac	2.6269	19667.3094	2	3	2	2	
178	Spectrogram 1	1	19696.473985996	19699.008020356	27.857	160.714	SanctSound_FK3_01_671354921_20181223T215210Z.flac	2.5340	19696.4740	2	3	2	2	
179	Spectrogram 1	1	19728.525339077	19731.263581335	25.714	184.286	SanctSound_FK3_01_671354921_20181223T215210Z.flac	2.7382	19728.5253	2	3	2	2	
180	Spectrogram 1	1	19809.603330537	19812.749988588	32.143	158.571	SanctSound_FK3_01_671354921_20181223T215210Z.flac	3.1467	19809.6033	2	3	2	2	
181	Spectrogram 1	1	19955.238854358	19956.584770043	21.429	304.286	SanctSound_FK3_01_671354921_20181223T215210Z.flac	1.3459	19955.2389	9	3	2	2	
182	Spectrogram 1	1	19998.503075956	20000.313100499	45.000	139.286	SanctSound_FK3_01_671354921_20181223T215210Z.flac	1.8100	19998.5031	1	3	2	2	
183	Spectrogram 1	1	20011.321760499	20018.478319077	17.143	259.286	SanctSound_FK3_01_671354921_20181223T215210Z.flac	7.1566	20011.3218	10	3	2	2	
184	Spectrogram 1	1	20267.812496217	20269.232669320	25.714	244.286	SanctSound_FK3_01_671354921_20181223T215210Z.flac	1.4202	20267.8125	9	3	2	2	
185	Spectrogram 1	1	20399.619392430	20401.550085276	15.000	289.286	SanctSound_FK3_01_671354921_20181223T215210Z.flac	1.9307	20399.6194	9	3	2	2	
186	Spectrogram 1	1	20434.889845891	20438.992568189	21.429	165.000	SanctSound_FK3_01_671354921_20181223T215210Z.flac	4.1027	20434.8898	2	3	2	2	
187	Spectrogram 1	1	20459.701101911	20461.074864129	19.286	289.286	SanctSound_FK3_01_671354921_20181223T215210Z.flac	1.3738	20459.7011	9	3	2	2	
188	Spectrogram 1	1	20768.107046515	20772.562491544	17.143	165.000	SanctSound_FK3_01_671354921_20181223T215210Z.flac	4.4554	20768.1070	2	3	2	2	
189	Spectrogram 1	1	20884.851921610	20889.010336970	21.429	267.857	SanctSound_FK3_01_671354921_20181223T215210Z.flac	4.1584	20884.8519	10	3	2	2	
190	Spectrogram 1	1	20930.283408123	20932.325487094	17.143	229.286	SanctSound_FK3_01_671354921_20181223T215210Z.flac	2.0421	20930.2834	10	3	2	2	
191	Spectrogram 1	1	21010.797001022	21012.207891947	21.429	259.286	SanctSound_FK3_01_671354921_20181223T215210Z.flac	1.4109	21010.7970	9	3	2	2	
192	Spectrogram 1	1	21032.452316998	21035.626821581	21.429	199.286	SanctSound_FK3_01_671354921_20181223T215210Z.flac	3.1745	21032.4523	2	3	2	2	
193	Spectrogram 1	1	21057.792656954	21059.166419171	21.429	248.571	SanctSound_FK3_01_671354921_20181223T215210Z.flac	1.3738	21057.7927	9	3	2	2	
194	Spectrogram 1	1	21103.245657446	21108.527216241	23.571	169.286	SanctSound_FK3_01_671354921_20181223T215210Z.flac	5.2816	21103.2457	2	3	2	2	
195	Spectrogram 1	1	21138.545772053	21140.281539179	17.143	312.857	SanctSound_FK3_01_671354921_20181223T215210Z.flac	1.7358	21138.5458	9	3	2	2	
196	Spectrogram 1	1	21292.024734964	21296.146021616	25.714	145.714	SanctSound_FK3_01_671354921_20181223T215210Z.flac	4.1213	21292.0247	2	3	2	2	
197	Spectrogram 1	1	21329.747497355	21330.954180384	21.429	295.714	SanctSound_FK3_01_671354921_20181223T215210Z.flac	1.2067	21329.7475	9	3	2	2	
198	Spectrogram 1	1	21471.475225259	21476.673244459	21.429	182.143	SanctSound_FK3_01_671354921_20181223T215210Z.flac	5.1980	21471.4752	2	3	2	2	
