Selection	View	Channel	Begin Time (s)	End Time (s)	Low Freq (Hz)	High Freq (Hz)	Begin File	Delta Time (s)	File Offset (s)	call variant	level	call cutoff @ end	calls overlap	Notes
1	Spectrogram 1	1	0.148514834	2.088489857	87.857	154.286	SanctSound_FK3_01_671354921_20190119T214805Z.flac	1.9400	0.1485	1	3	2	2	
2	Spectrogram 1	1	10.683786208	13.152845328	27.857	177.857	SanctSound_FK3_01_671354921_20190119T214805Z.flac	2.4691	10.6838	2	3	2	2	
3	Spectrogram 1	1	38.159031038	41.064352484	42.857	167.143	SanctSound_FK3_01_671354921_20190119T214805Z.flac	2.9053	38.1590	2	3	2	2	
4	Spectrogram 1	1	49.232667829	53.131182229	55.714	124.286	SanctSound_FK3_01_671354921_20190119T214805Z.flac	3.8985	49.2327	1	3	2	2	
5	Spectrogram 1	1	80.123753705	87.076104386	51.429	165.000	SanctSound_FK3_01_671354921_20190119T214805Z.flac	6.9524	80.1238	2	3	2	2	
6	Spectrogram 1	1	108.109516951	110.884887917	49.286	165.000	SanctSound_FK3_01_671354921_20190119T214805Z.flac	2.7754	108.1095	1	3	2	2	
7	Spectrogram 1	1	112.787734232	116.138600180	51.429	171.429	SanctSound_FK3_01_671354921_20190119T214805Z.flac	3.3509	112.7877	2	3	2	2	
8	Spectrogram 1	1	130.535257104	133.793301282	38.571	173.571	SanctSound_FK3_01_671354921_20190119T214805Z.flac	3.2580	130.5353	2	3	2	2	
9	Spectrogram 1	1	150.027827924	154.093421513	45.000	139.286	SanctSound_FK3_01_671354921_20190119T214805Z.flac	4.0656	150.0278	1	3	2	2	
10	Spectrogram 1	1	154.956663987	156.478941039	34.286	139.286	SanctSound_FK3_01_671354921_20190119T214805Z.flac	1.5223	154.9567	1	3	2	2	
11	Spectrogram 1	1	183.562491263	186.328580052	25.714	177.857	SanctSound_FK3_01_671354921_20190119T214805Z.flac	2.7661	183.5625	2	3	2	2	
12	Spectrogram 1	1	189.530929761	192.176350247	21.429	171.429	SanctSound_FK3_01_671354921_20190119T214805Z.flac	2.6454	189.5309	2	3	2	2	
13	Spectrogram 1	1	245.660241601	247.693038396	51.429	167.143	SanctSound_FK3_01_671354921_20190119T214805Z.flac	2.0328	245.6602	1	3	2	2	
14	Spectrogram 1	1	270.944887905	274.713451825	49.286	126.429	SanctSound_FK3_01_671354921_20190119T214805Z.flac	3.7686	270.9449	1	3	2	2	
15	Spectrogram 1	1	349.061870843	350.955434980	40.714	113.571	SanctSound_FK3_01_671354921_20190119T214805Z.flac	1.8936	349.0619	1	3	2	2	
16	Spectrogram 1	1	389.875590064	392.539574904	19.286	190.714	SanctSound_FK3_01_671354921_20190119T214805Z.flac	2.6640	389.8756	2	3	2	2	
17	Spectrogram 1	1	440.899704604	443.767897342	77.143	147.857	SanctSound_FK3_01_671354921_20190119T214805Z.flac	2.8682	440.8997	1	3	2	2	
18	Spectrogram 1	1	502.540835471	507.497517428	21.429	152.143	SanctSound_FK3_01_671354921_20190119T214805Z.flac	4.9567	502.5408	2	3	2	2	
20	Spectrogram 1	1	561.250585845	565.390436851	23.571	147.857	SanctSound_FK3_01_671354921_20190119T214805Z.flac	4.1399	561.2506	2	3	2	2	
21	Spectrogram 1	1	583.212209166	585.625575223	62.143	145.714	SanctSound_FK3_01_671354921_20190119T214805Z.flac	2.4134	583.2122	1	3	2	2	
22	Spectrogram 1	1	599.511706432	602.194255626	47.143	132.857	SanctSound_FK3_01_671354921_20190119T214805Z.flac	2.6825	599.5117	1	3	2	2	
23	Spectrogram 1	1	602.602671421	604.663314746	49.286	141.429	SanctSound_FK3_01_671354921_20190119T214805Z.flac	2.0606	602.6027	1	3	2	2	
24	Spectrogram 1	1	643.592753370	651.814974806	15.000	139.286	SanctSound_FK3_01_671354921_20190119T214805Z.flac	8.2222	643.5928	2	3	2	2	
25	Spectrogram 1	1	667.826725026	672.672021495	45.000	192.857	SanctSound_FK3_01_671354921_20190119T214805Z.flac	4.8453	667.8267	2	3	2	2	
26	Spectrogram 1	1	660.958117411	662.461830108	27.857	392.143	SanctSound_FK3_01_671354921_20190119T214805Z.flac	1.5037	660.9581	9	3	2	2	
27	Spectrogram 1	1	718.043285957	719.546998654	23.571	321.429	SanctSound_FK3_01_671354921_20190119T214805Z.flac	1.5037	718.0433	9	3	2	2	
28	Spectrogram 1	1	799.299439871	800.784588214	27.857	325.714	SanctSound_FK3_01_671354921_20190119T214805Z.flac	1.4851	799.2994	9	3	2	2	
29	Spectrogram 1	1	827.441206849	832.852716123	42.857	120.000	SanctSound_FK3_01_671354921_20190119T214805Z.flac	5.4115	827.4412	1	3	2	2	
30	Spectrogram 1	1	838.867562390	842.079195682	42.857	122.143	SanctSound_FK3_01_671354921_20190119T214805Z.flac	3.2116	838.8676	1	3	2	2	
31	Spectrogram 1	1	864.161486231	870.621881523	23.571	139.286	SanctSound_FK3_01_671354921_20190119T214805Z.flac	6.4604	864.1615	2	3	2	2	
32	Spectrogram 1	1	890.003058758	891.646004112	19.286	355.714	SanctSound_FK3_01_671354921_20190119T214805Z.flac	1.6429	890.0031	9	3	2	2	
33	Spectrogram 1	1	923.084726703	924.597721577	42.857	302.143	SanctSound_FK3_01_671354921_20190119T214805Z.flac	1.5130	923.0847	9	3	2	2	
34	Spectrogram 1	1	991.668928451	993.181923325	38.571	280.714	SanctSound_FK3_01_671354921_20190119T214805Z.flac	1.5130	991.6689	9	3	2	2	
35	Spectrogram 1	1	1123.624331295	1125.926311227	55.714	132.857	SanctSound_FK3_01_671354921_20190119T214805Z.flac	2.3020	1123.6243	1	3	2	2	
36	Spectrogram 1	1	1142.010518175	1143.356433861	15.000	250.714	SanctSound_FK3_01_671354921_20190119T214805Z.flac	1.3459	1142.0105	9	3	2	2	
37	Spectrogram 1	1	1177.106425303	1180.364469481	45.000	147.857	SanctSound_FK3_01_671354921_20190119T214805Z.flac	3.2580	1177.1064	1	3	2	2	
38	Spectrogram 1	1	1189.813723519	1194.064960651	32.143	139.286	SanctSound_FK3_01_671354921_20190119T214805Z.flac	4.2512	1189.8137	2	3	2	2	
39	Spectrogram 1	1	1219.767303512	1223.238837764	45.000	147.857	SanctSound_FK3_01_671354921_20190119T214805Z.flac	3.4715	1219.7673	2	3	2	2	
40	Spectrogram 1	1	1268.359492108	1274.142288469	51.429	137.143	SanctSound_FK3_01_671354921_20190119T214805Z.flac	5.7828	1268.3595	1	3	2	2	
41	Spectrogram 1	1	1303.557503123	1312.533368421	27.857	147.857	SanctSound_FK3_01_671354921_20190119T214805Z.flac	8.9759	1303.5575	2	3	2	2	
42	Spectrogram 1	1	1322.760513084	1329.220908376	51.429	120.000	SanctSound_FK3_01_671354921_20190119T214805Z.flac	6.4604	1322.7605	1	3	2	2	
43	Spectrogram 1	1	1427.379917235	1435.223356921	51.429	120.000	SanctSound_FK3_01_671354921_20190119T214805Z.flac	7.8434	1427.3799	1	3	2	2	
44	Spectrogram 1	1	1481.029078701	1482.662741878	21.429	349.286	SanctSound_FK3_01_671354921_20190119T214805Z.flac	1.6337	1481.0291	9	3	2	2	
45	Spectrogram 1	1	1502.675112428	1504.921399297	23.571	165.000	SanctSound_FK3_01_671354921_20190119T214805Z.flac	2.2463	1502.6751	2	3	2	2	
46	Spectrogram 1	1	1538.318667339	1539.859508745	25.714	282.857	SanctSound_FK3_01_671354921_20190119T214805Z.flac	1.5408	1538.3187	9	3	2	2	
47	Spectrogram 1	1	1649.573012477	1651.475858791	23.571	310.714	SanctSound_FK3_01_671354921_20190119T214805Z.flac	1.9028	1649.5730	9	3	2	2	
48	Spectrogram 1	1	1785.777846097	1788.441830938	30.000	182.143	SanctSound_FK3_01_671354921_20190119T214805Z.flac	2.6640	1785.7778	2	3	2	2	
49	Spectrogram 1	1	1790.214725903	1791.764849486	40.714	141.429	SanctSound_FK3_01_671354921_20190119T214805Z.flac	1.5501	1790.2147	1	3	2	2	
50	Spectrogram 1	1	1804.982667534	1806.885513848	23.571	304.286	SanctSound_FK3_01_671354921_20190119T214805Z.flac	1.9028	1804.9827	9	3	2	2	
51	Spectrogram 1	1	1859.348371104	1861.260499595	23.571	357.857	SanctSound_FK3_01_671354921_20190119T214805Z.flac	1.9121	1859.3484	9	3	2	2	
52	Spectrogram 1	1	1978.251229154	1979.996278457	27.857	383.571	SanctSound_FK3_01_671354921_20190119T214805Z.flac	1.7450	1978.2512	9	3	2	2	
53	Spectrogram 1	1	2041.750593292	2042.938711966	51.429	130.714	SanctSound_FK3_01_671354921_20190119T214805Z.flac	1.1881	2041.7506	1	3	2	2	
54	Spectrogram 1	1	2045.621261160	2047.115691681	25.714	340.714	SanctSound_FK3_01_671354921_20190119T214805Z.flac	1.4944	2045.6213	9	3	2	2	
55	Spectrogram 1	1	2107.357012137	2108.860724835	21.429	312.857	SanctSound_FK3_01_671354921_20190119T214805Z.flac	1.5037	2107.3570	9	3	2	2	
56	Spectrogram 1	1	2116.871242439	2118.421366022	27.857	368.571	SanctSound_FK3_01_671354921_20190119T214805Z.flac	1.5501	2116.8712	9	3	2	2	
57	Spectrogram 1	1	2135.285264718	2139.155932587	47.143	130.714	SanctSound_FK3_01_671354921_20190119T214805Z.flac	3.8707	2135.2853	1	3	2	2	
58	Spectrogram 1	1	2166.993177293	2169.230181984	62.143	128.571	SanctSound_FK3_01_671354921_20190119T214805Z.flac	2.2370	2166.9932	1	3	2	2	
59	Spectrogram 1	1	2204.753068343	2206.173241446	25.714	302.143	SanctSound_FK3_01_671354921_20190119T214805Z.flac	1.4202	2204.7531	9	3	2	2	
60	Spectrogram 1	1	2239.375583906	2244.657142701	42.857	139.286	SanctSound_FK3_01_671354921_20190119T214805Z.flac	5.2816	2239.3756	1	3	2	2	
61	Spectrogram 1	1	2268.308126120	2272.234487052	23.571	169.286	SanctSound_FK3_01_671354921_20190119T214805Z.flac	3.9264	2268.3081	2	3	2	2	
62	Spectrogram 1	1	2279.029039507	2280.588445267	21.429	317.143	SanctSound_FK3_01_671354921_20190119T214805Z.flac	1.5594	2279.0290	9	3	2	2	
63	Spectrogram 1	1	2287.938113687	2291.753088493	27.857	139.286	SanctSound_FK3_01_671354921_20190119T214805Z.flac	3.8150	2287.9381	2	3	2	2	
64	Spectrogram 1	1	2316.749987354	2318.337239646	27.857	402.857	SanctSound_FK3_01_671354921_20190119T214805Z.flac	1.5873	2316.7500	9	3	2	2	
65	Spectrogram 1	1	2343.844658494	2345.469039494	23.571	312.857	SanctSound_FK3_01_671354921_20190119T214805Z.flac	1.6244	2343.8447	9	3	2	2	
66	Spectrogram 1	1	2348.652826254	2350.397875557	23.571	302.143	SanctSound_FK3_01_671354921_20190119T214805Z.flac	1.7450	2348.6528	9	3	2	2	
67	Spectrogram 1	1	2423.439315999	2424.989439582	25.714	306.429	SanctSound_FK3_01_671354921_20190119T214805Z.flac	1.5501	2423.4393	9	3	2	2	
68	Spectrogram 1	1	2436.443644770	2437.873100050	25.714	321.429	SanctSound_FK3_01_671354921_20190119T214805Z.flac	1.4295	2436.4436	9	3	2	2	
69	Spectrogram 1	1	2468.084767612	2471.036499944	23.571	162.857	SanctSound_FK3_01_671354921_20190119T214805Z.flac	2.9517	2468.0848	2	3	2	2	
70	Spectrogram 1	1	2506.800722441	2511.079806105	42.857	122.143	SanctSound_FK3_01_671354921_20190119T214805Z.flac	4.2791	2506.8007	1	3	2	2	
71	Spectrogram 1	1	2534.749354102	2536.290195508	21.429	355.714	SanctSound_FK3_01_671354921_20190119T214805Z.flac	1.5408	2534.7494	9	3	2	2	
72	Spectrogram 1	1	2601.432505167	2602.880524801	21.429	334.286	SanctSound_FK3_01_671354921_20190119T214805Z.flac	1.4480	2601.4325	9	3	2	2	
73	Spectrogram 1	1	2648.509886167	2652.185628316	40.714	162.857	SanctSound_FK3_01_671354921_20190119T214805Z.flac	3.6757	2648.5099	1	3	2	2	
74	Spectrogram 1	1	2658.163349133	2659.769165779	17.143	334.286	SanctSound_FK3_01_671354921_20190119T214805Z.flac	1.6058	2658.1633	9	3	2	2	
75	Spectrogram 1	1	2749.834117413	2751.347112288	19.286	345.000	SanctSound_FK3_01_671354921_20190119T214805Z.flac	1.5130	2749.8341	9	3	2	2	
76	Spectrogram 1	1	2869.191801820	2870.983262008	27.857	357.857	SanctSound_FK3_01_671354921_20190119T214805Z.flac	1.7915	2869.1918	9	3	2	2	
77	Spectrogram 1	1	2906.385480170	2907.842781981	19.286	330.000	SanctSound_FK3_01_671354921_20190119T214805Z.flac	1.4573	2906.3855	9	3	2	2	
78	Spectrogram 1	1	2916.391665634	2922.749956978	23.571	171.429	SanctSound_FK3_01_671354921_20190119T214805Z.flac	6.3583	2916.3917	2	3	2	2	
79	Spectrogram 1	1	2937.209772068	2938.425737274	21.429	297.857	SanctSound_FK3_01_671354921_20190119T214805Z.flac	1.2160	2937.2098	9	3	2	2	
80	Spectrogram 1	1	2946.148506116	2947.596525751	32.143	345.000	SanctSound_FK3_01_671354921_20190119T214805Z.flac	1.4480	2946.1485	9	3	2	2	
81	Spectrogram 1	1	2995.622503054	2997.107651397	30.000	327.857	SanctSound_FK3_01_671354921_20190119T214805Z.flac	1.4851	2995.6225	9	3	2	2	
82	Spectrogram 1	1	3041.430040368	3043.425708454	30.000	379.286	SanctSound_FK3_01_671354921_20190119T214805Z.flac	1.9957	3041.4300	9	3	2	2	
83	Spectrogram 1	1	3035.512196903	3039.837691452	15.000	167.143	SanctSound_FK3_01_671354921_20190119T214805Z.flac	4.3255	3035.5122	2	3	2	2	
84	Spectrogram 1	1	3161.307527976	3162.829805027	25.714	351.429	SanctSound_FK3_01_671354921_20190119T214805Z.flac	1.5223	3161.3075	9	3	2	2	
85	Spectrogram 1	1	3225.428798653	3227.127437070	21.429	325.714	SanctSound_FK3_01_671354921_20190119T214805Z.flac	1.6986	3225.4288	9	3	2	2	
86	Spectrogram 1	1	3242.423839084	3243.825447833	15.000	308.571	SanctSound_FK3_01_671354921_20190119T214805Z.flac	1.4016	3242.4238	9	3	2	2	
87	Spectrogram 1	1	3243.889232127	3247.917697007	45.000	113.571	SanctSound_FK3_01_671354921_20190119T214805Z.flac	4.0285	3243.8892	1	3	2	2	
88	Spectrogram 1	1	3275.727095278	3277.880560375	55.714	160.714	SanctSound_FK3_01_671354921_20190119T214805Z.flac	2.1535	3275.7271	1	3	2	2	
89	Spectrogram 1	1	3281.463479424	3286.438726373	60.000	132.857	SanctSound_FK3_01_671354921_20190119T214805Z.flac	4.9752	3281.4635	1	3	2	2	
90	Spectrogram 1	1	3291.033402610	3294.096521067	23.571	158.571	SanctSound_FK3_01_671354921_20190119T214805Z.flac	3.0631	3291.0334	2	3	2	2	
91	Spectrogram 1	1	3294.384268559	3295.869416902	25.714	400.714	SanctSound_FK3_01_671354921_20190119T214805Z.flac	1.4851	3294.3843	9	3	2	2	
92	Spectrogram 1	1	3323.084755837	3326.277824774	27.857	152.143	SanctSound_FK3_01_671354921_20190119T214805Z.flac	3.1931	3323.0848	2	3	2	2	
93	Spectrogram 1	1	3340.860122329	3342.261731078	19.286	312.857	SanctSound_FK3_01_671354921_20190119T214805Z.flac	1.4016	3340.8601	9	3	2	2	
94	Spectrogram 1	1	3356.398484341	3358.032147518	27.857	390.000	SanctSound_FK3_01_671354921_20190119T214805Z.flac	1.6337	3356.3985	9	3	2	2	
95	Spectrogram 1	1	3399.538917726	3401.024066069	23.571	334.286	SanctSound_FK3_01_671354921_20190119T214805Z.flac	1.4851	3399.5389	9	3	2	2	
96	Spectrogram 1	1	3423.098385830	3425.047643030	19.286	302.143	SanctSound_FK3_01_671354921_20190119T214805Z.flac	1.9493	3423.0984	9	3	2	2	
97	Spectrogram 1	1	3428.862617836	3430.394177065	25.714	306.429	SanctSound_FK3_01_671354921_20190119T214805Z.flac	1.5316	3428.8626	9	3	2	2	
98	Spectrogram 1	1	3479.469039139	3481.009880545	25.714	312.857	SanctSound_FK3_01_671354921_20190119T214805Z.flac	1.5408	3479.4690	9	3	2	2	
99	Spectrogram 1	1	3589.813730861	3595.345908438	53.571	162.857	SanctSound_FK3_01_671354921_20190119T214805Z.flac	5.5322	3589.8137	1	3	2	2	
100	Spectrogram 1	1	3608.972141933	3615.469665934	17.143	141.429	SanctSound_FK3_01_671354921_20190119T214805Z.flac	6.4975	3608.9721	2	3	2	2	
101	Spectrogram 1	1	3631.054438066	3632.966566557	27.857	360.000	SanctSound_FK3_01_671354921_20190119T214805Z.flac	1.9121	3631.0544	9	3	2	2	
102	Spectrogram 1	1	3648.699854700	3650.305671346	25.714	357.857	SanctSound_FK3_01_671354921_20190119T214805Z.flac	1.6058	3648.6999	9	3	2	2	
103	Spectrogram 1	1	3709.618774110	3711.308130350	21.429	338.571	SanctSound_FK3_01_671354921_20190119T214805Z.flac	1.6894	3709.6188	9	3	2	2	
104	Spectrogram 1	1	3791.300106811	3792.757408623	23.571	349.286	SanctSound_FK3_01_671354921_20190119T214805Z.flac	1.4573	3791.3001	9	3	2	2	
105	Spectrogram 1	1	3810.421388991	3811.878690803	25.714	385.714	SanctSound_FK3_01_671354921_20190119T214805Z.flac	1.4573	3810.4214	9	3	2	2	
106	Spectrogram 1	1	3889.440551990	3893.339066390	23.571	173.571	SanctSound_FK3_01_671354921_20190119T214805Z.flac	3.8985	3889.4406	2	3	2	2	
107	Spectrogram 1	1	3905.970292921	3907.436876910	21.429	304.286	SanctSound_FK3_01_671354921_20190119T214805Z.flac	1.4666	3905.9703	9	3	2	2	
108	Spectrogram 1	1	3951.517929307	3952.993795472	27.857	319.286	SanctSound_FK3_01_671354921_20190119T214805Z.flac	1.4759	3951.5179	9	3	2	2	
109	Spectrogram 1	1	3988.284627194	3989.899726017	23.571	340.714	SanctSound_FK3_01_671354921_20190119T214805Z.flac	1.6151	3988.2846	9	3	2	2	
110	Spectrogram 1	1	4017.542045511	4021.097119357	34.286	156.429	SanctSound_FK3_01_671354921_20190119T214805Z.flac	3.5551	4017.5420	1	3	2	2	
111	Spectrogram 1	1	4100.253700150	4101.701719784	27.857	379.286	SanctSound_FK3_01_671354921_20190119T214805Z.flac	1.4480	4100.2537	9	3	2	2	
112	Spectrogram 1	1	4125.204188393	4129.743173016	38.571	186.429	SanctSound_FK3_01_671354921_20190119T214805Z.flac	4.5390	4125.2042	1	3	2	2	
113	Spectrogram 1	1	4173.369398910	4174.724596773	19.286	319.286	SanctSound_FK3_01_671354921_20190119T214805Z.flac	1.3552	4173.3694	9	3	2	2	
114	Spectrogram 1	1	4220.188693421	4222.360722872	19.286	295.714	SanctSound_FK3_01_671354921_20190119T214805Z.flac	2.1720	4220.1887	9	3	2	2	
115	Spectrogram 1	1	4262.235135563	4270.561248461	19.286	338.571	SanctSound_FK3_01_671354921_20190119T214805Z.flac	8.3261	4262.2351	10	3	2	2	
116	Spectrogram 1	1	4306.891683498	4308.302574424	23.571	415.714	SanctSound_FK3_01_671354921_20190119T214805Z.flac	1.4109	4306.8917	9	3	2	2	
117	Spectrogram 1	1	4392.369425968	4394.068064385	23.571	360.000	SanctSound_FK3_01_671354921_20190119T214805Z.flac	1.6986	4392.3694	9	3	2	2	
118	Spectrogram 1	1	4423.093428490	4424.662116428	21.429	355.714	SanctSound_FK3_01_671354921_20190119T214805Z.flac	1.5687	4423.0934	9	3	2	2	
119	Spectrogram 1	1	4433.508029008	4440.116939134	45.000	173.571	SanctSound_FK3_01_671354921_20190119T214805Z.flac	6.6089	4433.5080	2	3	2	2	
120	Spectrogram 1	1	4442.576716077	4443.987607003	19.286	405.000	SanctSound_FK3_01_671354921_20190119T214805Z.flac	1.4109	4442.5767	9	3	2	2	
121	Spectrogram 1	1	4573.240090121	4574.613852338	19.286	370.714	SanctSound_FK3_01_671354921_20190119T214805Z.flac	1.3738	4573.2401	9	3	2	2	
122	Spectrogram 1	1	4643.478313789	4645.000590841	19.286	306.429	SanctSound_FK3_01_671354921_20190119T214805Z.flac	1.5223	4643.4783	9	3	2	2	
123	Spectrogram 1	1	4769.314957200	4770.995031263	25.714	362.143	SanctSound_FK3_01_671354921_20190119T214805Z.flac	1.6801	4769.3150	9	3	2	2	
124	Spectrogram 1	1	4854.525330685	4856.075454268	27.857	469.286	SanctSound_FK3_01_671354921_20190119T214805Z.flac	1.5501	4854.5253	9	3	2	2	
125	Spectrogram 1	1	4912.620655089	4914.087239077	21.429	325.714	SanctSound_FK3_01_671354921_20190119T214805Z.flac	1.4666	4912.6207	9	3	2	2	
126	Spectrogram 1	1	4964.099601607	4966.921383459	85.714	188.571	SanctSound_FK3_01_671354921_20190119T214805Z.flac	2.8218	4964.0996	1	3	2	2	
127	Spectrogram 1	1	6242.454185884	6243.892923341	25.714	267.857	SanctSound_FK3_01_671354921_20190119T214805Z.flac	1.4387	6242.4542	9	3	2	2	
128	Spectrogram 1	1	6638.771617039	6640.033993131	27.857	242.143	SanctSound_FK3_01_671354921_20190119T214805Z.flac	1.2624	6638.7716	9	3	2	2	
129	Spectrogram 1	1	6673.290214934	6675.963481951	27.857	233.571	SanctSound_FK3_01_671354921_20190119T214805Z.flac	2.6733	6673.2902	2	3	2	2	
130	Spectrogram 1	1	6734.821758108	6740.660247531	25.714	165.000	SanctSound_FK3_01_671354921_20190119T214805Z.flac	5.8385	6734.8218	2	3	2	2	
131	Spectrogram 1	1	6782.597117259	6786.087215865	83.571	152.143	SanctSound_FK3_01_671354921_20190119T214805Z.flac	3.4901	6782.5971	1	3	2	2	
132	Spectrogram 1	1	6864.770405745	6866.524737225	21.429	323.571	SanctSound_FK3_01_671354921_20190119T214805Z.flac	1.7543	6864.7704	9	3	2	2	
133	Spectrogram 1	1	6932.094027249	6934.553804192	30.000	150.000	SanctSound_FK3_01_671354921_20190119T214805Z.flac	2.4598	6932.0940	2	3	2	2	
134	Spectrogram 1	1	6948.245013056	6949.952933650	25.714	308.571	SanctSound_FK3_01_671354921_20190119T214805Z.flac	1.7079	6948.2450	9	3	2	2	
135	Spectrogram 1	1	7080.866926332	7082.184995486	27.857	287.143	SanctSound_FK3_01_671354921_20190119T214805Z.flac	1.3181	7080.8669	9	3	2	2	
136	Spectrogram 1	1	7227.969034334	7230.122499431	27.857	312.857	SanctSound_FK3_01_671354921_20190119T214805Z.flac	2.1535	7227.9690	9	3	2	2	
137	Spectrogram 1	1	7316.704818474	7318.013605452	27.857	400.714	SanctSound_FK3_01_671354921_20190119T214805Z.flac	1.3088	7316.7048	9	3	2	2	
138	Spectrogram 1	1	7677.712855650	7679.114464399	19.286	302.143	SanctSound_FK3_01_671354921_20190119T214805Z.flac	1.4016	7677.7129	9	3	2	2	
139	Spectrogram 1	1	7826.884888463	7828.351472451	25.714	282.857	SanctSound_FK3_01_671354921_20190119T214805Z.flac	1.4666	7826.8849	9	3	2	2	
140	Spectrogram 1	1	7940.034611749	7941.389809612	21.429	285.000	SanctSound_FK3_01_671354921_20190119T214805Z.flac	1.3552	7940.0346	9	3	2	2	
141	Spectrogram 1	1	7964.844052678	7966.208532718	17.143	291.429	SanctSound_FK3_01_671354921_20190119T214805Z.flac	1.3645	7964.8441	9	3	2	2	
142	Spectrogram 1	1	8056.106405906	8057.879301740	19.286	325.714	SanctSound_FK3_01_671354921_20190119T214805Z.flac	1.7729	8056.1064	9	3	2	2	
143	Spectrogram 1	1	8290.533408998	8292.259893947	27.857	321.429	SanctSound_FK3_01_671354921_20190119T214805Z.flac	1.7265	8290.5334	9	3	2	2	
144	Spectrogram 1	1	8297.884892524	8299.267936918	30.000	362.143	SanctSound_FK3_01_671354921_20190119T214805Z.flac	1.3830	8297.8849	9	3	2	2	
145	Spectrogram 1	1	8321.758648460	8323.178821563	27.857	242.143	SanctSound_FK3_01_671354921_20190119T214805Z.flac	1.4202	8321.7586	9	3	2	2	
146	Spectrogram 1	1	8369.014205352	8370.276581443	23.571	340.714	SanctSound_FK3_01_671354921_20190119T214805Z.flac	1.2624	8369.0142	9	3	2	2	
147	Spectrogram 1	1	8478.458525914	8479.878699017	34.286	287.143	SanctSound_FK3_01_671354921_20190119T214805Z.flac	1.4202	8478.4585	9	3	2	2	
148	Spectrogram 1	1	8676.102080858	8677.559382669	23.571	274.286	SanctSound_FK3_01_671354921_20190119T214805Z.flac	1.4573	8676.1021	9	3	2	2	
149	Spectrogram 1	1	8681.652822789	8683.397872092	27.857	297.857	SanctSound_FK3_01_671354921_20190119T214805Z.flac	1.7450	8681.6528	9	3	2	2	
150	Spectrogram 1	1	8775.616463163	8778.948764758	19.286	165.000	SanctSound_FK3_01_671354921_20190119T214805Z.flac	3.3323	8775.6165	2	3	2	2	
151	Spectrogram 1	1	8847.024241271	8848.574364854	25.714	285.000	SanctSound_FK3_01_671354921_20190119T214805Z.flac	1.5501	8847.0242	9	3	2	2	
152	Spectrogram 1	1	8873.626956884	8875.204926998	25.714	276.429	SanctSound_FK3_01_671354921_20190119T214805Z.flac	1.5780	8873.6270	9	3	2	2	
153	Spectrogram 1	1	8936.714102520	8938.477716177	21.429	289.286	SanctSound_FK3_01_671354921_20190119T214805Z.flac	1.7636	8936.7141	9	3	2	2	
154	Spectrogram 1	1	8990.003073792	8991.413964718	23.571	259.286	SanctSound_FK3_01_671354921_20190119T214805Z.flac	1.4109	8990.0031	9	3	2	2	
155	Spectrogram 1	1	9065.262954596	9066.655281168	27.857	312.857	SanctSound_FK3_01_671354921_20190119T214805Z.flac	1.3923	9065.2630	9	3	2	2	
156	Spectrogram 1	1	9112.823009726	9114.076103640	21.429	312.857	SanctSound_FK3_01_671354921_20190119T214805Z.flac	1.2531	9112.8230	9	3	2	2	
157	Spectrogram 1	1	9203.602689024	9205.041426482	15.000	285.000	SanctSound_FK3_01_671354921_20190119T214805Z.flac	1.4387	9203.6027	9	3	2	2	
158	Spectrogram 1	1	9268.603951756	9270.089100099	21.429	291.429	SanctSound_FK3_01_671354921_20190119T214805Z.flac	1.4851	9268.6040	9	3	2	2	
159	Spectrogram 1	1	9451.303204107	9452.760505918	19.286	237.857	SanctSound_FK3_01_671354921_20190119T214805Z.flac	1.4573	9451.3032	9	3	2	2	
160	Spectrogram 1	1	9492.284010304	9494.131163556	15.000	278.571	SanctSound_FK3_01_671354921_20190119T214805Z.flac	1.8472	9492.2840	9	3	2	2	
161	Spectrogram 1	1	9599.630559347	9601.171400752	23.571	304.286	SanctSound_FK3_01_671354921_20190119T214805Z.flac	1.5408	9599.6306	9	3	2	2	
162	Spectrogram 1	1	9909.660884516	9911.090339796	19.286	321.429	SanctSound_FK3_01_671354921_20190119T214805Z.flac	1.4295	9909.6609	9	3	2	2	
163	Spectrogram 1	1	10012.163951969	10015.115684300	87.857	165.000	SanctSound_FK3_01_671354921_20190119T214805Z.flac	2.9517	10012.1640	1	3	2	2	
164	Spectrogram 1	1	10218.809401666	10220.173881706	15.000	276.429	SanctSound_FK3_01_671354921_20190119T214805Z.flac	1.3645	10218.8094	9	3	2	2	
165	Spectrogram 1	1	10402.511130226	10403.884892444	12.857	295.714	SanctSound_FK3_01_671354921_20190119T214805Z.flac	1.3738	10402.5111	9	3	2	2	
166	Spectrogram 1	1	10626.924480471	10628.428193168	19.286	377.143	SanctSound_FK3_01_671354921_20190119T214805Z.flac	1.5037	10626.9245	9	3	2	2	
167	Spectrogram 1	1	10705.683742041	10707.206019092	21.429	330.000	SanctSound_FK3_01_671354921_20190119T214805Z.flac	1.5223	10705.6837	9	3	2	2	
168	Spectrogram 1	1	10754.060627828	10759.629934114	25.714	308.571	SanctSound_FK3_01_671354921_20190119T214805Z.flac	5.5693	10754.0606	10	3	2	2	
169	Spectrogram 1	1	10911.985752778	10913.721519904	23.571	280.714	SanctSound_FK3_01_671354921_20190119T214805Z.flac	1.7358	10911.9858	9	3	2	2	
170	Spectrogram 1	1	10960.958511991	10962.425095980	21.429	293.571	SanctSound_FK3_01_671354921_20190119T214805Z.flac	1.4666	10960.9585	9	3	2	2	
171	Spectrogram 1	1	11144.734496423	11146.126822995	25.714	347.143	SanctSound_FK3_01_671354921_20190119T214805Z.flac	1.3923	11144.7345	9	3	2	2	
172	Spectrogram 1	1	11455.572371197	11457.308138323	32.143	317.143	SanctSound_FK3_01_671354921_20190119T214805Z.flac	1.7358	11455.5724	9	3	2	2	
173	Spectrogram 1	1	11559.883648733	11561.127460470	30.000	338.571	SanctSound_FK3_01_671354921_20190119T214805Z.flac	1.2438	11559.8836	9	3	2	2	
174	Spectrogram 1	1	11734.832284038	11736.094660129	27.857	304.286	SanctSound_FK3_01_671354921_20190119T214805Z.flac	1.2624	11734.8323	9	3	2	2	
175	Spectrogram 1	1	11806.119393819	11807.548849100	17.143	353.571	SanctSound_FK3_01_671354921_20190119T214805Z.flac	1.4295	11806.1194	9	3	2	2	
176	Spectrogram 1	1	11989.923222946	11991.612579186	19.286	293.571	SanctSound_FK3_01_671354921_20190119T214805Z.flac	1.6894	11989.9232	9	3	2	2	
177	Spectrogram 1	1	12033.696151616	12035.088478187	23.571	366.429	SanctSound_FK3_01_671354921_20190119T214805Z.flac	1.3923	12033.6962	9	3	2	2	
178	Spectrogram 1	1	12147.504909010	12152.053175810	27.857	152.143	SanctSound_FK3_01_671354921_20190119T214805Z.flac	4.5483	12147.5049	2	3	2	2	
179	Spectrogram 1	1	12179.814348824	12181.355190230	23.571	265.714	SanctSound_FK3_01_671354921_20190119T214805Z.flac	1.5408	12179.8143	9	3	2	2	
180	Spectrogram 1	1	12207.883648693	12209.684391059	21.429	321.429	SanctSound_FK3_01_671354921_20190119T214805Z.flac	1.8007	12207.8836	9	3	2	2	
181	Spectrogram 1	1	12352.488851180	12356.173875506	57.857	173.571	SanctSound_FK3_01_671354921_20190119T214805Z.flac	3.6850	12352.4889	1	3	2	2	
182	Spectrogram 1	1	12359.831052359	12361.965953102	57.857	167.143	SanctSound_FK3_01_671354921_20190119T214805Z.flac	2.1349	12359.8311	1	3	2	2	
183	Spectrogram 1	1	12428.417049253	12429.902197596	36.429	362.143	SanctSound_FK3_01_671354921_20190119T214805Z.flac	1.4851	12428.4170	9	3	2	2	
184	Spectrogram 1	1	12448.652192383	12450.360112978	42.857	327.857	SanctSound_FK3_01_671354921_20190119T214805Z.flac	1.7079	12448.6522	9	3	2	2	
185	Spectrogram 1	1	12486.328544058	12488.231390372	27.857	340.714	SanctSound_FK3_01_671354921_20190119T214805Z.flac	1.9028	12486.3285	9	3	2	2	
186	Spectrogram 1	1	12523.074863814	12524.504319094	25.714	295.714	SanctSound_FK3_01_671354921_20190119T214805Z.flac	1.4295	12523.0749	9	3	2	2	
187	Spectrogram 1	1	12673.275686318	12675.002171267	32.143	325.714	SanctSound_FK3_01_671354921_20190119T214805Z.flac	1.7265	12673.2757	9	3	2	2	
188	Spectrogram 1	1	12779.519469557	12781.422315871	25.714	334.286	SanctSound_FK3_01_671354921_20190119T214805Z.flac	1.9028	12779.5195	9	3	2	2	
189	Spectrogram 1	1	12841.904692176	12843.417687050	21.429	319.286	SanctSound_FK3_01_671354921_20190119T214805Z.flac	1.5130	12841.9047	9	3	2	2	
190	Spectrogram 1	1	12894.543911152	12895.936237723	19.286	263.571	SanctSound_FK3_01_671354921_20190119T214805Z.flac	1.3923	12894.5439	9	3	2	2	
191	Spectrogram 1	1	12910.267916657	12911.771629355	25.714	334.286	SanctSound_FK3_01_671354921_20190119T214805Z.flac	1.5037	12910.2679	9	3	2	2	
192	Spectrogram 1	1	12995.365090467	12997.267936782	23.571	312.857	SanctSound_FK3_01_671354921_20190119T214805Z.flac	1.9028	12995.3651	9	3	2	2	
193	Spectrogram 1	1	13096.420138157	13098.128058751	15.000	396.429	SanctSound_FK3_01_671354921_20190119T214805Z.flac	1.7079	13096.4201	9	3	2	2	
194	Spectrogram 1	1	13138.847149503	13140.731431463	19.286	330.000	SanctSound_FK3_01_671354921_20190119T214805Z.flac	1.8843	13138.8471	9	3	2	2	
195	Spectrogram 1	1	13180.477707828	13184.589712303	17.143	160.714	SanctSound_FK3_01_671354921_20190119T214805Z.flac	4.1120	13180.4777	2	3	2	2	
196	Spectrogram 1	1	13214.060619930	13215.592179158	21.429	252.857	SanctSound_FK3_01_671354921_20190119T214805Z.flac	1.5316	13214.0606	9	3	2	2	
197	Spectrogram 1	1	13318.511129872	13323.235758038	21.429	165.000	SanctSound_FK3_01_671354921_20190119T214805Z.flac	4.7246	13318.5111	2	3	2	2	
198	Spectrogram 1	1	13325.500608465	13327.551969614	27.857	338.571	SanctSound_FK3_01_671354921_20190119T214805Z.flac	2.0514	13325.5006	9	3	2	2	
199	Spectrogram 1	1	13371.874358601	13373.795769270	32.143	323.571	SanctSound_FK3_01_671354921_20190119T214805Z.flac	1.9214	13371.8744	9	3	2	2	
200	Spectrogram 1	1	13424.309369525	13426.100829714	32.143	319.286	SanctSound_FK3_01_671354921_20190119T214805Z.flac	1.7915	13424.3094	9	3	2	2	
201	Spectrogram 1	1	13664.946149067	13666.301346930	27.857	319.286	SanctSound_FK3_01_671354921_20190119T214805Z.flac	1.3552	13664.9461	9	3	2	2	
202	Spectrogram 1	1	13697.953566096	13699.373739199	19.286	330.000	SanctSound_FK3_01_671354921_20190119T214805Z.flac	1.4202	13697.9536	9	3	2	2	
203	Spectrogram 1	1	13801.977096413	13803.508655642	17.143	295.714	SanctSound_FK3_01_671354921_20190119T214805Z.flac	1.5316	13801.9771	9	3	2	2	
204	Spectrogram 1	1	13833.787112704	13835.142310567	27.857	334.286	SanctSound_FK3_01_671354921_20190119T214805Z.flac	1.3552	13833.7871	9	3	2	2	
205	Spectrogram 1	1	13971.681302123	13973.045782163	15.000	330.000	SanctSound_FK3_01_671354921_20190119T214805Z.flac	1.3645	13971.6813	9	3	2	2	
206	Spectrogram 1	1	14278.499994548	14280.189350788	30.000	312.857	SanctSound_FK3_01_671354921_20190119T214805Z.flac	1.6894	14278.5000	9	3	2	2	
207	Spectrogram 1	1	14429.456019503	14430.857628251	21.429	285.000	SanctSound_FK3_01_671354921_20190119T214805Z.flac	1.4016	14429.4560	9	3	2	2	
208	Spectrogram 1	1	14458.303207661	14460.094667849	17.143	362.143	SanctSound_FK3_01_671354921_20190119T214805Z.flac	1.7915	14458.3032	9	3	2	2	
209	Spectrogram 1	1	14668.384878513	14670.037106045	19.286	304.286	SanctSound_FK3_01_671354921_20190119T214805Z.flac	1.6522	14668.3849	9	3	2	2	
210	Spectrogram 1	1	14756.240672195	14758.301315521	17.143	287.143	SanctSound_FK3_01_671354921_20190119T214805Z.flac	2.0606	14756.2407	9	3	2	2	
211	Spectrogram 1	1	14881.975211085	14884.899096885	21.429	197.143	SanctSound_FK3_01_671354921_20190119T214805Z.flac	2.9239	14881.9752	2	3	2	2	
212	Spectrogram 1	1	14899.453548328	14900.873721431	19.286	297.857	SanctSound_FK3_01_671354921_20190119T214805Z.flac	1.4202	14899.4535	9	3	2	2	
213	Spectrogram 1	1	14903.649092397	14906.860725689	34.286	207.857	SanctSound_FK3_01_671354921_20190119T214805Z.flac	3.2116	14903.6491	2	3	2	2	
214	Spectrogram 1	1	14934.983903217	14936.812492114	19.286	312.857	SanctSound_FK3_01_671354921_20190119T214805Z.flac	1.8286	14934.9839	9	3	2	2	
215	Spectrogram 1	1	15061.648474257	15063.133622600	21.429	293.571	SanctSound_FK3_01_671354921_20190119T214805Z.flac	1.4851	15061.6485	9	3	2	2	
216	Spectrogram 1	1	15372.746249871	15374.472734820	19.286	285.000	SanctSound_FK3_01_671354921_20190119T214805Z.flac	1.7265	15372.7462	9	3	2	2	
217	Spectrogram 1	1	15450.324861113	15455.986989170	47.143	154.286	SanctSound_FK3_01_671354921_20190119T214805Z.flac	5.6621	15450.3249	1	3	2	2	
218	Spectrogram 1	1	15784.238224532	15793.641069978	19.286	347.143	SanctSound_FK3_01_671354921_20190119T214805Z.flac	9.4028	15784.2382	10	3	2	2	
219	Spectrogram 1	1	15812.864454987	15816.391682301	62.143	188.571	SanctSound_FK3_01_671354921_20190119T214805Z.flac	3.5272	15812.8645	1	3	2	2	
220	Spectrogram 1	1	15894.814970809	15896.745663655	23.571	291.429	SanctSound_FK3_01_671354921_20190119T214805Z.flac	1.9307	15894.8150	9	3	2	2	
221	Spectrogram 1	1	15905.702962795	15912.859521373	23.571	276.429	SanctSound_FK3_01_671354921_20190119T214805Z.flac	7.1566	15905.7030	10	3	2	2	
222	Spectrogram 1	1	15947.946145013	15950.461615019	21.429	297.857	SanctSound_FK3_01_671354921_20190119T214805Z.flac	2.5155	15947.9461	9	3	2	2	
223	Spectrogram 1	1	15979.180666401	15980.870022641	27.857	297.857	SanctSound_FK3_01_671354921_20190119T214805Z.flac	1.6894	15979.1807	9	3	2	2	
224	Spectrogram 1	1	16249.186248808	16250.792065454	19.286	330.000	SanctSound_FK3_01_671354921_20190119T214805Z.flac	1.6058	16249.1862	9	3	2	2	
225	Spectrogram 1	1	16444.323617538	16446.003691601	17.143	330.000	SanctSound_FK3_01_671354921_20190119T214805Z.flac	1.6801	16444.3236	9	3	2	2	
226	Spectrogram 1	1	16681.982632918	16683.634860450	15.000	347.143	SanctSound_FK3_01_671354921_20190119T214805Z.flac	1.6522	16681.9826	9	3	2	2	
227	Spectrogram 1	1	16904.352089859	16906.282782705	17.143	315.000	SanctSound_FK3_01_671354921_20190119T214805Z.flac	1.9307	16904.3521	9	3	2	2	
228	Spectrogram 1	1	16956.109502128	16962.978313214	21.429	293.571	SanctSound_FK3_01_671354921_20190119T214805Z.flac	6.8688	16956.1095	10	3	2	2	
229	Spectrogram 1	1	16938.538650382	16940.404367987	19.286	312.857	SanctSound_FK3_01_671354921_20190119T214805Z.flac	1.8657	16938.5387	9	3	2	2	
230	Spectrogram 1	1	17088.369410913	17089.808148370	36.429	325.714	SanctSound_FK3_01_671354921_20190119T214805Z.flac	1.4387	17088.3694	9	3	2	2	
231	Spectrogram 1	1	17109.829801588	17111.314949931	27.857	355.714	SanctSound_FK3_01_671354921_20190119T214805Z.flac	1.4851	17109.8298	9	3	2	2	
232	Spectrogram 1	1	17270.261113611	17271.699851068	21.429	287.143	SanctSound_FK3_01_671354921_20190119T214805Z.flac	1.4387	17270.2611	9	3	2	2	
233	Spectrogram 1	1	17321.257387288	17322.649713860	25.714	297.857	SanctSound_FK3_01_671354921_20190119T214805Z.flac	1.3923	17321.2574	9	3	2	2	
234	Spectrogram 1	1	17598.855790604	17600.303810239	25.714	282.857	SanctSound_FK3_01_671354921_20190119T214805Z.flac	1.4480	17598.8558	9	3	2	2	
235	Spectrogram 1	1	17667.590302228	17668.889807028	30.000	293.571	SanctSound_FK3_01_671354921_20190119T214805Z.flac	1.2995	17667.5903	9	3	2	2	
236	Spectrogram 1	1	17858.010510446	17859.783406280	19.286	315.000	SanctSound_FK3_01_671354921_20190119T214805Z.flac	1.7729	17858.0105	9	3	2	2	
237	Spectrogram 1	1	18050.650972803	18052.006170666	19.286	289.286	SanctSound_FK3_01_671354921_20190119T214805Z.flac	1.3552	18050.6510	9	3	2	2	
238	Spectrogram 1	1	18236.840323157	18238.167674488	19.286	295.714	SanctSound_FK3_01_671354921_20190119T214805Z.flac	1.3274	18236.8403	9	3	2	2	
239	Spectrogram 1	1	18989.745659296	18991.444297713	25.714	315.000	SanctSound_FK3_01_671354921_20190119T214805Z.flac	1.6986	18989.7457	9	3	2	2	
