Selection	View	Channel	Begin Time (s)	End Time (s)	Low Freq (Hz)	High Freq (Hz)	Begin File	Delta Time (s)	File Offset (s)	call variant	level	call cutoff @ end	calls overlap	Notes
1	Spectrogram 1	1	1.327351332	2.534034360	19.286	340.714	SanctSound_FK3_01_671354921_20190219T214331Z.flac	1.2067	1.3274	9	3	2	2	
2	Spectrogram 1	1	9.300741498	10.553835412	25.714	319.286	SanctSound_FK3_01_671354921_20190219T214331Z.flac	1.2531	9.3007	9	3	2	2	
3	Spectrogram 1	1	22.648512951	24.737002809	49.286	156.429	SanctSound_FK3_01_671354921_20190219T214331Z.flac	2.0885	22.6485	1	3	2	2	
4	Spectrogram 1	1	27.094675803	29.647274518	25.714	175.714	SanctSound_FK3_01_671354921_20190219T214331Z.flac	2.5526	27.0947	2	3	2	2	
5	Spectrogram 1	1	34.306927438	35.792075781	25.714	332.143	SanctSound_FK3_01_671354921_20190219T214331Z.flac	1.4851	34.3069	9	3	2	2	
6	Spectrogram 1	1	57.911504041	62.450488664	25.714	156.429	SanctSound_FK3_01_671354921_20190219T214331Z.flac	4.5390	57.9115	2	3	2	2	
7	Spectrogram 1	1	68.084770539	69.300735745	25.714	317.143	SanctSound_FK3_01_671354921_20190219T214331Z.flac	1.2160	68.0848	9	3	2	2	
8	Spectrogram 1	1	75.612616203	76.949249711	21.429	272.143	SanctSound_FK3_01_671354921_20190219T214331Z.flac	1.3366	75.6126	9	3	2	2	
9	Spectrogram 1	1	87.818678061	89.108900684	21.429	282.857	SanctSound_FK3_01_671354921_20190219T214331Z.flac	1.2902	87.8187	9	3	2	2	
10	Spectrogram 1	1	108.378700137	109.687487115	19.286	285.000	SanctSound_FK3_01_671354921_20190219T214331Z.flac	1.3088	108.3787	9	3	2	2	
11	Spectrogram 1	1	138.397260416	146.157160508	21.429	276.429	SanctSound_FK3_01_671354921_20190219T214331Z.flac	7.7599	138.3973	10	3	2	2	
12	Spectrogram 1	1	160.553816223	162.066811097	19.286	272.143	SanctSound_FK3_01_671354921_20190219T214331Z.flac	1.5130	160.5538	9	3	2	2	
13	Spectrogram 1	1	178.319902728	179.730793654	17.143	287.143	SanctSound_FK3_01_671354921_20190219T214331Z.flac	1.4109	178.3199	9	3	2	2	
14	Spectrogram 1	1	181.984521730	183.376848302	19.286	233.571	SanctSound_FK3_01_671354921_20190219T214331Z.flac	1.3923	181.9845	9	3	2	2	
15	Spectrogram 1	1	195.499367825	196.882412219	25.714	240.000	SanctSound_FK3_01_671354921_20190219T214331Z.flac	1.3830	195.4994	9	3	2	2	
16	Spectrogram 1	1	214.370028865	219.679434191	21.429	297.857	SanctSound_FK3_01_671354921_20190219T214331Z.flac	5.3094	214.3700	10	3	2	2	
17	Spectrogram 1	1	232.739454598	233.899726741	21.429	327.857	SanctSound_FK3_01_671354921_20190219T214331Z.flac	1.1603	232.7395	9	3	2	2	
18	Spectrogram 1	1	249.131775895	250.357023278	25.714	330.000	SanctSound_FK3_01_671354921_20190219T214331Z.flac	1.2252	249.1318	9	3	2	2	
19	Spectrogram 1	1	273.089071796	274.407140950	19.286	364.286	SanctSound_FK3_01_671354921_20190219T214331Z.flac	1.3181	273.0891	9	3	2	2	
20	Spectrogram 1	1	293.101443176	294.503051925	17.143	340.714	SanctSound_FK3_01_671354921_20190219T214331Z.flac	1.4016	293.1014	9	3	2	2	
21	Spectrogram 1	1	331.381134431	332.374327385	23.571	274.286	SanctSound_FK3_01_671354921_20190219T214331Z.flac	0.9932	331.3811	9	3	2	2	
22	Spectrogram 1	1	375.024111801	376.472131436	23.571	293.571	SanctSound_FK3_01_671354921_20190219T214331Z.flac	1.4480	375.0241	9	3	2	2	
23	Spectrogram 1	1	378.133641145	379.711611259	21.429	351.429	SanctSound_FK3_01_671354921_20190219T214331Z.flac	1.5780	378.1336	9	3	2	2	
24	Spectrogram 1	1	419.077309877	420.423225563	19.286	370.714	SanctSound_FK3_01_671354921_20190219T214331Z.flac	1.3459	419.0773	9	3	2	2	
25	Spectrogram 1	1	478.594618924	479.810584130	27.857	300.000	SanctSound_FK3_01_671354921_20190219T214331Z.flac	1.2160	478.5946	9	3	2	2	
26	Spectrogram 1	1	494.316829494	495.597769940	19.286	274.286	SanctSound_FK3_01_671354921_20190219T214331Z.flac	1.2809	494.3168	9	3	2	2	
27	Spectrogram 1	1	541.358886881	542.602698618	19.286	293.571	SanctSound_FK3_01_671354921_20190219T214331Z.flac	1.2438	541.3589	9	3	2	2	
28	Spectrogram 1	1	575.053178792	576.352683592	23.571	321.429	SanctSound_FK3_01_671354921_20190219T214331Z.flac	1.2995	575.0532	9	3	2	2	
29	Spectrogram 1	1	595.947351886	597.135470561	21.429	323.571	SanctSound_FK3_01_671354921_20190219T214331Z.flac	1.1881	595.9474	9	3	2	2	
30	Spectrogram 1	1	615.458481095	619.106376713	53.571	143.571	SanctSound_FK3_01_671354921_20190219T214331Z.flac	3.6479	615.4585	1	3	2	2	
31	Spectrogram 1	1	625.631745874	626.894121966	15.000	302.143	SanctSound_FK3_01_671354921_20190219T214331Z.flac	1.2624	625.6317	9	3	2	2	
32	Spectrogram 1	1	642.998694233	644.326045565	19.286	342.857	SanctSound_FK3_01_671354921_20190219T214331Z.flac	1.3274	642.9987	9	3	2	2	
33	Spectrogram 1	1	658.509209557	661.841511152	57.857	135.000	SanctSound_FK3_01_671354921_20190219T214331Z.flac	3.3323	658.5092	1	3	2	2	
34	Spectrogram 1	1	671.929446484	673.173258221	23.571	274.286	SanctSound_FK3_01_671354921_20190219T214331Z.flac	1.2438	671.9294	9	3	2	2	
35	Spectrogram 1	1	687.374983710	691.301344642	19.286	162.857	SanctSound_FK3_01_671354921_20190219T214331Z.flac	3.9264	687.3750	2	3	2	2	
36	Spectrogram 1	1	698.123740813	699.135498122	27.857	300.000	SanctSound_FK3_01_671354921_20190219T214331Z.flac	1.0118	698.1237	9	3	2	2	
37	Spectrogram 1	1	700.685621705	702.969037282	55.714	167.143	SanctSound_FK3_01_671354921_20190219T214331Z.flac	2.2834	700.6856	1	3	2	2	
38	Spectrogram 1	1	703.795151048	704.992551899	15.000	334.286	SanctSound_FK3_01_671354921_20190219T214331Z.flac	1.1974	703.7952	9	3	2	2	
39	Spectrogram 1	1	708.770394532	710.292671584	23.571	304.286	SanctSound_FK3_01_671354921_20190219T214331Z.flac	1.5223	708.7704	9	3	2	2	
40	Spectrogram 1	1	719.203557305	720.688705648	25.714	304.286	SanctSound_FK3_01_671354921_20190219T214331Z.flac	1.4851	719.2036	9	3	2	2	
41	Spectrogram 1	1	726.684990185	729.042663180	47.143	152.143	SanctSound_FK3_01_671354921_20190219T214331Z.flac	2.3577	726.6850	1	3	2	2	
42	Spectrogram 1	1	742.483250636	747.356393636	25.714	173.571	SanctSound_FK3_01_671354921_20190219T214331Z.flac	4.8731	742.4833	2	3	2	2	
43	Spectrogram 1	1	773.894127115	775.193631915	19.286	259.286	SanctSound_FK3_01_671354921_20190219T214331Z.flac	1.2995	773.8941	9	3	2	2	
44	Spectrogram 1	1	785.459716971	786.684964354	19.286	349.286	SanctSound_FK3_01_671354921_20190219T214331Z.flac	1.2252	785.4597	9	3	2	2	
45	Spectrogram 1	1	793.442385851	799.085949554	30.000	150.000	SanctSound_FK3_01_671354921_20190219T214331Z.flac	5.6436	793.4424	2	3	2	2	
46	Spectrogram 1	1	799.085949554	800.394736531	30.000	312.857	SanctSound_FK3_01_671354921_20190219T214331Z.flac	1.3088	799.0859	9	3	2	2	
47	Spectrogram 1	1	825.540148907	826.895346770	23.571	297.857	SanctSound_FK3_01_671354921_20190219T214331Z.flac	1.3552	825.5401	9	3	2	2	
48	Spectrogram 1	1	819.709156478	820.711631609	19.286	312.857	SanctSound_FK3_01_671354921_20190219T214331Z.flac	1.0025	819.7092	9	3	2	2	
49	Spectrogram 1	1	831.970907599	835.683778456	55.714	156.429	SanctSound_FK3_01_671354921_20190219T214331Z.flac	3.7129	831.9709	1	3	2	2	
50	Spectrogram 1	1	861.961611249	864.690571330	21.429	173.571	SanctSound_FK3_01_671354921_20190219T214331Z.flac	2.7290	861.9616	2	3	2	2	
51	Spectrogram 1	1	870.584750917	872.097745791	19.286	304.286	SanctSound_FK3_01_671354921_20190219T214331Z.flac	1.5130	870.5848	9	3	2	2	
52	Spectrogram 1	1	886.550089717	888.805658762	38.571	150.000	SanctSound_FK3_01_671354921_20190219T214331Z.flac	2.2556	886.5501	1	3	2	2	
53	Spectrogram 1	1	889.241921088	892.713455340	57.857	143.571	SanctSound_FK3_01_671354921_20190219T214331Z.flac	3.4715	889.2419	1	3	2	2	
54	Spectrogram 1	1	900.139192936	902.209118439	72.857	158.571	SanctSound_FK3_01_671354921_20190219T214331Z.flac	2.0699	900.1392	1	3	2	2	
55	Spectrogram 1	1	903.861345971	905.058746822	19.286	310.714	SanctSound_FK3_01_671354921_20190219T214331Z.flac	1.1974	903.8613	9	3	2	2	
56	Spectrogram 1	1	949.919493091	951.497463206	15.000	327.857	SanctSound_FK3_01_671354921_20190219T214331Z.flac	1.5780	949.9195	9	3	2	2	
57	Spectrogram 1	1	959.879265831	961.011691442	21.429	312.857	SanctSound_FK3_01_671354921_20190219T214331Z.flac	1.1324	959.8793	9	3	2	2	
58	Spectrogram 1	1	981.970843170	983.353887565	21.429	297.857	SanctSound_FK3_01_671354921_20190219T214331Z.flac	1.3830	981.9708	9	3	2	2	
59	Spectrogram 1	1	1001.424492510	1004.487610967	47.143	130.714	SanctSound_FK3_01_671354921_20190219T214331Z.flac	3.0631	1001.4245	1	3	2	2	
60	Spectrogram 1	1	1008.042683739	1009.240084590	21.429	263.571	SanctSound_FK3_01_671354921_20190219T214331Z.flac	1.1974	1008.0427	9	3	2	2	
61	Spectrogram 1	1	1042.646630964	1045.301333627	51.429	145.714	SanctSound_FK3_01_671354921_20190219T214331Z.flac	2.6547	1042.6466	1	3	2	2	
62	Spectrogram 1	1	1058.222121513	1061.470883514	45.000	152.143	SanctSound_FK3_01_671354921_20190219T214331Z.flac	3.2488	1058.2221	1	3	2	2	
63	Spectrogram 1	1	1093.262335864	1094.292657527	68.571	124.286	SanctSound_FK3_01_671354921_20190219T214331Z.flac	1.0303	1093.2623	1	3	2	2	
64	Spectrogram 1	1	1103.175699750	1104.633001562	19.286	336.429	SanctSound_FK3_01_671354921_20190219T214331Z.flac	1.4573	1103.1757	9	3	2	2	
65	Spectrogram 1	1	1121.814309244	1122.835348730	15.000	310.714	SanctSound_FK3_01_671354921_20190219T214331Z.flac	1.0210	1121.8143	9	3	2	2	
66	Spectrogram 1	1	1126.706015955	1129.555644338	21.429	152.143	SanctSound_FK3_01_671354921_20190219T214331Z.flac	2.8496	1126.7060	1	3	2	2	
67	Spectrogram 1	1	1137.658983254	1139.107002888	15.000	319.286	SanctSound_FK3_01_671354921_20190219T214331Z.flac	1.4480	1137.6590	9	3	2	2	
68	Spectrogram 1	1	1143.506754091	1147.860095171	49.286	141.429	SanctSound_FK3_01_671354921_20190219T214331Z.flac	4.3533	1143.5068	1	3	2	2	
69	Spectrogram 1	1	1150.995664579	1152.202347608	17.143	355.714	SanctSound_FK3_01_671354921_20190219T214331Z.flac	1.2067	1150.9957	9	3	2	2	
70	Spectrogram 1	1	1152.462248568	1153.956679088	23.571	310.714	SanctSound_FK3_01_671354921_20190219T214331Z.flac	1.4944	1152.4622	9	3	2	2	
71	Spectrogram 1	1	1174.154693270	1175.166450578	19.286	321.429	SanctSound_FK3_01_671354921_20190219T214331Z.flac	1.0118	1174.1547	9	3	2	2	
72	Spectrogram 1	1	1191.243178703	1192.273500366	21.429	291.429	SanctSound_FK3_01_671354921_20190219T214331Z.flac	1.0303	1191.2432	9	3	2	2	
73	Spectrogram 1	1	1207.913966277	1208.999981003	21.429	351.429	SanctSound_FK3_01_671354921_20190219T214331Z.flac	1.0860	1207.9140	9	3	2	1	
74	Spectrogram 1	1	1208.192431591	1210.577951117	25.714	180.000	SanctSound_FK3_01_671354921_20190219T214331Z.flac	2.3855	1208.1924	2	3	2	1	
75	Spectrogram 1	1	1249.201084491	1251.660861434	45.000	109.286	SanctSound_FK3_01_671354921_20190219T214331Z.flac	2.4598	1249.2011	1	3	2	2	
76	Spectrogram 1	1	1251.883633685	1253.294524611	21.429	330.000	SanctSound_FK3_01_671354921_20190219T214331Z.flac	1.4109	1251.8836	9	3	2	2	
77	Spectrogram 1	1	1253.907148303	1255.308757051	49.286	117.857	SanctSound_FK3_01_671354921_20190219T214331Z.flac	1.4016	1253.9071	1	3	2	2	
78	Spectrogram 1	1	1263.857640505	1265.370635379	19.286	321.429	SanctSound_FK3_01_671354921_20190219T214331Z.flac	1.5130	1263.8576	9	3	2	2	
79	Spectrogram 1	1	1304.457878063	1305.488199726	27.857	295.714	SanctSound_FK3_01_671354921_20190219T214331Z.flac	1.0303	1304.4579	9	3	2	2	
80	Spectrogram 1	1	1289.099618227	1292.766078199	19.286	145.714	SanctSound_FK3_01_671354921_20190219T214331Z.flac	3.6665	1289.0996	2	3	2	2	
81	Spectrogram 1	1	1308.972756901	1310.151593398	19.286	353.571	SanctSound_FK3_01_671354921_20190219T214331Z.flac	1.1788	1308.9728	9	3	2	2	
82	Spectrogram 1	1	1316.773510073	1318.017321811	19.286	330.000	SanctSound_FK3_01_671354921_20190219T214331Z.flac	1.2438	1316.7735	9	3	2	2	
83	Spectrogram 1	1	1348.035878323	1349.261125706	25.714	334.286	SanctSound_FK3_01_671354921_20190219T214331Z.flac	1.2252	1348.0359	9	3	2	2	
84	Spectrogram 1	1	1362.608893846	1365.365700458	21.429	152.143	SanctSound_FK3_01_671354921_20190219T214331Z.flac	2.7568	1362.6089	2	3	2	2	
85	Spectrogram 1	1	1398.252449339	1399.654058088	19.286	304.286	SanctSound_FK3_01_671354921_20190219T214331Z.flac	1.4016	1398.2524	9	3	2	2	
86	Spectrogram 1	1	1443.020383735	1444.524096432	19.286	336.429	SanctSound_FK3_01_671354921_20190219T214331Z.flac	1.5037	1443.0204	9	3	2	2	
87	Spectrogram 1	1	1433.107016288	1434.369392380	21.429	201.429	SanctSound_FK3_01_671354921_20190219T214331Z.flac	1.2624	1433.1070	9	3	2	2	
88	Spectrogram 1	1	1465.770993868	1466.829162063	25.714	276.429	SanctSound_FK3_01_671354921_20190219T214331Z.flac	1.0582	1465.7710	9	3	2	2	
89	Spectrogram 1	1	1495.843428667	1497.059393873	15.000	319.286	SanctSound_FK3_01_671354921_20190219T214331Z.flac	1.2160	1495.8434	9	3	2	2	
90	Spectrogram 1	1	1503.278452559	1504.550110828	25.714	347.143	SanctSound_FK3_01_671354921_20190219T214331Z.flac	1.2717	1503.2785	9	3	2	2	
91	Spectrogram 1	1	1553.569280462	1554.998735742	25.714	308.571	SanctSound_FK3_01_671354921_20190219T214331Z.flac	1.4295	1553.5693	9	3	2	2	
92	Spectrogram 1	1	1563.956034908	1572.430662640	49.286	132.857	SanctSound_FK3_01_671354921_20190219T214331Z.flac	8.4746	1563.9560	1	3	2	2	
93	Spectrogram 1	1	1580.886724087	1582.585362504	25.714	319.286	SanctSound_FK3_01_671354921_20190219T214331Z.flac	1.6986	1580.8867	9	3	2	2	
94	Spectrogram 1	1	1612.223349965	1613.578547828	19.286	345.000	SanctSound_FK3_01_671354921_20190219T214331Z.flac	1.3552	1612.2233	9	3	2	2	
95	Spectrogram 1	1	1644.588484276	1649.340958973	64.286	143.571	SanctSound_FK3_01_671354921_20190219T214331Z.flac	4.7525	1644.5885	1	3	2	2	
96	Spectrogram 1	1	1676.045778077	1677.540208597	19.286	289.286	SanctSound_FK3_01_671354921_20190219T214331Z.flac	1.4944	1676.0458	9	3	2	2	
97	Spectrogram 1	1	1713.387971446	1714.808144549	21.429	259.286	SanctSound_FK3_01_671354921_20190219T214331Z.flac	1.4202	1713.3880	9	3	2	2	
98	Spectrogram 1	1	1720.386731660	1724.684379678	21.429	255.000	SanctSound_FK3_01_671354921_20190219T214331Z.flac	4.2976	1720.3867	10	3	2	2	
99	Spectrogram 1	1	1740.473360561	1741.939944550	19.286	349.286	SanctSound_FK3_01_671354921_20190219T214331Z.flac	1.4666	1740.4734	9	3	2	2	
100	Spectrogram 1	1	1760.337217077	1764.811226460	23.571	244.286	SanctSound_FK3_01_671354921_20190219T214331Z.flac	4.4740	1760.3372	10	3	2	2	
101	Spectrogram 1	1	1772.580407282	1773.963451676	19.286	276.429	SanctSound_FK3_01_671354921_20190219T214331Z.flac	1.3830	1772.5804	9	3	2	2	
102	Spectrogram 1	1	1780.386717238	1781.751197278	23.571	297.857	SanctSound_FK3_01_671354921_20190219T214331Z.flac	1.3645	1780.3867	9	3	2	2	
103	Spectrogram 1	1	1795.980772836	1799.099584356	21.429	297.857	SanctSound_FK3_01_671354921_20190219T214331Z.flac	3.1188	1795.9808	10	3	2	2	
104	Spectrogram 1	1	1811.953581667	1813.392319124	21.429	332.143	SanctSound_FK3_01_671354921_20190219T214331Z.flac	1.4387	1811.9536	9	3	2	2	
105	Spectrogram 1	1	1828.884270330	1830.211621662	21.429	330.000	SanctSound_FK3_01_671354921_20190219T214331Z.flac	1.3274	1828.8843	9	3	2	2	
106	Spectrogram 1	1	1848.135503432	1849.527830003	25.714	315.000	SanctSound_FK3_01_671354921_20190219T214331Z.flac	1.3923	1848.1355	9	3	2	2	
107	Spectrogram 1	1	1860.796390625	1866.672008757	51.429	128.571	SanctSound_FK3_01_671354921_20190219T214331Z.flac	5.8756	1860.7964	1	3	2	2	
108	Spectrogram 1	1	1868.732651327	1872.668294436	55.714	132.857	SanctSound_FK3_01_671354921_20190219T214331Z.flac	3.9356	1868.7327	1	3	2	2	
109	Spectrogram 1	1	1872.659012259	1873.893541819	10.714	319.286	SanctSound_FK3_01_671354921_20190219T214331Z.flac	1.2345	1872.6590	9	3	2	2	
110	Spectrogram 1	1	1876.714886180	1878.552757254	12.857	130.714	SanctSound_FK3_01_671354921_20190219T214331Z.flac	1.8379	1876.7149	2	3	2	2	
111	Spectrogram 1	1	1900.003865834	1901.340499342	17.143	355.714	SanctSound_FK3_01_671354921_20190219T214331Z.flac	1.3366	1900.0039	9	3	2	2	
112	Spectrogram 1	1	1949.774893083	1951.250759249	19.286	321.429	SanctSound_FK3_01_671354921_20190219T214331Z.flac	1.4759	1949.7749	9	3	2	2	
113	Spectrogram 1	1	1956.495188360	1957.924643640	19.286	242.143	SanctSound_FK3_01_671354921_20190219T214331Z.flac	1.4295	1956.4952	9	3	2	2	
114	Spectrogram 1	1	1971.438112184	1972.784027870	15.000	345.000	SanctSound_FK3_01_671354921_20190219T214331Z.flac	1.3459	1971.4381	9	3	2	2	
115	Spectrogram 1	1	1972.811874402	1976.172022528	60.000	143.571	SanctSound_FK3_01_671354921_20190219T214331Z.flac	3.3601	1972.8119	1	3	2	2	
116	Spectrogram 1	1	2001.920777547	2003.108896221	19.286	321.429	SanctSound_FK3_01_671354921_20190219T214331Z.flac	1.1881	2001.9208	9	3	2	2	
117	Spectrogram 1	1	2053.585368197	2054.857026466	21.429	349.286	SanctSound_FK3_01_671354921_20190219T214331Z.flac	1.2717	2053.5854	9	3	2	2	
118	Spectrogram 1	1	2056.286481746	2059.776580352	42.857	145.714	SanctSound_FK3_01_671354921_20190219T214331Z.flac	3.4901	2056.2865	1	3	2	2	
119	Spectrogram 1	1	2068.659621835	2069.829176155	17.143	340.714	SanctSound_FK3_01_671354921_20190219T214331Z.flac	1.1696	2068.6596	9	3	2	2	
120	Spectrogram 1	1	2078.136723419	2079.426946042	19.286	297.857	SanctSound_FK3_01_671354921_20190219T214331Z.flac	1.2902	2078.1367	9	3	2	2	
121	Spectrogram 1	1	2086.537092414	2087.836597214	17.143	345.000	SanctSound_FK3_01_671354921_20190219T214331Z.flac	1.2995	2086.5371	9	3	2	2	
122	Spectrogram 1	1	2118.467777571	2121.753668280	25.714	147.857	SanctSound_FK3_01_671354921_20190219T214331Z.flac	3.2859	2118.4678	2	3	1	2	
123	Spectrogram 1	1	2124.629327273	2125.854574656	19.286	297.857	SanctSound_FK3_01_671354921_20190219T214331Z.flac	1.2252	2124.6293	9	3	2	2	
124	Spectrogram 1	1	2160.616322649	2164.765455832	45.000	145.714	SanctSound_FK3_01_671354921_20190219T214331Z.flac	4.1491	2160.6163	1	3	2	2	
125	Spectrogram 1	1	2165.517311296	2166.770405210	27.857	347.143	SanctSound_FK3_01_671354921_20190219T214331Z.flac	1.2531	2165.5173	9	3	2	2	
126	Spectrogram 1	1	2177.482035976	2178.902209079	21.429	310.714	SanctSound_FK3_01_671354921_20190219T214331Z.flac	1.4202	2177.4820	9	3	2	2	
127	Spectrogram 1	1	2185.919533527	2193.206042585	19.286	244.286	SanctSound_FK3_01_671354921_20190219T214331Z.flac	7.2865	2185.9195	10	3	2	2	
128	Spectrogram 1	1	2210.870022099	2212.150962545	17.143	323.571	SanctSound_FK3_01_671354921_20190219T214331Z.flac	1.2809	2210.8700	9	3	2	2	
129	Spectrogram 1	1	2229.258012196	2230.538952642	12.857	327.857	SanctSound_FK3_01_671354921_20190219T214331Z.flac	1.2809	2229.2580	9	3	2	2	
130	Spectrogram 1	1	2240.090311974	2241.426945482	17.143	310.714	SanctSound_FK3_01_671354921_20190219T214331Z.flac	1.3366	2240.0903	9	3	2	2	
131	Spectrogram 1	1	2250.087214769	2251.145382963	21.429	282.857	SanctSound_FK3_01_671354921_20190219T214331Z.flac	1.0582	2250.0872	9	3	2	2	
132	Spectrogram 1	1	2277.590302179	2279.205401002	19.286	340.714	SanctSound_FK3_01_671354921_20190219T214331Z.flac	1.6151	2277.5903	9	3	2	2	
133	Spectrogram 1	1	2323.159510009	2324.319782152	23.571	325.714	SanctSound_FK3_01_671354921_20190219T214331Z.flac	1.1603	2323.1595	9	3	2	2	
134	Spectrogram 1	1	2339.022747954	2340.424356702	21.429	355.714	SanctSound_FK3_01_671354921_20190219T214331Z.flac	1.4016	2339.0227	9	3	2	2	
135	Spectrogram 1	1	2367.351948259	2368.549349110	19.286	332.143	SanctSound_FK3_01_671354921_20190219T214331Z.flac	1.1974	2367.3519	9	3	2	2	
136	Spectrogram 1	1	2413.289436600	2414.588941400	19.286	297.857	SanctSound_FK3_01_671354921_20190219T214331Z.flac	1.2995	2413.2894	9	3	2	2	
137	Spectrogram 1	1	2423.249211105	2424.465176311	19.286	327.857	SanctSound_FK3_01_671354921_20190219T214331Z.flac	1.2160	2423.2492	9	3	2	2	
138	Spectrogram 1	1	2432.884109524	2434.165049970	19.286	340.714	SanctSound_FK3_01_671354921_20190219T214331Z.flac	1.2809	2432.8841	9	3	2	2	
139	Spectrogram 1	1	2461.624373487	2462.933160465	17.143	340.714	SanctSound_FK3_01_671354921_20190219T214331Z.flac	1.3088	2461.6244	9	3	2	2	
140	Spectrogram 1	1	2488.245653389	2489.433772063	19.286	325.714	SanctSound_FK3_01_671354921_20190219T214331Z.flac	1.1881	2488.2457	9	3	2	2	
141	Spectrogram 1	1	2520.037105181	2521.262352564	19.286	330.000	SanctSound_FK3_01_671354921_20190219T214331Z.flac	1.2252	2520.0371	9	3	2	2	
142	Spectrogram 1	1	2537.264824028	2538.722125839	19.286	325.714	SanctSound_FK3_01_671354921_20190219T214331Z.flac	1.4573	2537.2648	9	3	2	2	
143	Spectrogram 1	1	2547.057519256	2548.375588411	19.286	342.857	SanctSound_FK3_01_671354921_20190219T214331Z.flac	1.3181	2547.0575	9	3	2	2	
144	Spectrogram 1	1	2555.170140720	2556.376823749	17.143	325.714	SanctSound_FK3_01_671354921_20190219T214331Z.flac	1.2067	2555.1701	9	3	2	2	
145	Spectrogram 1	1	2568.582884511	2571.330408946	19.286	156.429	SanctSound_FK3_01_671354921_20190219T214331Z.flac	2.7475	2568.5829	2	3	2	2	
146	Spectrogram 1	1	2574.922611500	2576.129294529	15.000	330.000	SanctSound_FK3_01_671354921_20190219T214331Z.flac	1.2067	2574.9226	9	3	2	2	
147	Spectrogram 1	1	2630.010510573	2631.226475779	19.286	304.286	SanctSound_FK3_01_671354921_20190219T214331Z.flac	1.2160	2630.0105	9	3	2	2	
148	Spectrogram 1	1	2634.948628008	2636.229568454	19.286	285.000	SanctSound_FK3_01_671354921_20190219T214331Z.flac	1.2809	2634.9486	9	3	2	2	
149	Spectrogram 1	1	2675.242552832	2676.449235861	19.286	353.571	SanctSound_FK3_01_671354921_20190219T214331Z.flac	1.2067	2675.2426	9	3	2	2	
150	Spectrogram 1	1	2695.310616774	2696.600839396	21.429	342.857	SanctSound_FK3_01_671354921_20190219T214331Z.flac	1.2902	2695.3106	9	3	2	2	
151	Spectrogram 1	1	2707.841554220	2708.992544185	15.000	334.286	SanctSound_FK3_01_671354921_20190219T214331Z.flac	1.1510	2707.8416	9	3	2	2	
152	Spectrogram 1	1	2727.788949964	2728.893529044	25.714	338.571	SanctSound_FK3_01_671354921_20190219T214331Z.flac	1.1046	2727.7889	9	3	2	2	
153	Spectrogram 1	1	2743.772856575	2745.090925729	19.286	349.286	SanctSound_FK3_01_671354921_20190219T214331Z.flac	1.3181	2743.7729	9	3	2	2	
154	Spectrogram 1	1	2757.686838255	2758.986343055	21.429	340.714	SanctSound_FK3_01_671354921_20190219T214331Z.flac	1.2995	2757.6868	9	3	2	2	
155	Spectrogram 1	1	2791.110139198	2792.363233112	19.286	282.857	SanctSound_FK3_01_671354921_20190219T214331Z.flac	1.2531	2791.1101	9	3	2	2	
156	Spectrogram 1	1	2829.584757541	2830.512975255	10.714	240.000	SanctSound_FK3_01_671354921_20190219T214331Z.flac	0.9282	2829.5848	9	3	2	2	
157	Spectrogram 1	1	2851.193662696	2852.223984359	21.429	325.714	SanctSound_FK3_01_671354921_20190219T214331Z.flac	1.0303	2851.1937	9	3	2	2	
158	Spectrogram 1	1	2874.204176519	2875.290191245	25.714	267.857	SanctSound_FK3_01_671354921_20190219T214331Z.flac	1.0860	2874.2042	9	3	2	2	
159	Spectrogram 1	1	2882.183633000	2883.984375366	47.143	152.143	SanctSound_FK3_01_671354921_20190219T214331Z.flac	1.8007	2882.1836	1	3	2	2	
160	Spectrogram 1	1	2885.079672269	2886.564820612	17.143	246.429	SanctSound_FK3_01_671354921_20190219T214331Z.flac	1.4851	2885.0797	9	3	2	2	
161	Spectrogram 1	1	2966.541447205	2967.673872816	19.286	342.857	SanctSound_FK3_01_671354921_20190219T214331Z.flac	1.1324	2966.5414	9	3	2	2	
162	Spectrogram 1	1	2984.715947413	2985.950476973	23.571	246.429	SanctSound_FK3_01_671354921_20190219T214331Z.flac	1.2345	2984.7159	9	3	2	2	
163	Spectrogram 1	1	2997.618172114	2998.806290788	12.857	345.000	SanctSound_FK3_01_671354921_20190219T214331Z.flac	1.1881	2997.6182	9	3	2	2	
164	Spectrogram 1	1	3047.017911604	3048.335980759	19.286	310.714	SanctSound_FK3_01_671354921_20190219T214331Z.flac	1.3181	3047.0179	9	3	2	2	
165	Spectrogram 1	1	3071.829167383	3073.026568234	23.571	349.286	SanctSound_FK3_01_671354921_20190219T214331Z.flac	1.1974	3071.8292	9	3	2	2	
166	Spectrogram 1	1	3146.103324003	3147.068670426	19.286	246.429	SanctSound_FK3_01_671354921_20190219T214331Z.flac	0.9653	3146.1033	9	3	2	2	
167	Spectrogram 1	1	3166.245645371	3167.712229359	23.571	338.571	SanctSound_FK3_01_671354921_20190219T214331Z.flac	1.4666	3166.2456	9	3	2	2	
168	Spectrogram 1	1	3186.972743986	3192.542050272	30.000	285.000	SanctSound_FK3_01_671354921_20190219T214331Z.flac	5.5693	3186.9727	10	3	2	2	
169	Spectrogram 1	1	3210.475212909	3212.842168080	98.571	207.857	SanctSound_FK3_01_671354921_20190219T214331Z.flac	2.3670	3210.4752	1	3	2	2	
170	Spectrogram 1	1	3231.629291907	3232.863821467	15.000	325.714	SanctSound_FK3_01_671354921_20190219T214331Z.flac	1.2345	3231.6293	9	3	2	2	
171	Spectrogram 1	1	3249.961589304	3250.899089196	19.286	285.000	SanctSound_FK3_01_671354921_20190219T214331Z.flac	0.9375	3249.9616	9	3	2	2	
172	Spectrogram 1	1	3275.922020716	3277.119421567	17.143	315.000	SanctSound_FK3_01_671354921_20190219T214331Z.flac	1.1974	3275.9220	9	3	2	2	
173	Spectrogram 1	1	3302.506171998	3307.193671455	19.286	332.143	SanctSound_FK3_01_671354921_20190219T214331Z.flac	4.6875	3302.5062	10	3	2	2	
174	Spectrogram 1	1	3316.299485254	3317.524732637	17.143	332.143	SanctSound_FK3_01_671354921_20190219T214331Z.flac	1.2252	3316.2995	9	3	2	2	
175	Spectrogram 1	1	3340.126830408	3341.287102551	19.286	327.857	SanctSound_FK3_01_671354921_20190219T214331Z.flac	1.1603	3340.1268	9	3	2	2	
176	Spectrogram 1	1	3369.811228914	3371.073605005	19.286	336.429	SanctSound_FK3_01_671354921_20190219T214331Z.flac	1.2624	3369.8112	9	3	2	2	
177	Spectrogram 1	1	3390.361965931	3391.596495491	19.286	293.571	SanctSound_FK3_01_671354921_20190219T214331Z.flac	1.2345	3390.3620	9	3	2	2	
178	Spectrogram 1	1	3407.459733880	3408.740674326	21.429	282.857	SanctSound_FK3_01_671354921_20190219T214331Z.flac	1.2809	3407.4597	9	3	2	2	
179	Spectrogram 1	1	3436.483283315	3439.982664098	72.857	143.571	SanctSound_FK3_01_671354921_20190219T214331Z.flac	3.4994	3436.4833	1	3	2	2	
180	Spectrogram 1	1	3440.929446167	3442.813728127	38.571	126.429	SanctSound_FK3_01_671354921_20190219T214331Z.flac	1.8843	3440.9294	1	3	2	2	
181	Spectrogram 1	1	3449.283403776	3450.462240274	25.714	351.429	SanctSound_FK3_01_671354921_20190219T214331Z.flac	1.1788	3449.2834	9	3	2	2	
182	Spectrogram 1	1	3481.928816324	3483.423246844	19.286	315.000	SanctSound_FK3_01_671354921_20190219T214331Z.flac	1.4944	3481.9288	9	3	2	2	
183	Spectrogram 1	1	3499.017301515	3500.196138013	25.714	336.429	SanctSound_FK3_01_671354921_20190219T214331Z.flac	1.1788	3499.0173	9	3	2	2	
184	Spectrogram 1	1	3535.180658597	3536.749346534	17.143	319.286	SanctSound_FK3_01_671354921_20190219T214331Z.flac	1.5687	3535.1807	9	3	2	2	
185	Spectrogram 1	1	3540.703553997	3541.891672672	23.571	261.429	SanctSound_FK3_01_671354921_20190219T214331Z.flac	1.1881	3540.7036	9	3	2	2	
186	Spectrogram 1	1	3588.969053175	3590.296404507	12.857	304.286	SanctSound_FK3_01_671354921_20190219T214331Z.flac	1.3274	3588.9691	9	3	2	2	
187	Spectrogram 1	1	3614.634269033	3616.100853021	21.429	293.571	SanctSound_FK3_01_671354921_20190219T214331Z.flac	1.4666	3614.6343	9	3	2	2	
188	Spectrogram 1	1	3646.416439050	3652.932527405	19.286	317.143	SanctSound_FK3_01_671354921_20190219T214331Z.flac	6.5161	3646.4164	10	3	2	2	
189	Spectrogram 1	1	3676.434995586	3677.585985552	21.429	250.714	SanctSound_FK3_01_671354921_20190219T214331Z.flac	1.1510	3676.4350	9	3	2	2	
190	Spectrogram 1	1	3686.004918620	3687.267294711	19.286	306.429	SanctSound_FK3_01_671354921_20190219T214331Z.flac	1.2624	3686.0049	9	3	2	2	
191	Spectrogram 1	1	3714.408376704	3715.568648846	19.286	319.286	SanctSound_FK3_01_671354921_20190219T214331Z.flac	1.1603	3714.4084	9	3	2	2	
192	Spectrogram 1	1	3744.072396419	3745.381183396	19.286	368.571	SanctSound_FK3_01_671354921_20190219T214331Z.flac	1.3088	3744.0724	9	3	2	2	
193	Spectrogram 1	1	3762.562490601	3768.614470098	25.714	293.571	SanctSound_FK3_01_671354921_20190219T214331Z.flac	6.0520	3762.5625	10	3	2	2	
194	Spectrogram 1	1	3769.254940321	3770.452341173	19.286	345.000	SanctSound_FK3_01_671354921_20190219T214331Z.flac	1.1974	3769.2549	9	3	2	2	
195	Spectrogram 1	1	3777.868798633	3779.335382622	19.286	308.571	SanctSound_FK3_01_671354921_20190219T214331Z.flac	1.4666	3777.8688	9	3	2	2	
196	Spectrogram 1	1	3783.837237442	3785.016073939	19.286	349.286	SanctSound_FK3_01_671354921_20190219T214331Z.flac	1.1788	3783.8372	9	3	2	2	
197	Spectrogram 1	1	3806.838469274	3808.110127542	23.571	297.857	SanctSound_FK3_01_671354921_20190219T214331Z.flac	1.2717	3806.8385	9	3	2	2	
198	Spectrogram 1	1	3833.292670108	3834.573610554	15.000	265.714	SanctSound_FK3_01_671354921_20190219T214331Z.flac	1.2809	3833.2927	9	3	2	2	
199	Spectrogram 1	1	3846.621874941	3847.847122324	19.286	342.857	SanctSound_FK3_01_671354921_20190219T214331Z.flac	1.2252	3846.6219	9	3	2	2	
200	Spectrogram 1	1	3871.693031978	3872.908997184	19.286	293.571	SanctSound_FK3_01_671354921_20190219T214331Z.flac	1.2160	3871.6930	9	3	2	2	
201	Spectrogram 1	1	3899.483866074	3900.736959988	21.429	321.429	SanctSound_FK3_01_671354921_20190219T214331Z.flac	1.2531	3899.4839	9	3	2	2	
202	Spectrogram 1	1	3915.428829837	3916.784027699	21.429	319.286	SanctSound_FK3_01_671354921_20190219T214331Z.flac	1.3552	3915.4288	9	3	2	2	
203	Spectrogram 1	1	3931.644790545	3932.842191397	19.286	312.857	SanctSound_FK3_01_671354921_20190219T214331Z.flac	1.1974	3931.6448	9	3	2	2	
204	Spectrogram 1	1	3961.449857322	3962.684386882	17.143	304.286	SanctSound_FK3_01_671354921_20190219T214331Z.flac	1.2345	3961.4499	9	3	2	2	
205	Spectrogram 1	1	3990.809379111	3992.053190849	21.429	323.571	SanctSound_FK3_01_671354921_20190219T214331Z.flac	1.2438	3990.8094	9	3	2	2	
206	Spectrogram 1	1	4013.012343692	4014.348977201	21.429	317.143	SanctSound_FK3_01_671354921_20190219T214331Z.flac	1.3366	4013.0123	9	3	2	2	
207	Spectrogram 1	1	4047.189315236	4048.711592288	27.857	355.714	SanctSound_FK3_01_671354921_20190219T214331Z.flac	1.5223	4047.1893	9	3	2	2	
208	Spectrogram 1	1	4052.767903699	4054.085972854	17.143	319.286	SanctSound_FK3_01_671354921_20190219T214331Z.flac	1.3181	4052.7679	9	3	2	2	
209	Spectrogram 1	1	4090.461004792	4092.048257084	19.286	310.714	SanctSound_FK3_01_671354921_20190219T214331Z.flac	1.5873	4090.4610	9	3	2	2	
210	Spectrogram 1	1	4087.073010135	4088.084767443	27.857	274.286	SanctSound_FK3_01_671354921_20190219T214331Z.flac	1.0118	4087.0730	9	3	2	2	
211	Spectrogram 1	1	4099.260507292	4100.439343789	23.571	340.714	SanctSound_FK3_01_671354921_20190219T214331Z.flac	1.1788	4099.2605	9	3	2	2	
212	Spectrogram 1	1	4118.558150725	4119.866937702	19.286	336.429	SanctSound_FK3_01_671354921_20190219T214331Z.flac	1.3088	4118.5582	9	3	2	2	
213	Spectrogram 1	1	4119.931912942	4123.189957119	75.000	165.000	SanctSound_FK3_01_671354921_20190219T214331Z.flac	3.2580	4119.9319	1	3	2	2	
214	Spectrogram 1	1	4130.411489223	4133.465325503	77.143	169.286	SanctSound_FK3_01_671354921_20190219T214331Z.flac	3.0538	4130.4115	1	3	2	2	
215	Spectrogram 1	1	4147.314331282	4149.282152837	77.143	160.714	SanctSound_FK3_01_671354921_20190219T214331Z.flac	1.9678	4147.3143	1	3	2	2	
216	Spectrogram 1	1	4157.858882996	4159.139823442	19.286	321.429	SanctSound_FK3_01_671354921_20190219T214331Z.flac	1.2809	4157.8589	9	3	2	2	
217	Spectrogram 1	1	4193.901571798	4195.358873610	17.143	334.286	SanctSound_FK3_01_671354921_20190219T214331Z.flac	1.4573	4193.9016	9	3	2	2	
218	Spectrogram 1	1	4214.916417688	4216.048843300	21.429	300.000	SanctSound_FK3_01_671354921_20190219T214331Z.flac	1.1324	4214.9164	9	3	2	2	
219	Spectrogram 1	1	4216.698595435	4217.998100235	19.286	287.143	SanctSound_FK3_01_671354921_20190219T214331Z.flac	1.2995	4216.6986	9	3	2	2	
220	Spectrogram 1	1	4223.391044101	4224.532751890	12.857	332.143	SanctSound_FK3_01_671354921_20190219T214331Z.flac	1.1417	4223.3910	9	3	2	2	
221	Spectrogram 1	1	4354.527809485	4355.780903399	27.857	293.571	SanctSound_FK3_01_671354921_20190219T214331Z.flac	1.2531	4354.5278	9	3	2	2	
222	Spectrogram 1	1	4454.253692493	4455.478939876	27.857	248.571	SanctSound_FK3_01_671354921_20190219T214331Z.flac	1.2252	4454.2537	9	3	2	2	
223	Spectrogram 1	1	4474.609503919	4476.038959199	55.714	135.000	SanctSound_FK3_01_671354921_20190219T214331Z.flac	1.4295	4474.6095	1	3	2	2	
224	Spectrogram 1	1	4684.348201706	4685.554884734	25.714	250.714	SanctSound_FK3_01_671354921_20190219T214331Z.flac	1.2067	4684.3482	9	3	2	2	
225	Spectrogram 1	1	4872.421365820	4873.609484495	23.571	274.286	SanctSound_FK3_01_671354921_20190219T214331Z.flac	1.1881	4872.4214	9	3	2	2	
226	Spectrogram 1	1	4929.077952919	4930.238225062	27.857	248.571	SanctSound_FK3_01_671354921_20190219T214331Z.flac	1.1603	4929.0780	9	3	2	2	
227	Spectrogram 1	1	4944.319285817	4947.410250806	60.000	130.714	SanctSound_FK3_01_671354921_20190219T214331Z.flac	3.0910	4944.3193	1	3	2	2	
228	Spectrogram 1	1	4970.857026020	4972.045144695	19.286	240.000	SanctSound_FK3_01_671354921_20190219T214331Z.flac	1.1881	4970.8570	9	3	2	2	
229	Spectrogram 1	1	5015.300083487	5016.386098213	12.857	231.429	SanctSound_FK3_01_671354921_20190219T214331Z.flac	1.0860	5015.3001	9	3	2	2	
230	Spectrogram 1	1	5096.999980479	5098.318049634	23.571	291.429	SanctSound_FK3_01_671354921_20190219T214331Z.flac	1.3181	5097.0000	9	3	2	2	
231	Spectrogram 1	1	5099.923866279	5101.195524548	23.571	276.429	SanctSound_FK3_01_671354921_20190219T214331Z.flac	1.2717	5099.9239	9	3	2	2	
232	Spectrogram 1	1	5153.871872232	5155.199223564	66.429	135.000	SanctSound_FK3_01_671354921_20190219T214331Z.flac	1.3274	5153.8719	1	3	2	2	
233	Spectrogram 1	1	5163.042661778	5164.416423995	27.857	255.000	SanctSound_FK3_01_671354921_20190219T214331Z.flac	1.3738	5163.0427	9	3	2	2	
234	Spectrogram 1	1	5210.844053225	5212.264226328	21.429	250.714	SanctSound_FK3_01_671354921_20190219T214331Z.flac	1.4202	5210.8441	9	3	2	2	
235	Spectrogram 1	1	5277.837402551	5278.960545986	19.286	289.286	SanctSound_FK3_01_671354921_20190219T214331Z.flac	1.1231	5277.8374	9	3	2	2	
236	Spectrogram 1	1	5289.764998676	5290.980963882	21.429	237.857	SanctSound_FK3_01_671354921_20190219T214331Z.flac	1.2160	5289.7650	9	3	2	2	
237	Spectrogram 1	1	5292.438265693	5293.719206139	17.143	291.429	SanctSound_FK3_01_671354921_20190219T214331Z.flac	1.2809	5292.4383	9	3	2	2	
238	Spectrogram 1	1	5334.115234460	5335.377610552	21.429	259.286	SanctSound_FK3_01_671354921_20190219T214331Z.flac	1.2624	5334.1152	9	3	2	2	
239	Spectrogram 1	1	5335.702486752	5336.575011403	19.286	263.571	SanctSound_FK3_01_671354921_20190219T214331Z.flac	0.8725	5335.7025	9	3	2	2	
240	Spectrogram 1	1	5352.104091238	5353.329338621	19.286	263.571	SanctSound_FK3_01_671354921_20190219T214331Z.flac	1.2252	5352.1041	9	3	2	2	
241	Spectrogram 1	1	5510.404083880	5511.360148126	15.000	248.571	SanctSound_FK3_01_671354921_20190219T214331Z.flac	0.9561	5510.4041	9	3	2	2	
242	Spectrogram 1	1	5536.876849118	5538.074249970	19.286	310.714	SanctSound_FK3_01_671354921_20190219T214331Z.flac	1.1974	5536.8768	9	3	2	2	
243	Spectrogram 1	1	5550.391697342	5552.136746645	30.000	282.857	SanctSound_FK3_01_671354921_20190219T214331Z.flac	1.7450	5550.3917	9	3	2	2	
244	Spectrogram 1	1	5571.471518214	5572.650354711	23.571	265.714	SanctSound_FK3_01_671354921_20190219T214331Z.flac	1.1788	5571.4715	9	3	2	2	
245	Spectrogram 1	1	5587.464707138	5588.652825812	17.143	297.857	SanctSound_FK3_01_671354921_20190219T214331Z.flac	1.1881	5587.4647	9	3	2	2	
246	Spectrogram 1	1	5602.873119161	5604.144777429	19.286	285.000	SanctSound_FK3_01_671354921_20190219T214331Z.flac	1.2717	5602.8731	9	3	2	2	
247	Spectrogram 1	1	5608.071138361	5609.222128327	12.857	304.286	SanctSound_FK3_01_671354921_20190219T214331Z.flac	1.1510	5608.0711	9	3	2	2	
248	Spectrogram 1	1	5622.792668453	5624.045762368	12.857	334.286	SanctSound_FK3_01_671354921_20190219T214331Z.flac	1.2531	5622.7927	9	3	2	2	
249	Spectrogram 1	1	5636.827318146	5638.163951654	21.429	319.286	SanctSound_FK3_01_671354921_20190219T214331Z.flac	1.3366	5636.8273	9	3	2	2	
250	Spectrogram 1	1	5647.000582581	5652.746250233	17.143	263.571	SanctSound_FK3_01_671354921_20190219T214331Z.flac	5.7457	5647.0006	10	3	2	2	
251	Spectrogram 1	1	5677.863817164	5678.764188347	17.143	259.286	SanctSound_FK3_01_671354921_20190219T214331Z.flac	0.9004	5677.8638	9	3	2	2	
252	Spectrogram 1	1	5690.012371531	5691.135514966	15.000	325.714	SanctSound_FK3_01_671354921_20190219T214331Z.flac	1.1231	5690.0124	9	3	2	2	
253	Spectrogram 1	1	5700.807541795	5701.986378292	17.143	242.143	SanctSound_FK3_01_671354921_20190219T214331Z.flac	1.1788	5700.8075	9	3	2	2	
254	Spectrogram 1	1	5741.909016110	5742.930055596	19.286	265.714	SanctSound_FK3_01_671354921_20190219T214331Z.flac	1.0210	5741.9090	9	3	2	2	
255	Spectrogram 1	1	5752.063716473	5753.502453930	19.286	240.000	SanctSound_FK3_01_671354921_20190219T214331Z.flac	1.4387	5752.0637	9	3	2	2	
256	Spectrogram 1	1	5761.995644680	5765.624975944	68.571	158.571	SanctSound_FK3_01_671354921_20190219T214331Z.flac	3.6293	5761.9956	1	3	2	2	
257	Spectrogram 1	1	5776.837843881	5778.109502149	15.000	306.429	SanctSound_FK3_01_671354921_20190219T214331Z.flac	1.2717	5776.8378	9	3	2	2	
258	Spectrogram 1	1	5795.244398219	5796.302566413	12.857	244.286	SanctSound_FK3_01_671354921_20190219T214331Z.flac	1.0582	5795.2444	9	3	2	2	
259	Spectrogram 1	1	5800.238209522	5801.751204397	19.286	387.857	SanctSound_FK3_01_671354921_20190219T214331Z.flac	1.5130	5800.2382	9	3	2	2	
260	Spectrogram 1	1	5819.099589977	5820.306273006	19.286	293.571	SanctSound_FK3_01_671354921_20190219T214331Z.flac	1.2067	5819.0996	9	3	2	2	
261	Spectrogram 1	1	5827.769142230	5829.022236144	19.286	297.857	SanctSound_FK3_01_671354921_20190219T214331Z.flac	1.2531	5827.7691	9	3	2	2	
262	Spectrogram 1	1	5839.824874769	5841.087250860	21.429	240.000	SanctSound_FK3_01_671354921_20190219T214331Z.flac	1.2624	5839.8249	9	3	2	2	
263	Spectrogram 1	1	5852.240804084	5853.373229695	19.286	242.143	SanctSound_FK3_01_671354921_20190219T214331Z.flac	1.1324	5852.2408	9	3	2	2	
264	Spectrogram 1	1	5854.338576118	5855.730902690	21.429	300.000	SanctSound_FK3_01_671354921_20190219T214331Z.flac	1.3923	5854.3386	9	3	2	2	
265	Spectrogram 1	1	5869.756269600	5870.990799160	23.571	308.571	SanctSound_FK3_01_671354921_20190219T214331Z.flac	1.2345	5869.7563	9	3	2	2	
266	Spectrogram 1	1	5876.263074965	5877.479040171	21.429	295.714	SanctSound_FK3_01_671354921_20190219T214331Z.flac	1.2160	5876.2631	9	3	2	2	
267	Spectrogram 1	1	5880.764929865	5886.492033163	17.143	250.714	SanctSound_FK3_01_671354921_20190219T214331Z.flac	5.7271	5880.7649	10	3	2	2	
268	Spectrogram 1	1	5945.870111127	5947.308848584	19.286	330.000	SanctSound_FK3_01_671354921_20190219T214331Z.flac	1.4387	5945.8701	9	3	2	2	
269	Spectrogram 1	1	5962.485205582	5963.738299496	19.286	306.429	SanctSound_FK3_01_671354921_20190219T214331Z.flac	1.2531	5962.4852	9	3	2	2	
270	Spectrogram 1	1	5972.157232846	5973.122579269	19.286	334.286	SanctSound_FK3_01_671354921_20190219T214331Z.flac	0.9653	5972.1572	9	3	2	2	
271	Spectrogram 1	1	5982.720348777	5983.927031806	17.143	285.000	SanctSound_FK3_01_671354921_20190219T214331Z.flac	1.2067	5982.7203	9	3	2	2	
272	Spectrogram 1	1	6020.871899137	6022.106428697	10.714	340.714	SanctSound_FK3_01_671354921_20190219T214331Z.flac	1.2345	6020.8719	9	3	2	2	
273	Spectrogram 1	1	6034.498133301	6035.639841089	21.429	300.000	SanctSound_FK3_01_671354921_20190219T214331Z.flac	1.1417	6034.4981	9	3	2	2	
274	Spectrogram 1	1	6080.732650900	6081.874358689	17.143	327.857	SanctSound_FK3_01_671354921_20190219T214331Z.flac	1.1417	6080.7327	9	3	2	2	
275	Spectrogram 1	1	6094.609503774	6095.946137282	19.286	312.857	SanctSound_FK3_01_671354921_20190219T214331Z.flac	1.3366	6094.6095	9	3	2	2	
276	Spectrogram 1	1	6101.153438660	6102.202324677	21.429	278.571	SanctSound_FK3_01_671354921_20190219T214331Z.flac	1.0489	6101.1534	9	3	2	2	
277	Spectrogram 1	1	6107.493163822	6108.662718142	23.571	317.143	SanctSound_FK3_01_671354921_20190219T214331Z.flac	1.1696	6107.4932	9	3	2	2	
278	Spectrogram 1	1	6117.592170784	6118.808135990	21.429	300.000	SanctSound_FK3_01_671354921_20190219T214331Z.flac	1.2160	6117.5922	9	3	2	2	
279	Spectrogram 1	1	6119.262962670	6121.277195110	53.571	126.429	SanctSound_FK3_01_671354921_20190219T214331Z.flac	2.0142	6119.2630	1	3	2	2	
280	Spectrogram 1	1	6130.355162738	6131.561845767	19.286	319.286	SanctSound_FK3_01_671354921_20190219T214331Z.flac	1.2067	6130.3552	9	3	2	2	
281	Spectrogram 1	1	6142.078550797	6143.285233825	17.143	278.571	SanctSound_FK3_01_671354921_20190219T214331Z.flac	1.2067	6142.0786	9	3	2	2	
282	Spectrogram 1	1	6155.314933408	6156.373101602	25.714	297.857	SanctSound_FK3_01_671354921_20190219T214331Z.flac	1.0582	6155.3149	9	3	2	2	
283	Spectrogram 1	1	6159.816789322	6161.246244602	25.714	293.571	SanctSound_FK3_01_671354921_20190219T214331Z.flac	1.4295	6159.8168	9	3	2	2	
284	Spectrogram 1	1	6189.852095536	6191.030932034	19.286	330.000	SanctSound_FK3_01_671354921_20190219T214331Z.flac	1.1788	6189.8521	9	3	2	2	
285	Spectrogram 1	1	6214.895405969	6215.786494975	23.571	300.000	SanctSound_FK3_01_671354921_20190219T214331Z.flac	0.8911	6214.8954	9	3	2	2	
286	Spectrogram 1	1	6219.805677678	6221.049489415	19.286	332.143	SanctSound_FK3_01_671354921_20190219T214331Z.flac	1.2438	6219.8057	9	3	2	2	
287	Spectrogram 1	1	6260.767918643	6264.100220238	85.714	162.857	SanctSound_FK3_01_671354921_20190219T214331Z.flac	3.3323	6260.7679	1	3	2	2	
288	Spectrogram 1	1	6286.386723584	6287.649099676	23.571	315.000	SanctSound_FK3_01_671354921_20190219T214331Z.flac	1.2624	6286.3867	9	3	2	2	
289	Spectrogram 1	1	6293.292663379	6294.759247368	21.429	287.143	SanctSound_FK3_01_671354921_20190219T214331Z.flac	1.4666	6293.2927	9	3	2	2	
290	Spectrogram 1	1	6325.165840755	6326.251855481	23.571	214.286	SanctSound_FK3_01_671354921_20190219T214331Z.flac	1.0860	6325.1658	9	3	2	2	
291	Spectrogram 1	1	6338.068064570	6339.265465422	21.429	250.714	SanctSound_FK3_01_671354921_20190219T214331Z.flac	1.1974	6338.0681	9	3	2	2	
292	Spectrogram 1	1	6346.960389067	6348.408408701	19.286	325.714	SanctSound_FK3_01_671354921_20190219T214331Z.flac	1.4480	6346.9604	9	3	2	2	
293	Spectrogram 1	1	6375.391693424	6376.570529922	21.429	289.286	SanctSound_FK3_01_671354921_20190219T214331Z.flac	1.1788	6375.3917	9	3	2	2	
294	Spectrogram 1	1	6405.187477500	6406.375596174	19.286	327.857	SanctSound_FK3_01_671354921_20190219T214331Z.flac	1.1881	6405.1875	9	3	2	2	
295	Spectrogram 1	1	6457.353305352	6458.541424027	15.000	312.857	SanctSound_FK3_01_671354921_20190219T214331Z.flac	1.1881	6457.3533	9	3	2	2	
296	Spectrogram 1	1	6470.626816752	6471.861346312	25.714	276.429	SanctSound_FK3_01_671354921_20190219T214331Z.flac	1.2345	6470.6268	9	3	2	2	
297	Spectrogram 1	1	6542.116320785	6543.425107762	27.857	327.857	SanctSound_FK3_01_671354921_20190219T214331Z.flac	1.3088	6542.1163	9	3	2	2	
298	Spectrogram 1	1	6553.115698986	6554.517307735	19.286	321.429	SanctSound_FK3_01_671354921_20190219T214331Z.flac	1.4016	6553.1157	9	3	2	2	
299	Spectrogram 1	1	6583.282770582	6584.470889256	23.571	289.286	SanctSound_FK3_01_671354921_20190219T214331Z.flac	1.1881	6583.2828	9	3	2	2	
300	Spectrogram 1	1	6607.230783846	6608.892293555	19.286	310.714	SanctSound_FK3_01_671354921_20190219T214331Z.flac	1.6615	6607.2308	9	3	2	2	
301	Spectrogram 1	1	6639.263572243	6640.683745345	17.143	334.286	SanctSound_FK3_01_671354921_20190219T214331Z.flac	1.4202	6639.2636	9	3	2	2	
302	Spectrogram 1	1	6663.256183019	6664.509276934	19.286	306.429	SanctSound_FK3_01_671354921_20190219T214331Z.flac	1.2531	6663.2562	9	3	2	2	
303	Spectrogram 1	1	6666.820539043	6667.952964654	21.429	304.286	SanctSound_FK3_01_671354921_20190219T214331Z.flac	1.1324	6666.8205	9	3	2	2	
304	Spectrogram 1	1	6694.639219403	6695.827338077	15.000	315.000	SanctSound_FK3_01_671354921_20190219T214331Z.flac	1.1881	6694.6392	9	3	2	2	
305	Spectrogram 1	1	6720.443667950	6721.668915333	15.000	306.429	SanctSound_FK3_01_671354921_20190219T214331Z.flac	1.2252	6720.4437	9	3	2	2	
306	Spectrogram 1	1	6784.537091904	6785.855161058	23.571	336.429	SanctSound_FK3_01_671354921_20190219T214331Z.flac	1.3181	6784.5371	9	3	2	2	
307	Spectrogram 1	1	6796.511098278	6798.014810975	19.286	323.571	SanctSound_FK3_01_671354921_20190219T214331Z.flac	1.5037	6796.5111	9	3	2	2	
308	Spectrogram 1	1	6807.993150068	6809.162704388	19.286	332.143	SanctSound_FK3_01_671354921_20190219T214331Z.flac	1.1696	6807.9932	9	3	2	2	
309	Spectrogram 1	1	6842.780931053	6844.312490281	27.857	315.000	SanctSound_FK3_01_671354921_20190219T214331Z.flac	1.5316	6842.7809	9	3	2	2	
310	Spectrogram 1	1	6874.971516704	6876.252457150	21.429	330.000	SanctSound_FK3_01_671354921_20190219T214331Z.flac	1.2809	6874.9715	9	3	2	2	
311	Spectrogram 1	1	6895.726461932	6897.220892452	21.429	351.429	SanctSound_FK3_01_671354921_20190219T214331Z.flac	1.4944	6895.7265	9	3	2	2	
312	Spectrogram 1	1	6910.364453083	6911.673240060	23.571	357.857	SanctSound_FK3_01_671354921_20190219T214331Z.flac	1.3088	6910.3645	9	3	2	2	
313	Spectrogram 1	1	6915.683140586	6916.964081032	12.857	342.857	SanctSound_FK3_01_671354921_20190219T214331Z.flac	1.2809	6915.6831	9	3	2	2	
314	Spectrogram 1	1	6989.428211940	6990.755563272	19.286	319.286	SanctSound_FK3_01_671354921_20190219T214331Z.flac	1.3274	6989.4282	9	3	2	2	
315	Spectrogram 1	1	7000.836006008	7002.181921694	19.286	285.000	SanctSound_FK3_01_671354921_20190219T214331Z.flac	1.3459	7000.8360	9	3	2	2	
316	Spectrogram 1	1	7062.896633829	7064.066188149	19.286	308.571	SanctSound_FK3_01_671354921_20190219T214331Z.flac	1.1696	7062.8966	9	3	2	2	
317	Spectrogram 1	1	7076.225838026	7077.404674523	23.571	280.714	SanctSound_FK3_01_671354921_20190219T214331Z.flac	1.1788	7076.2258	9	3	2	2	
318	Spectrogram 1	1	7110.040804781	7111.219641278	21.429	330.000	SanctSound_FK3_01_671354921_20190219T214331Z.flac	1.1788	7110.0408	9	3	2	2	
319	Spectrogram 1	1	7124.994389881	7129.626196276	19.286	300.000	SanctSound_FK3_01_671354921_20190219T214331Z.flac	4.6318	7124.9944	10	3	2	2	
320	Spectrogram 1	1	7145.784648977	7147.112000308	21.429	255.000	SanctSound_FK3_01_671354921_20190219T214331Z.flac	1.3274	7145.7846	9	3	2	2	
321	Spectrogram 1	1	7201.784016233	7203.232035867	19.286	270.000	SanctSound_FK3_01_671354921_20190219T214331Z.flac	1.4480	7201.7840	9	3	2	2	
322	Spectrogram 1	1	7235.886730360	7236.861358960	23.571	278.571	SanctSound_FK3_01_671354921_20190219T214331Z.flac	0.9746	7235.8867	9	3	2	2	
323	Spectrogram 1	1	7242.978312007	7244.314945516	19.286	295.714	SanctSound_FK3_01_671354921_20190219T214331Z.flac	1.3366	7242.9783	9	3	2	2	
324	Spectrogram 1	1	7305.365029599	7306.469608679	21.429	308.571	SanctSound_FK3_01_671354921_20190219T214331Z.flac	1.1046	7305.3650	9	3	2	2	
325	Spectrogram 1	1	7307.199872509	7308.657174321	23.571	300.000	SanctSound_FK3_01_671354921_20190219T214331Z.flac	1.4573	7307.1999	9	3	2	2	
326	Spectrogram 1	1	7335.297018611	7336.717191714	19.286	302.143	SanctSound_FK3_01_671354921_20190219T214331Z.flac	1.4202	7335.2970	9	3	2	2	
327	Spectrogram 1	1	7428.044519159	7429.195509124	19.286	325.714	SanctSound_FK3_01_671354921_20190219T214331Z.flac	1.1510	7428.0445	9	3	2	2	
328	Spectrogram 1	1	7453.180651113	7454.433745028	17.143	306.429	SanctSound_FK3_01_671354921_20190219T214331Z.flac	1.2531	7453.1807	9	3	2	2	
329	Spectrogram 1	1	7530.480796886	7531.835994749	19.286	261.429	SanctSound_FK3_01_671354921_20190219T214331Z.flac	1.3552	7530.4808	9	3	2	2	
330	Spectrogram 1	1	7582.433135004	7583.881154639	21.429	282.857	SanctSound_FK3_01_671354921_20190219T214331Z.flac	1.4480	7582.4331	9	3	2	2	
331	Spectrogram 1	1	7647.703580911	7648.854570877	21.429	222.857	SanctSound_FK3_01_671354921_20190219T214331Z.flac	1.1510	7647.7036	9	3	2	2	
332	Spectrogram 1	1	7745.314941873	7746.568035787	17.143	250.714	SanctSound_FK3_01_671354921_20190219T214331Z.flac	1.2531	7745.3149	9	3	2	2	
333	Spectrogram 1	1	7904.938704878	7906.154670084	19.286	231.429	SanctSound_FK3_01_671354921_20190219T214331Z.flac	1.2160	7904.9387	9	3	2	2	
334	Spectrogram 1	1	7953.102100329	7960.286505438	17.143	199.286	SanctSound_FK3_01_671354921_20190219T214331Z.flac	7.1844	7953.1021	10	3	2	2	
335	Spectrogram 1	1	8023.414582513	8024.732651667	19.286	270.000	SanctSound_FK3_01_671354921_20190219T214331Z.flac	1.3181	8023.4146	9	3	2	2	
336	Spectrogram 1	1	8174.396639392	8175.668297661	21.429	263.571	SanctSound_FK3_01_671354921_20190219T214331Z.flac	1.2717	8174.3966	9	3	2	2	
337	Spectrogram 1	1	8231.259247977	8237.868158104	27.857	250.714	SanctSound_FK3_01_671354921_20190219T214331Z.flac	6.6089	8231.2592	10	3	2	2	
338	Spectrogram 1	1	8272.509237401	8273.808742201	17.143	225.000	SanctSound_FK3_01_671354921_20190219T214331Z.flac	1.2995	8272.5092	9	3	2	2	
339	Spectrogram 1	1	8299.917688658	8301.161500395	25.714	272.143	SanctSound_FK3_01_671354921_20190219T214331Z.flac	1.2438	8299.9177	9	3	2	2	
340	Spectrogram 1	1	8317.303203776	8318.574862045	21.429	250.714	SanctSound_FK3_01_671354921_20190219T214331Z.flac	1.2717	8317.3032	9	3	2	2	
341	Spectrogram 1	1	8341.000598588	8342.272256857	25.714	261.429	SanctSound_FK3_01_671354921_20190219T214331Z.flac	1.2717	8341.0006	9	3	2	2	
342	Spectrogram 1	1	8357.188713160	8358.469653606	23.571	250.714	SanctSound_FK3_01_671354921_20190219T214331Z.flac	1.2809	8357.1887	9	3	2	2	
343	Spectrogram 1	1	8421.124340062	8422.423844862	19.286	263.571	SanctSound_FK3_01_671354921_20190219T214331Z.flac	1.2995	8421.1243	9	3	2	2	
344	Spectrogram 1	1	8471.478329684	8472.647884004	19.286	263.571	SanctSound_FK3_01_671354921_20190219T214331Z.flac	1.1696	8471.4783	9	3	2	2	
345	Spectrogram 1	1	8520.868787070	8522.056905744	15.000	242.143	SanctSound_FK3_01_671354921_20190219T214331Z.flac	1.1881	8520.8688	9	3	2	2	
346	Spectrogram 1	1	8553.588456608	8554.841550522	19.286	261.429	SanctSound_FK3_01_671354921_20190219T214331Z.flac	1.2531	8553.5885	9	3	2	2	
347	Spectrogram 1	1	8639.029070972	8640.207907469	19.286	237.857	SanctSound_FK3_01_671354921_20190219T214331Z.flac	1.1788	8639.0291	9	3	2	2	
348	Spectrogram 1	1	8681.095891557	8682.358267649	27.857	246.429	SanctSound_FK3_01_671354921_20190219T214331Z.flac	1.2624	8681.0959	9	3	2	2	
349	Spectrogram 1	1	8749.459116175	8750.647234849	25.714	233.571	SanctSound_FK3_01_671354921_20190219T214331Z.flac	1.1881	8749.4591	9	3	2	2	
350	Spectrogram 1	1	8795.311250946	8796.749988403	19.286	270.000	SanctSound_FK3_01_671354921_20190219T214331Z.flac	1.4387	8795.3113	9	3	2	2	
351	Spectrogram 1	1	8846.678811540	8847.922623278	17.143	257.143	SanctSound_FK3_01_671354921_20190219T214331Z.flac	1.2438	8846.6788	9	3	2	2	
352	Spectrogram 1	1	8905.806271196	8907.245008653	17.143	287.143	SanctSound_FK3_01_671354921_20190219T214331Z.flac	1.4387	8905.8063	9	3	2	2	
353	Spectrogram 1	1	8960.829195109	8961.970902898	19.286	250.714	SanctSound_FK3_01_671354921_20190219T214331Z.flac	1.1417	8960.8292	9	3	2	2	
354	Spectrogram 1	1	9014.322374302	9015.436235559	19.286	282.857	SanctSound_FK3_01_671354921_20190219T214331Z.flac	1.1139	9014.3224	9	3	2	2	
355	Spectrogram 1	1	9151.641069262	9153.181910668	23.571	297.857	SanctSound_FK3_01_671354921_20190219T214331Z.flac	1.5408	9151.6411	9	3	2	2	
356	Spectrogram 1	1	9165.805669233	9167.068045324	19.286	287.143	SanctSound_FK3_01_671354921_20190219T214331Z.flac	1.2624	9165.8057	9	3	2	2	
357	Spectrogram 1	1	9281.738230193	9283.204814182	19.286	242.143	SanctSound_FK3_01_671354921_20190219T214331Z.flac	1.4666	9281.7382	9	3	2	2	
358	Spectrogram 1	1	9343.956655072	9345.395392529	17.143	310.714	SanctSound_FK3_01_671354921_20190219T214331Z.flac	1.4387	9343.9567	9	3	2	2	
359	Spectrogram 1	1	9398.916417867	9400.141665250	19.286	293.571	SanctSound_FK3_01_671354921_20190219T214331Z.flac	1.2252	9398.9164	9	3	2	2	
360	Spectrogram 1	1	9471.120649331	9472.577951142	23.571	295.714	SanctSound_FK3_01_671354921_20190219T214331Z.flac	1.4573	9471.1206	9	3	2	2	
361	Spectrogram 1	1	9545.498723965	9546.779664411	17.143	244.286	SanctSound_FK3_01_671354921_20190219T214331Z.flac	1.2809	9545.4987	9	3	2	2	
362	Spectrogram 1	1	9720.800081558	9721.988200232	19.286	248.571	SanctSound_FK3_01_671354921_20190219T214331Z.flac	1.1881	9720.8001	9	3	2	2	
363	Spectrogram 1	1	9756.646030486	9757.834149160	19.286	289.286	SanctSound_FK3_01_671354921_20190219T214331Z.flac	1.1881	9756.6460	9	3	2	2	
364	Spectrogram 1	1	9793.848991328	9794.990699116	23.571	237.857	SanctSound_FK3_01_671354921_20190219T214331Z.flac	1.1417	9793.8490	9	3	2	2	
365	Spectrogram 1	1	9880.869389179	9882.122483094	27.857	259.286	SanctSound_FK3_01_671354921_20190219T214331Z.flac	1.2531	9880.8694	9	3	2	2	
366	Spectrogram 1	1	10013.695510538	10014.892911389	19.286	293.571	SanctSound_FK3_01_671354921_20190219T214331Z.flac	1.1974	10013.6955	9	3	2	2	
367	Spectrogram 1	1	10179.993157790	10181.404048716	23.571	293.571	SanctSound_FK3_01_671354921_20190219T214331Z.flac	1.4109	10179.9932	9	3	2	2	
368	Spectrogram 1	1	10389.673880653	10390.778459733	19.286	218.571	SanctSound_FK3_01_671354921_20190219T214331Z.flac	1.1046	10389.6739	9	3	2	2	
369	Spectrogram 1	1	10489.218517268	10490.378789411	19.286	252.857	SanctSound_FK3_01_671354921_20190219T214331Z.flac	1.1603	10489.2185	9	3	2	2	
370	Spectrogram 1	1	10601.305674959	10602.400971862	19.286	255.000	SanctSound_FK3_01_671354921_20190219T214331Z.flac	1.0953	10601.3057	9	3	2	2	
371	Spectrogram 1	1	10675.590927653	10676.964689870	21.429	300.000	SanctSound_FK3_01_671354921_20190219T214331Z.flac	1.3738	10675.5909	9	3	2	2	
372	Spectrogram 1	1	10827.594024544	10828.745014509	19.286	289.286	SanctSound_FK3_01_671354921_20190219T214331Z.flac	1.1510	10827.5940	9	3	2	2	
373	Spectrogram 1	1	11107.178813085	11108.422624822	19.286	184.286	SanctSound_FK3_01_671354921_20190219T214331Z.flac	1.2438	11107.1788	9	3	2	2	
374	Spectrogram 1	1	11200.453583533	11209.067443922	19.286	242.143	SanctSound_FK3_01_671354921_20190219T214331Z.flac	8.6139	11200.4536	10	3	2	2	
375	Spectrogram 1	1	11252.043916919	11253.519783084	19.286	240.000	SanctSound_FK3_01_671354921_20190219T214331Z.flac	1.4759	11252.0439	9	3	2	2	
376	Spectrogram 1	1	11278.303191944	11279.769775933	23.571	261.429	SanctSound_FK3_01_671354921_20190219T214331Z.flac	1.4666	11278.3032	9	3	2	2	
377	Spectrogram 1	1	11370.213482458	11371.364472424	27.857	274.286	SanctSound_FK3_01_671354921_20190219T214331Z.flac	1.1510	11370.2135	9	3	2	2	
378	Spectrogram 1	1	11681.998139300	11683.260515392	21.429	304.286	SanctSound_FK3_01_671354921_20190219T214331Z.flac	1.2624	11681.9981	9	3	2	2	
379	Spectrogram 1	1	11963.079172661	11964.322984398	21.429	287.143	SanctSound_FK3_01_671354921_20190219T214331Z.flac	1.2438	11963.0792	9	3	2	2	
380	Spectrogram 1	1	11999.223965041	12000.662702499	27.857	246.429	SanctSound_FK3_01_671354921_20190219T214331Z.flac	1.4387	11999.2240	9	3	2	2	
381	Spectrogram 1	1	12018.714720176	12020.004942799	19.286	285.000	SanctSound_FK3_01_671354921_20190219T214331Z.flac	1.2902	12018.7147	9	3	2	2	
382	Spectrogram 1	1	12212.738226855	12214.436865273	19.286	231.429	SanctSound_FK3_01_671354921_20190219T214331Z.flac	1.6986	12212.7382	9	3	2	2	
383	Spectrogram 1	1	12478.271615544	12479.552555990	25.714	289.286	SanctSound_FK3_01_671354921_20190219T214331Z.flac	1.2809	12478.2716	9	3	2	2	
384	Spectrogram 1	1	12489.011093220	12490.644756397	19.286	291.429	SanctSound_FK3_01_671354921_20190219T214331Z.flac	1.6337	12489.0111	9	3	2	2	
385	Spectrogram 1	1	12602.381773877	12603.653432146	17.143	270.000	SanctSound_FK3_01_671354921_20190219T214331Z.flac	1.2717	12602.3818	9	3	2	2	
386	Spectrogram 1	1	12693.131792673	12694.171396513	19.286	225.000	SanctSound_FK3_01_671354921_20190219T214331Z.flac	1.0396	12693.1318	9	3	2	2	
387	Spectrogram 1	1	12796.832260583	12797.779042652	10.714	306.429	SanctSound_FK3_01_671354921_20190219T214331Z.flac	0.9468	12796.8323	9	3	2	2	
388	Spectrogram 1	1	12826.802592079	12827.805067211	19.286	240.000	SanctSound_FK3_01_671354921_20190219T214331Z.flac	1.0025	12826.8026	9	3	2	2	
389	Spectrogram 1	1	12975.818642631	12977.118147431	21.429	276.429	SanctSound_FK3_01_671354921_20190219T214331Z.flac	1.2995	12975.8186	9	3	2	2	
390	Spectrogram 1	1	12993.332294011	12994.761749291	19.286	227.143	SanctSound_FK3_01_671354921_20190219T214331Z.flac	1.4295	12993.3323	9	3	2	2	
391	Spectrogram 1	1	13043.029063074	13044.272874811	19.286	235.714	SanctSound_FK3_01_671354921_20190219T214331Z.flac	1.2438	13043.0291	9	3	2	2	
392	Spectrogram 1	1	13103.994393466	13109.749343295	12.857	210.000	SanctSound_FK3_01_671354921_20190219T214331Z.flac	5.7549	13103.9944	10	3	2	2	
393	Spectrogram 1	1	13148.899746047	13150.078582544	27.857	282.857	SanctSound_FK3_01_671354921_20190219T214331Z.flac	1.1788	13148.8997	9	3	2	2	
394	Spectrogram 1	1	13347.833523566	13349.068053126	25.714	282.857	SanctSound_FK3_01_671354921_20190219T214331Z.flac	1.2345	13347.8335	9	3	2	2	
395	Spectrogram 1	1	13421.459741666	13422.740682112	25.714	237.857	SanctSound_FK3_01_671354921_20190219T214331Z.flac	1.2809	13421.4597	9	3	2	2	
396	Spectrogram 1	1	13489.654073224	13491.018553264	15.000	255.000	SanctSound_FK3_01_671354921_20190219T214331Z.flac	1.3645	13489.6541	9	3	2	2	
397	Spectrogram 1	1	13512.181913932	13513.305057367	19.286	250.714	SanctSound_FK3_01_671354921_20190219T214331Z.flac	1.1231	13512.1819	9	3	2	2	
398	Spectrogram 1	1	13584.647860300	13585.965929455	21.429	280.714	SanctSound_FK3_01_671354921_20190219T214331Z.flac	1.3181	13584.6479	9	3	2	2	
399	Spectrogram 1	1	13664.175728629	13665.846520515	19.286	272.143	SanctSound_FK3_01_671354921_20190219T214331Z.flac	1.6708	13664.1757	9	3	2	2	
400	Spectrogram 1	1	13696.486982413	13697.832898099	25.714	244.286	SanctSound_FK3_01_671354921_20190219T214331Z.flac	1.3459	13696.4870	9	3	2	2	
401	Spectrogram 1	1	13733.773482703	13734.943037023	19.286	227.143	SanctSound_FK3_01_671354921_20190219T214331Z.flac	1.1696	13733.7735	9	3	2	2	
402	Spectrogram 1	1	13758.649713649	13760.125579815	23.571	321.429	SanctSound_FK3_01_671354921_20190219T214331Z.flac	1.4759	13758.6497	9	3	2	2	
403	Spectrogram 1	1	13798.988235509	13800.018557172	23.571	218.571	SanctSound_FK3_01_671354921_20190219T214331Z.flac	1.0303	13798.9882	9	3	2	2	
404	Spectrogram 1	1	13806.813110142	13808.047639702	19.286	257.143	SanctSound_FK3_01_671354921_20190219T214331Z.flac	1.2345	13806.8131	9	3	2	2	
405	Spectrogram 1	1	13852.527825564	13853.855176896	27.857	261.429	SanctSound_FK3_01_671354921_20190219T214331Z.flac	1.3274	13852.5278	9	3	2	2	
406	Spectrogram 1	1	13897.100833777	13898.548853411	21.429	274.286	SanctSound_FK3_01_671354921_20190219T214331Z.flac	1.4480	13897.1008	9	3	2	2	
407	Spectrogram 1	1	14017.386735747	14018.890448444	19.286	315.000	SanctSound_FK3_01_671354921_20190219T214331Z.flac	1.5037	14017.3867	9	3	2	2	
408	Spectrogram 1	1	14038.067423452	14039.552571795	23.571	285.000	SanctSound_FK3_01_671354921_20190219T214331Z.flac	1.4851	14038.0674	9	3	2	2	
409	Spectrogram 1	1	14069.478306149	14070.694271355	25.714	287.143	SanctSound_FK3_01_671354921_20190219T214331Z.flac	1.2160	14069.4783	9	3	2	2	
410	Spectrogram 1	1	14098.884239163	14100.146615254	21.429	308.571	SanctSound_FK3_01_671354921_20190219T214331Z.flac	1.2624	14098.8842	9	3	2	2	
411	Spectrogram 1	1	14183.071759622	14184.501214902	21.429	345.000	SanctSound_FK3_01_671354921_20190219T214331Z.flac	1.4295	14183.0718	9	3	2	2	
412	Spectrogram 1	1	14208.514203261	14209.758014998	23.571	306.429	SanctSound_FK3_01_671354921_20190219T214331Z.flac	1.2438	14208.5142	9	3	2	2	
413	Spectrogram 1	1	14295.412119178	14298.001846601	45.000	143.571	SanctSound_FK3_01_671354921_20190219T214331Z.flac	2.5897	14295.4121	1	3	2	2	
414	Spectrogram 1	1	14341.758022703	14342.964705732	21.429	285.000	SanctSound_FK3_01_671354921_20190219T214331Z.flac	1.2067	14341.7580	9	3	2	2	
415	Spectrogram 1	1	14574.116915271	14575.546370551	23.571	315.000	SanctSound_FK3_01_671354921_20190219T214331Z.flac	1.4295	14574.1169	9	3	2	2	
416	Spectrogram 1	1	14775.162440675	14777.993504703	23.571	152.143	SanctSound_FK3_01_671354921_20190219T214331Z.flac	2.8311	14775.1624	2	3	2	2	
417	Spectrogram 1	1	14976.735130207	14978.331664675	21.429	323.571	SanctSound_FK3_01_671354921_20190219T214331Z.flac	1.5965	14976.7351	9	3	2	2	
418	Spectrogram 1	1	15188.793904082	15194.168284648	19.286	197.143	SanctSound_FK3_01_671354921_20190219T214331Z.flac	5.3744	15188.7939	10	3	2	2	
419	Spectrogram 1	1	15222.348969457	15225.449216623	21.429	207.857	SanctSound_FK3_01_671354921_20190219T214331Z.flac	3.1002	15222.3490	10	3	2	2	
420	Spectrogram 1	1	15400.750574514	15402.848346549	60.000	137.143	SanctSound_FK3_01_671354921_20190219T214331Z.flac	2.0978	15400.7506	1	3	2	2	
421	Spectrogram 1	1	15436.401597851	15438.220904571	68.571	147.857	SanctSound_FK3_01_671354921_20190219T214331Z.flac	1.8193	15436.4016	1	3	2	2	
422	Spectrogram 1	1	15450.566197758	15451.596519421	23.571	248.571	SanctSound_FK3_01_671354921_20190219T214331Z.flac	1.0303	15450.5662	9	3	2	2	
423	Spectrogram 1	1	15547.667038684	15548.929414776	19.286	274.286	SanctSound_FK3_01_671354921_20190219T214331Z.flac	1.2624	15547.6670	9	3	2	2	
424	Spectrogram 1	1	15576.514227084	15577.832296238	25.714	270.000	SanctSound_FK3_01_671354921_20190219T214331Z.flac	1.3181	15576.5142	9	3	2	2	
425	Spectrogram 1	1	15692.847735945	15694.091547682	21.429	246.429	SanctSound_FK3_01_671354921_20190219T214331Z.flac	1.2438	15692.8477	9	3	2	2	
426	Spectrogram 1	1	15749.077342661	15757.301351610	21.429	319.286	SanctSound_FK3_01_671354921_20190219T214331Z.flac	8.2240	15749.0773	10	3	2	2	
427	Spectrogram 1	1	16152.356406209	16153.897247615	27.857	289.286	SanctSound_FK3_01_671354921_20190219T214331Z.flac	1.5408	16152.3564	9	3	2	2	
428	Spectrogram 1	1	16274.285253541	16276.587233472	60.000	115.714	SanctSound_FK3_01_671354921_20190219T214331Z.flac	2.3020	16274.2853	1	3	2	2	
429	Spectrogram 1	1	16433.816194500	16435.292060666	19.286	291.429	SanctSound_FK3_01_671354921_20190219T214331Z.flac	1.4759	16433.8162	9	3	2	2	
430	Spectrogram 1	1	16906.960381580	16908.250604203	21.429	300.000	SanctSound_FK3_01_671354921_20190219T214331Z.flac	1.2902	16906.9604	9	3	2	2	
431	Spectrogram 1	1	17006.576692255	17007.857632701	21.429	257.143	SanctSound_FK3_01_671354921_20190219T214331Z.flac	1.2809	17006.5767	9	3	2	2	
432	Spectrogram 1	1	17235.852088009	17237.346518529	19.286	302.143	SanctSound_FK3_01_671354921_20190219T214331Z.flac	1.4944	17235.8521	9	3	2	2	
433	Spectrogram 1	1	17370.701723912	17372.214718787	19.286	310.714	SanctSound_FK3_01_671354921_20190219T214331Z.flac	1.5130	17370.7017	9	3	2	2	
434	Spectrogram 1	1	17429.281535255	17430.785247952	19.286	321.429	SanctSound_FK3_01_671354921_20190219T214331Z.flac	1.5037	17429.2815	9	3	2	2	
435	Spectrogram 1	1	17524.774745580	17525.888606838	21.429	235.714	SanctSound_FK3_01_671354921_20190219T214331Z.flac	1.1139	17524.7747	9	3	2	2	
436	Spectrogram 1	1	17569.180674759	17571.575476462	49.286	158.571	SanctSound_FK3_01_671354921_20190219T214331Z.flac	2.3948	17569.1807	1	3	2	2	
437	Spectrogram 1	1	17571.621887347	17572.717184250	51.429	147.857	SanctSound_FK3_01_671354921_20190219T214331Z.flac	1.0953	17571.6219	1	3	2	2	
438	Spectrogram 1	1	17612.853311644	17614.375588696	19.286	325.714	SanctSound_FK3_01_671354921_20190219T214331Z.flac	1.5223	17612.8533	9	3	2	2	
439	Spectrogram 1	1	17670.142900740	17671.442405540	19.286	312.857	SanctSound_FK3_01_671354921_20190219T214331Z.flac	1.2995	17670.1429	9	3	2	2	
440	Spectrogram 1	1	17733.826094770	17734.837852079	21.429	237.857	SanctSound_FK3_01_671354921_20190219T214331Z.flac	1.0118	17733.8261	9	3	2	2	
441	Spectrogram 1	1	18078.822376604	18080.288960593	19.286	319.286	SanctSound_FK3_01_671354921_20190219T214331Z.flac	1.4666	18078.8224	9	3	2	2	
442	Spectrogram 1	1	18111.263580788	18112.284620273	23.571	244.286	SanctSound_FK3_01_671354921_20190219T214331Z.flac	1.0210	18111.2636	9	3	2	2	
443	Spectrogram 1	1	18176.218432810	18177.490091079	21.429	342.857	SanctSound_FK3_01_671354921_20190219T214331Z.flac	1.2717	18176.2184	9	3	2	2	
444	Spectrogram 1	1	18453.846496708	18455.183130217	17.143	312.857	SanctSound_FK3_01_671354921_20190219T214331Z.flac	1.3366	18453.8465	9	3	2	2	
445	Spectrogram 1	1	18631.208497587	18632.693645930	19.286	312.857	SanctSound_FK3_01_671354921_20190219T214331Z.flac	1.4851	18631.2085	9	3	2	2	
446	Spectrogram 1	1	18704.740080197	18706.085995883	19.286	278.571	SanctSound_FK3_01_671354921_20190219T214331Z.flac	1.3459	18704.7401	9	3	2	2	
447	Spectrogram 1	1	18767.376202355	18770.392909927	47.143	147.857	SanctSound_FK3_01_671354921_20190219T214331Z.flac	3.0167	18767.3762	2	3	2	2	
448	Spectrogram 1	1	18804.282133374	18807.270994414	19.286	173.571	SanctSound_FK3_01_671354921_20190219T214331Z.flac	2.9889	18804.2821	2	3	2	2	
449	Spectrogram 1	1	18834.985756864	18836.322390373	15.000	357.857	SanctSound_FK3_01_671354921_20190219T214331Z.flac	1.3366	18834.9858	9	3	2	2	
450	Spectrogram 1	1	18871.344039739	18873.005549447	51.429	135.000	SanctSound_FK3_01_671354921_20190219T214331Z.flac	1.6615	18871.3440	1	3	2	2	
451	Spectrogram 1	1	18900.490071431	18901.956655419	23.571	302.143	SanctSound_FK3_01_671354921_20190219T214331Z.flac	1.4666	18900.4901	9	3	2	2	
452	Spectrogram 1	1	18966.820499495	18968.259236952	15.000	317.143	SanctSound_FK3_01_671354921_20190219T214331Z.flac	1.4387	18966.8205	9	3	2	2	
453	Spectrogram 1	1	19032.824237673	19034.040202879	32.143	300.000	SanctSound_FK3_01_671354921_20190219T214331Z.flac	1.2160	19032.8242	9	3	2	2	
454	Spectrogram 1	1	19180.725564696	19181.941529901	19.286	312.857	SanctSound_FK3_01_671354921_20190219T214331Z.flac	1.2160	19180.7256	9	3	2	2	
455	Spectrogram 1	1	19270.920466218	19271.978634412	27.857	267.857	SanctSound_FK3_01_671354921_20190219T214331Z.flac	1.0582	19270.9205	9	3	2	2	
456	Spectrogram 1	1	19640.428208281	19641.532787361	19.286	265.714	SanctSound_FK3_01_671354921_20190219T214331Z.flac	1.1046	19640.4282	9	3	2	2	
457	Spectrogram 1	1	19685.196142279	19686.523493610	19.286	276.429	SanctSound_FK3_01_671354921_20190219T214331Z.flac	1.3274	19685.1961	9	3	2	2	
458	Spectrogram 1	1	19703.983265953	19705.143538096	12.857	293.571	SanctSound_FK3_01_671354921_20190219T214331Z.flac	1.1603	19703.9833	9	3	2	2	
459	Spectrogram 1	1	19720.644771793	19721.786479582	19.286	276.429	SanctSound_FK3_01_671354921_20190219T214331Z.flac	1.1417	19720.6448	9	3	2	2	
460	Spectrogram 1	1	19755.926321675	19756.965925516	21.429	287.143	SanctSound_FK3_01_671354921_20190219T214331Z.flac	1.0396	19755.9263	9	3	2	2	
461	Spectrogram 1	1	19839.974609548	19841.172010400	23.571	287.143	SanctSound_FK3_01_671354921_20190219T214331Z.flac	1.1974	19839.9746	9	3	2	2	
462	Spectrogram 1	1	19976.680680622	19977.933774536	19.286	255.000	SanctSound_FK3_01_671354921_20190219T214331Z.flac	1.2531	19976.6807	9	3	2	2	
463	Spectrogram 1	1	20061.983876323	20063.181277175	19.286	274.286	SanctSound_FK3_01_671354921_20190219T214331Z.flac	1.1974	20061.9839	9	3	2	2	
464	Spectrogram 1	1	20127.263604280	20128.479569486	19.286	327.857	SanctSound_FK3_01_671354921_20190219T214331Z.flac	1.2160	20127.2636	9	3	2	2	
465	Spectrogram 1	1	20192.842176433	20194.410864370	21.429	345.000	SanctSound_FK3_01_671354921_20190219T214331Z.flac	1.5687	20192.8422	9	3	2	2	
466	Spectrogram 1	1	20501.897873284	20503.522254284	23.571	323.571	SanctSound_FK3_01_671354921_20190219T214331Z.flac	1.6244	20501.8979	9	3	2	2	
467	Spectrogram 1	1	20588.983246286	20590.022850127	19.286	317.143	SanctSound_FK3_01_671354921_20190219T214331Z.flac	1.0396	20588.9832	9	3	2	2	
468	Spectrogram 1	1	21010.657768252	21014.110738149	17.143	135.000	SanctSound_FK3_01_671354921_20190219T214331Z.flac	3.4530	21010.6578	2	3	2	2	
469	Spectrogram 1	1	21253.290215225	21254.840338808	21.429	306.429	SanctSound_FK3_01_671354921_20190219T214331Z.flac	1.5501	21253.2902	9	3	2	2	
470	Spectrogram 1	1	21566.347587769	21573.717636421	21.429	231.429	SanctSound_FK3_01_671354921_20190219T214331Z.flac	7.3700	21566.3476	10	3	2	2	
