Selection	View	Channel	Begin Time (s)	End Time (s)	Low Freq (Hz)	High Freq (Hz)	Begin File	Delta Time (s)	File Offset (s)	call variant	level	call cutoff @ end	calls overlap	Notes
1	Spectrogram 1	1	11.696334876	11.862240563	0.000	159.472	2001.DSG_DECD_HMS_18_45_ 0__DMY_24_ 8_18.wav	0.1659	11.6963	25	1	2	2	
2	Spectrogram 1	1	47.058896074	47.249687615	0.000	167.526	2003.DSG_DECD_HMS_18_55_ 0__DMY_24_ 8_18.wav	0.1908	5.2797	25	1	2	2	
3	Spectrogram 1	1	73.827667206	74.059935169	0.000	323.776	2004.DSG_DECD_HMS_19_ 0_ 0__DMY_24_ 8_18.wav	0.2323	11.1589	25	1	2	2	
4	Spectrogram 1	1	74.242431425	74.482994673	0.000	326.997	2004.DSG_DECD_HMS_19_ 0_ 0__DMY_24_ 8_18.wav	0.2406	11.5736	25	1	2	2	
5	Spectrogram 1	1	74.723557920	74.939235314	0.000	109.536	2004.DSG_DECD_HMS_19_ 0_ 0__DMY_24_ 8_18.wav	0.2157	12.0548	25	3	2	2	
6	Spectrogram 1	1	75.237865553	75.420361809	0.000	93.428	2004.DSG_DECD_HMS_19_ 0_ 0__DMY_24_ 8_18.wav	0.1825	12.5691	25	3	2	2	
7	Spectrogram 1	1	75.495019369	75.677515625	0.000	119.201	2004.DSG_DECD_HMS_19_ 0_ 0__DMY_24_ 8_18.wav	0.1825	12.8262	25	3	2	2	
8	Spectrogram 1	1	76.830560156	77.013056413	0.000	222.294	2004.DSG_DECD_HMS_19_ 0_ 0__DMY_24_ 8_18.wav	0.1825	14.1618	25	1	2	2	
9	Spectrogram 1	1	77.776222577	78.000195256	0.000	206.186	2004.DSG_DECD_HMS_19_ 0_ 0__DMY_24_ 8_18.wav	0.2240	15.1074	25	1	2	2	
10	Spectrogram 1	1	79.103468080	79.261078484	0.000	112.758	2004.DSG_DECD_HMS_19_ 0_ 0__DMY_24_ 8_18.wav	0.1576	16.4347	25	3	2	2	
11	Spectrogram 1	1	146.618531263	146.784436951	0.000	96.649	2008.DSG_DECD_HMS_19_20_ 0__DMY_24_ 8_18.wav	0.1659	0.3913	25	3	2	2	
12	Spectrogram 1	1	213.926223269	214.083833672	0.000	191.688	2011.DSG_DECD_HMS_19_35_ 0__DMY_24_ 8_18.wav	0.1576	5.0302	25	1	2	2	
13	Spectrogram 1	1	214.374168626	214.531779030	0.000	270.619	2011.DSG_DECD_HMS_19_35_ 0__DMY_24_ 8_18.wav	0.1576	5.4782	25	1	2	2	
14	Spectrogram 1	1	214.971429103	215.137334790	0.000	103.093	2011.DSG_DECD_HMS_19_35_ 0__DMY_24_ 8_18.wav	0.1659	6.0754	25	3	2	2	
15	Spectrogram 1	1	252.200551315	252.457705131	0.000	119.201	2013.DSG_DECD_HMS_19_45_ 0__DMY_24_ 8_18.wav	0.2572	1.5254	25	3	2	2	
16	Spectrogram 1	1	357.309434456	357.574883557	0.000	231.959	2018.DSG_DECD_HMS_20_10_ 0__DMY_24_ 8_18.wav	0.2654	2.1862	25	1	2	2	
17	Spectrogram 1	1	362.311490946	362.485691918	0.000	74.098	2018.DSG_DECD_HMS_20_10_ 0__DMY_24_ 8_18.wav	0.1742	7.1883	25	3	2	2	
18	Spectrogram 1	1	414.870297175	415.102565138	0.000	169.137	2020.DSG_DECD_HMS_20_20_ 0__DMY_24_ 8_18.wav	0.2323	17.9679	25	1	2	2	
19	Spectrogram 1	1	437.823307819	438.063871067	0.000	405.928	2021.DSG_DECD_HMS_20_25_ 0__DMY_24_ 8_18.wav	0.2406	20.0313	25	1	2	2	
20	Spectrogram 1	1	506.881406977	507.130265508	0.000	280.284	2025.DSG_DECD_HMS_20_45_ 0__DMY_24_ 8_18.wav	0.2489	5.5310	25	1	2	2	
21	Spectrogram 1	1	507.271285343	507.520143875	0.000	296.392	2025.DSG_DECD_HMS_20_45_ 0__DMY_24_ 8_18.wav	0.2489	5.9209	25	1	2	2	
22	Spectrogram 1	1	507.677754278	507.843659966	0.000	199.742	2025.DSG_DECD_HMS_20_45_ 0__DMY_24_ 8_18.wav	0.1659	6.3274	25	1	2	2	
23	Spectrogram 1	1	507.910022241	508.051042076	1.611	119.201	2025.DSG_DECD_HMS_20_45_ 0__DMY_24_ 8_18.wav	0.1410	6.5596	25	3	2	2	
24	Spectrogram 1	1	515.574814988	515.740720676	0.000	220.683	2025.DSG_DECD_HMS_20_45_ 0__DMY_24_ 8_18.wav	0.1659	14.2244	25	1	2	2	
25	Spectrogram 1	1	516.122303758	516.329685868	0.000	206.186	2025.DSG_DECD_HMS_20_45_ 0__DMY_24_ 8_18.wav	0.2074	14.7719	25	1	2	2	
26	Spectrogram 1	1	523.836889120	524.094042936	0.000	296.392	2026.DSG_DECD_HMS_20_50_ 0__DMY_24_ 8_18.wav	0.2572	1.5969	25	1	2	2	
27	Spectrogram 1	1	642.127055265	642.301256238	0.000	106.314	2031.DSG_DECD_HMS_21_15_ 0__DMY_24_ 8_18.wav	0.1742	15.4391	25	3	2	2	
28	Spectrogram 1	1	642.359323228	642.525228916	0.000	77.320	2031.DSG_DECD_HMS_21_15_ 0__DMY_24_ 8_18.wav	0.1659	15.6713	25	3	2	2	
29	Spectrogram 1	1	642.591591191	642.782382733	0.000	109.536	2031.DSG_DECD_HMS_21_15_ 0__DMY_24_ 8_18.wav	0.1908	15.9036	25	3	2	2	
30	Spectrogram 1	1	644.159399942	644.383372621	0.000	165.915	2031.DSG_DECD_HMS_21_15_ 0__DMY_24_ 8_18.wav	0.2240	17.4714	25	1	2	2	
31	Spectrogram 1	1	852.395507343	852.602889453	1.611	133.698	2041.DSG_DECD_HMS_22_ 5_ 0__DMY_24_ 8_18.wav	0.2074	16.8115	25	3	2	2	
32	Spectrogram 1	1	877.886874786	878.077666327	0.000	199.742	2043.DSG_DECD_HMS_22_15_ 0__DMY_24_ 8_18.wav	0.1908	0.5237	25	1	2	2	
33	Spectrogram 1	1	894.842407086	895.016608059	0.000	119.201	2043.DSG_DECD_HMS_22_15_ 0__DMY_24_ 8_18.wav	0.1742	17.4792	25	3	2	2	
34	Spectrogram 1	1	902.017808782	902.258372029	0.000	333.441	2044.DSG_DECD_HMS_22_20_ 0__DMY_24_ 8_18.wav	0.2406	3.7650	25	1	2	2	
35	Spectrogram 1	1	905.891706594	906.099088704	0.000	161.082	2044.DSG_DECD_HMS_22_20_ 0__DMY_24_ 8_18.wav	0.2074	7.6389	25	1	2	2	
36	Spectrogram 1	1	911.366578314	911.623732130	0.000	467.139	2044.DSG_DECD_HMS_22_20_ 0__DMY_24_ 8_18.wav	0.2572	13.1138	25	1	2	2	
37	Spectrogram 1	1	933.091884571	933.357333671	0.000	343.106	2045.DSG_DECD_HMS_22_25_ 0__DMY_24_ 8_18.wav	0.2654	13.9495	25	1	2	2	
38	Spectrogram 1	1	935.480926476	935.680013301	0.000	83.763	2045.DSG_DECD_HMS_22_25_ 0__DMY_24_ 8_18.wav	0.1991	16.3385	25	3	2	2	
39	Spectrogram 1	1	938.201779757	938.458933573	0.000	90.206	2045.DSG_DECD_HMS_22_25_ 0__DMY_24_ 8_18.wav	0.2572	19.0594	25	3	2	2	
40	Spectrogram 1	1	1028.097573567	1028.271774539	0.000	262.564	2050.DSG_DECD_HMS_22_50_ 0__DMY_24_ 8_18.wav	0.1742	4.5072	25	1	2	2	
41	Spectrogram 1	1	1030.743769289	1031.042399527	0.000	344.716	2050.DSG_DECD_HMS_22_50_ 0__DMY_24_ 8_18.wav	0.2986	7.1534	25	1	2	2	
42	Spectrogram 1	1	1141.410811803	1141.659670335	0.000	534.794	2055.DSG_DECD_HMS_23_15_ 0__DMY_24_ 8_18.wav	0.2489	13.3724	25	1	2	2	
43	Spectrogram 1	1	1152.319069680	1152.584518780	0.000	115.979	2056.DSG_DECD_HMS_23_20_ 0__DMY_24_ 8_18.wav	0.2654	3.3911	25	3	2	2	
44	Spectrogram 1	1	1200.116364905	1200.323747015	0.000	109.536	2058.DSG_DECD_HMS_23_30_ 0__DMY_24_ 8_18.wav	0.2074	8.9996	25	3	2	2	
45	Spectrogram 1	1	1214.185120427	1214.384207252	1.611	132.088	2059.DSG_DECD_HMS_23_35_ 0__DMY_24_ 8_18.wav	0.1991	2.1787	25	3	2	2	
46	Spectrogram 1	1	1324.163703988	1324.387676667	0.000	162.693	2064.DSG_DECD_HMS_ 0_ 0_ 0__DMY_25_ 8_18.wav	0.2240	7.7093	25	1	2	2	
47	Spectrogram 1	1	1368.879349985	1369.111617948	0.000	320.554	2066.DSG_DECD_HMS_ 0_10_ 0__DMY_25_ 8_18.wav	0.2323	10.6457	25	1	2	2	
48	Spectrogram 1	1	1402.450302233	1402.649389058	0.000	115.979	2068.DSG_DECD_HMS_ 0_20_ 0__DMY_25_ 8_18.wav	0.1991	2.4375	25	3	2	2	
49	Spectrogram 1	1	1416.792825212	1416.967026185	0.000	141.753	2068.DSG_DECD_HMS_ 0_20_ 0__DMY_25_ 8_18.wav	0.1742	16.7800	25	3	2	2	
50	Spectrogram 1	1	1417.970755596	1418.203023559	0.000	182.023	2068.DSG_DECD_HMS_ 0_20_ 0__DMY_25_ 8_18.wav	0.2323	17.9580	25	1	2	2	
51	Spectrogram 1	1	1435.519391803	1435.693592776	0.000	175.580	2069.DSG_DECD_HMS_ 0_25_ 0__DMY_25_ 8_18.wav	0.1742	14.6170	25	1	2	2	
52	Spectrogram 1	1	1462.968437556	1463.142638528	0.000	143.363	2071.DSG_DECD_HMS_ 0_35_ 0__DMY_25_ 8_18.wav	0.1742	0.2868	25	3	2	2	
53	Spectrogram 1	1	1465.539975718	1465.722471974	0.000	98.260	2071.DSG_DECD_HMS_ 0_35_ 0__DMY_25_ 8_18.wav	0.1825	2.8584	25	3	2	2	
54	Spectrogram 1	1	1482.777546138	1482.976632963	0.000	101.482	2071.DSG_DECD_HMS_ 0_35_ 0__DMY_25_ 8_18.wav	0.1991	20.0959	25	3	2	2	
55	Spectrogram 1	1	1701.059258194	1701.283230873	0.000	136.920	2082.DSG_DECD_HMS_ 1_30_ 0__DMY_25_ 8_18.wav	0.2240	8.5921	25	3	2	2	
56	Spectrogram 1	1	1703.133079293	1703.398528393	0.000	141.753	2082.DSG_DECD_HMS_ 1_30_ 0__DMY_25_ 8_18.wav	0.2654	10.6659	25	3	2	2	
57	Spectrogram 1	1	1737.541852967	1737.799006783	0.000	199.742	2084.DSG_DECD_HMS_ 1_40_ 0__DMY_25_ 8_18.wav	0.2572	3.2955	25	1	2	2	
58	Spectrogram 1	1	1738.835917333	1739.151138140	0.000	560.567	2084.DSG_DECD_HMS_ 1_40_ 0__DMY_25_ 8_18.wav	0.3152	4.5895	25	1	2	2	
59	Spectrogram 1	1	1741.938353696	1742.245279219	0.000	868.752	2084.DSG_DECD_HMS_ 1_40_ 0__DMY_25_ 8_18.wav	0.3069	7.6920	25	1	2	2	
60	Spectrogram 1	1	1742.444366044	1742.718110429	0.000	599.227	2084.DSG_DECD_HMS_ 1_40_ 0__DMY_25_ 8_18.wav	0.2737	8.1980	25	1	2	2	
61	Spectrogram 1	1	1745.944963925	1746.243594163	0.000	267.397	2084.DSG_DECD_HMS_ 1_40_ 0__DMY_25_ 8_18.wav	0.2986	11.6986	25	1	2	2	
62	Spectrogram 1	1	1761.415637343	1761.639610022	0.000	240.013	2085.DSG_DECD_HMS_ 1_45_ 0__DMY_25_ 8_18.wav	0.2240	6.2796	25	1	2	2	
63	Spectrogram 1	1	1769.735801672	1769.951479066	0.000	107.925	2085.DSG_DECD_HMS_ 1_45_ 0__DMY_25_ 8_18.wav	0.2157	14.5998	25	3	2	2	
64	Spectrogram 1	1	1773.568207674	1773.800475637	0.000	339.884	2085.DSG_DECD_HMS_ 1_45_ 0__DMY_25_ 8_18.wav	0.2323	18.4322	25	1	2	2	
65	Spectrogram 1	1	1773.982971893	1774.173763434	0.000	96.649	2085.DSG_DECD_HMS_ 1_45_ 0__DMY_25_ 8_18.wav	0.1908	18.8470	25	3	2	2	
66	Spectrogram 1	1	1780.121467183	1780.345439861	4.832	285.116	2086.DSG_DECD_HMS_ 1_50_ 0__DMY_25_ 8_18.wav	0.2240	4.0959	25	1	2	2	
67	Spectrogram 1	1	1783.812868738	1783.995364995	0.000	289.948	2086.DSG_DECD_HMS_ 1_50_ 0__DMY_25_ 8_18.wav	0.1825	7.7873	25	1	2	2	
68	Spectrogram 1	1	1783.995364995	1784.235928242	0.000	280.284	2086.DSG_DECD_HMS_ 1_50_ 0__DMY_25_ 8_18.wav	0.2406	7.9698	25	1	2	2	
69	Spectrogram 1	1	1791.531614913	1791.730701739	1.611	254.510	2086.DSG_DECD_HMS_ 1_50_ 0__DMY_25_ 8_18.wav	0.1991	15.5060	25	1	2	2	
70	Spectrogram 1	1	1800.158691341	1800.332892313	0.000	180.412	2087.DSG_DECD_HMS_ 1_55_ 0__DMY_25_ 8_18.wav	0.1742	3.2435	25	1	2	2	
71	Spectrogram 1	1	1809.880748967	1810.088131076	0.000	96.649	2087.DSG_DECD_HMS_ 1_55_ 0__DMY_25_ 8_18.wav	0.2074	12.9655	25	3	2	2	
72	Spectrogram 1	1	1836.608098692	1836.823776086	0.000	111.147	2088.DSG_DECD_HMS_ 2_ 0_ 0__DMY_25_ 8_18.wav	0.2157	18.8033	25	3	2	2	
73	Spectrogram 1	1	1856.375736545	1856.533346948	0.000	125.644	2089.DSG_DECD_HMS_ 2_ 5_ 0__DMY_25_ 8_18.wav	0.1576	17.6813	25	3	2	2	
74	Spectrogram 1	1	1863.874655881	1864.057152138	0.000	101.482	2090.DSG_DECD_HMS_ 2_10_ 0__DMY_25_ 8_18.wav	0.1825	4.2907	25	3	2	2	
75	Spectrogram 1	1	1884.612829284	1884.828506678	0.000	227.126	2091.DSG_DECD_HMS_ 2_15_ 0__DMY_25_ 8_18.wav	0.2157	4.1392	25	1	2	2	
76	Spectrogram 1	1	1893.961595856	1894.210454388	0.000	262.564	2091.DSG_DECD_HMS_ 2_15_ 0__DMY_25_ 8_18.wav	0.2489	13.4880	25	1	2	2	
77	Spectrogram 1	1	1896.441885890	1896.690744422	0.000	233.570	2091.DSG_DECD_HMS_ 2_15_ 0__DMY_25_ 8_18.wav	0.2489	15.9683	25	1	2	2	
78	Spectrogram 1	1	1897.478796439	1897.669587981	0.000	103.093	2091.DSG_DECD_HMS_ 2_15_ 0__DMY_25_ 8_18.wav	0.1908	17.0052	25	3	2	2	
79	Spectrogram 1	1	1903.973982517	1904.173069343	0.000	238.402	2092.DSG_DECD_HMS_ 2_20_ 0__DMY_25_ 8_18.wav	0.1991	2.6108	25	1	2	2	
80	Spectrogram 1	1	1908.561274787	1908.743771044	0.000	347.938	2092.DSG_DECD_HMS_ 2_20_ 0__DMY_25_ 8_18.wav	0.1825	7.1981	25	1	2	2	
81	Spectrogram 1	1	1914.807603151	1915.081347536	0.000	199.742	2092.DSG_DECD_HMS_ 2_20_ 0__DMY_25_ 8_18.wav	0.2737	13.4444	25	1	2	2	
82	Spectrogram 1	1	1921.087133437	1921.302810831	0.000	228.737	2092.DSG_DECD_HMS_ 2_20_ 0__DMY_25_ 8_18.wav	0.2157	19.7239	25	1	2	2	
83	Spectrogram 1	1	1923.376618909	1923.650363294	0.000	99.871	2093.DSG_DECD_HMS_ 2_25_ 0__DMY_25_ 8_18.wav	0.2737	1.1238	25	3	2	2	
84	Spectrogram 1	1	1945.807027960	1946.089067630	0.000	156.250	2094.DSG_DECD_HMS_ 2_30_ 0__DMY_25_ 8_18.wav	0.2820	2.6646	25	1	2	2	
85	Spectrogram 1	1	1947.565628252	1947.773010362	0.000	104.704	2094.DSG_DECD_HMS_ 2_30_ 0__DMY_25_ 8_18.wav	0.2074	4.4232	25	3	2	2	
86	Spectrogram 1	1	1952.202692228	1952.385188485	0.000	188.466	2094.DSG_DECD_HMS_ 2_30_ 0__DMY_25_ 8_18.wav	0.1825	9.0603	25	1	2	2	
87	Spectrogram 1	1	1958.921848321	1959.212183275	1.611	283.505	2094.DSG_DECD_HMS_ 2_30_ 0__DMY_25_ 8_18.wav	0.2903	15.7794	25	1	2	2	
88	Spectrogram 1	1	1961.427024208	1961.717359162	0.000	380.155	2094.DSG_DECD_HMS_ 2_30_ 0__DMY_25_ 8_18.wav	0.2903	18.2846	25	1	2	2	
89	Spectrogram 1	1	1975.222052563	1975.421139388	0.000	288.338	2095.DSG_DECD_HMS_ 2_35_ 0__DMY_25_ 8_18.wav	0.1991	11.1901	25	1	2	2	
90	Spectrogram 1	1	1979.220379641	1979.419466466	0.000	193.299	2095.DSG_DECD_HMS_ 2_35_ 0__DMY_25_ 8_18.wav	0.1991	15.1884	25	1	2	2	
91	Spectrogram 1	1	1980.282176043	1980.489558153	0.000	249.678	2095.DSG_DECD_HMS_ 2_35_ 0__DMY_25_ 8_18.wav	0.2074	16.2502	25	1	2	2	
92	Spectrogram 1	1	1991.281695262	1991.431010381	0.000	146.585	2096.DSG_DECD_HMS_ 2_40_ 0__DMY_25_ 8_18.wav	0.1493	6.3601	25	3	2	2	
93	Spectrogram 1	1	1993.090067260	1993.272563517	0.000	140.142	2096.DSG_DECD_HMS_ 2_40_ 0__DMY_25_ 8_18.wav	0.1825	8.1685	25	3	2	2	
94	Spectrogram 1	1	2002.604733602	2002.745753437	0.000	114.369	2096.DSG_DECD_HMS_ 2_40_ 0__DMY_25_ 8_18.wav	0.1410	17.6831	25	3	2	2	
95	Spectrogram 1	1	2014.525036857	2014.732418967	0.000	230.348	2097.DSG_DECD_HMS_ 2_45_ 0__DMY_25_ 8_18.wav	0.2074	8.7138	25	1	2	2	
96	Spectrogram 1	1	2027.764284709	2027.946780965	0.000	122.423	2098.DSG_DECD_HMS_ 2_50_ 0__DMY_25_ 8_18.wav	0.1825	1.0635	25	3	2	2	
97	Spectrogram 1	1	2035.910253983	2036.134226662	0.000	219.072	2098.DSG_DECD_HMS_ 2_50_ 0__DMY_25_ 8_18.wav	0.2240	9.2095	25	1	2	2	
98	Spectrogram 1	1	2044.222091675	2044.437769070	0.000	93.428	2098.DSG_DECD_HMS_ 2_50_ 0__DMY_25_ 8_18.wav	0.2157	17.5213	25	3	2	2	
99	Spectrogram 1	1	2056.001333364	2056.316554171	0.000	546.163	2099.DSG_DECD_HMS_ 2_55_ 0__DMY_25_ 8_18.wav	0.3152	8.4109	25	1	2	2	
100	Spectrogram 1	1	2073.114398142	2073.296894399	0.000	82.152	2100.DSG_DECD_HMS_ 3_ 0_ 0__DMY_25_ 8_18.wav	0.1825	4.6344	25	3	2	2	
101	Spectrogram 1	1	2104.047350122	2104.213255810	0.000	206.186	2101.DSG_DECD_HMS_ 3_ 5_ 0__DMY_25_ 8_18.wav	0.1659	14.6778	25	1	2	2	
102	Spectrogram 1	1	2098.224060478	2098.373375597	0.000	223.905	2101.DSG_DECD_HMS_ 3_ 5_ 0__DMY_25_ 8_18.wav	0.1493	8.8545	25	1	2	2	
103	Spectrogram 1	1	2106.635450250	2106.826241791	0.000	127.255	2101.DSG_DECD_HMS_ 3_ 5_ 0__DMY_25_ 8_18.wav	0.1908	17.2659	25	3	2	2	
104	Spectrogram 1	1	2136.166487121	2136.357278662	0.000	149.807	2103.DSG_DECD_HMS_ 3_15_ 0__DMY_25_ 8_18.wav	0.1908	5.0177	25	3	2	2	
105	Spectrogram 1	1	2162.943465043	2163.225504712	0.000	281.894	2104.DSG_DECD_HMS_ 3_20_ 0__DMY_25_ 8_18.wav	0.2820	10.9051	25	1	2	2	
106	Spectrogram 1	1	2163.814469904	2164.055033152	0.000	223.905	2104.DSG_DECD_HMS_ 3_20_ 0__DMY_25_ 8_18.wav	0.2406	11.7761	25	1	2	2	
107	Spectrogram 1	1	2164.668884197	2164.851380454	0.000	107.925	2104.DSG_DECD_HMS_ 3_20_ 0__DMY_25_ 8_18.wav	0.1825	12.6305	25	3	2	2	
108	Spectrogram 1	1	2191.105777255	2191.313159365	0.000	125.644	2105.DSG_DECD_HMS_ 3_25_ 0__DMY_25_ 8_18.wav	0.2074	18.1778	25	3	2	2	
109	Spectrogram 1	1	2200.172463019	2200.454502688	0.000	349.549	2106.DSG_DECD_HMS_ 3_30_ 0__DMY_25_ 8_18.wav	0.2820	6.3549	25	1	2	2	
110	Spectrogram 1	1	2208.998587241	2209.222559920	0.000	231.959	2106.DSG_DECD_HMS_ 3_30_ 0__DMY_25_ 8_18.wav	0.2240	15.1810	25	1	2	2	
111	Spectrogram 1	1	2250.051717677	2250.267395071	0.000	252.899	2108.DSG_DECD_HMS_ 3_40_ 0__DMY_25_ 8_18.wav	0.2157	14.4549	25	1	2	2	
112	Spectrogram 1	1	2267.231135346	2267.413631603	0.000	201.353	2109.DSG_DECD_HMS_ 3_45_ 0__DMY_25_ 8_18.wav	0.1825	10.7447	25	1	2	2	
113	Spectrogram 1	1	2276.496901215	2276.679397472	0.000	149.807	2109.DSG_DECD_HMS_ 3_45_ 0__DMY_25_ 8_18.wav	0.1825	20.0105	25	3	2	2	
114	Spectrogram 1	1	2285.621655379	2285.829037489	0.000	154.639	2110.DSG_DECD_HMS_ 3_50_ 0__DMY_25_ 8_18.wav	0.2074	8.2457	25	1	2	2	
115	Spectrogram 1	1	2300.428651638	2300.586262042	0.000	138.531	2111.DSG_DECD_HMS_ 3_55_ 0__DMY_25_ 8_18.wav	0.1576	2.1631	25	3	2	2	
116	Spectrogram 1	1	2326.624981153	2326.832363263	0.000	225.515	2112.DSG_DECD_HMS_ 4_ 0_ 0__DMY_25_ 8_18.wav	0.2074	7.4698	25	1	2	2	
117	Spectrogram 1	1	2327.205651061	2327.471100161	0.000	275.451	2112.DSG_DECD_HMS_ 4_ 0_ 0__DMY_25_ 8_18.wav	0.2654	8.0505	25	1	2	2	
118	Spectrogram 1	1	2328.300628601	2328.516305995	0.000	214.240	2112.DSG_DECD_HMS_ 4_ 0_ 0__DMY_25_ 8_18.wav	0.2157	9.1454	25	1	2	2	
119	Spectrogram 1	1	2342.933439330	2343.149116724	0.000	219.072	2113.DSG_DECD_HMS_ 4_ 5_ 0__DMY_25_ 8_18.wav	0.2157	2.8886	25	1	2	2	
120	Spectrogram 1	1	2349.851630331	2350.025831303	0.000	209.407	2113.DSG_DECD_HMS_ 4_ 5_ 0__DMY_25_ 8_18.wav	0.1742	9.8068	25	1	2	2	
121	Spectrogram 1	1	2353.144858236	2353.410307336	0.000	177.191	2113.DSG_DECD_HMS_ 4_ 5_ 0__DMY_25_ 8_18.wav	0.2654	13.1001	25	1	2	2	
122	Spectrogram 1	1	2358.238130856	2358.453808250	0.000	384.987	2113.DSG_DECD_HMS_ 4_ 5_ 0__DMY_25_ 8_18.wav	0.2157	18.1933	25	1	2	2	
123	Spectrogram 1	1	2382.070303361	2382.252799617	0.000	299.613	2115.DSG_DECD_HMS_ 4_15_ 0__DMY_25_ 8_18.wav	0.1825	0.2463	25	1	2	2	
124	Spectrogram 1	1	2386.276012548	2386.516575796	0.000	462.307	2115.DSG_DECD_HMS_ 4_15_ 0__DMY_25_ 8_18.wav	0.2406	4.4520	25	1	2	2	
125	Spectrogram 1	1	2388.150746821	2388.349833647	0.000	135.309	2115.DSG_DECD_HMS_ 4_15_ 0__DMY_25_ 8_18.wav	0.1991	6.3267	25	3	2	2	
126	Spectrogram 1	1	2394.587823445	2394.795205555	0.000	77.320	2115.DSG_DECD_HMS_ 4_15_ 0__DMY_25_ 8_18.wav	0.2074	12.7638	25	3	2	2	
127	Spectrogram 1	1	2413.865945333	2414.065032158	0.000	101.482	2116.DSG_DECD_HMS_ 4_20_ 0__DMY_25_ 8_18.wav	0.1991	11.1523	25	3	2	2	
128	Spectrogram 1	1	2419.780437737	2419.954638709	0.000	128.866	2116.DSG_DECD_HMS_ 4_20_ 0__DMY_25_ 8_18.wav	0.1742	17.0668	25	3	2	2	
129	Spectrogram 1	1	2462.343264042	2462.550646152	0.000	291.559	2118.DSG_DECD_HMS_ 4_30_ 0__DMY_25_ 8_18.wav	0.2074	17.8505	25	1	2	2	
130	Spectrogram 1	1	2479.307035723	2479.464646127	0.000	132.088	2119.DSG_DECD_HMS_ 4_35_ 0__DMY_25_ 8_18.wav	0.1576	13.9246	25	3	2	2	
131	Spectrogram 1	1	2499.605455203	2499.804542028	0.000	133.698	2120.DSG_DECD_HMS_ 4_40_ 0__DMY_25_ 8_18.wav	0.1991	13.3335	25	3	2	2	
132	Spectrogram 1	1	2500.858043146	2501.040539403	0.000	104.704	2120.DSG_DECD_HMS_ 4_40_ 0__DMY_25_ 8_18.wav	0.1825	14.5860	25	3	2	2	
133	Spectrogram 1	1	2509.236231690	2509.393842094	0.000	277.062	2121.DSG_DECD_HMS_ 4_45_ 0__DMY_25_ 8_18.wav	0.1576	2.0746	25	1	2	2	
134	Spectrogram 1	1	2515.399588163	2515.557198567	0.000	144.974	2121.DSG_DECD_HMS_ 4_45_ 0__DMY_25_ 8_18.wav	0.1576	8.2380	25	3	2	2	
135	Spectrogram 1	1	2520.534317846	2520.691928249	0.000	280.284	2121.DSG_DECD_HMS_ 4_45_ 0__DMY_25_ 8_18.wav	0.1576	13.3727	25	1	2	2	
136	Spectrogram 1	1	2539.107345731	2539.264956134	0.000	167.526	2122.DSG_DECD_HMS_ 4_50_ 0__DMY_25_ 8_18.wav	0.1576	11.0561	25	1	2	2	
137	Spectrogram 1	1	2544.233831486	2544.474394734	0.000	222.294	2122.DSG_DECD_HMS_ 4_50_ 0__DMY_25_ 8_18.wav	0.2406	16.1826	25	1	2	2	
138	Spectrogram 1	1	2545.395171301	2545.577667558	0.000	169.137	2122.DSG_DECD_HMS_ 4_50_ 0__DMY_25_ 8_18.wav	0.1825	17.3440	25	1	2	2	
139	Spectrogram 1	1	2571.467045471	2571.699313434	0.000	264.175	2124.DSG_DECD_HMS_ 5_ 0_ 0__DMY_25_ 8_18.wav	0.2323	1.6366	25	1	2	2	
140	Spectrogram 1	1	2579.563203799	2579.778881194	0.000	144.974	2124.DSG_DECD_HMS_ 5_ 0_ 0__DMY_25_ 8_18.wav	0.2157	9.7328	25	3	2	2	
141	Spectrogram 1	1	2658.003078726	2658.168984414	0.000	198.131	2128.DSG_DECD_HMS_ 5_20_ 0__DMY_25_ 8_18.wav	0.1659	4.6143	25	1	2	2	
142	Spectrogram 1	1	2663.652152898	2663.876125577	0.000	222.294	2128.DSG_DECD_HMS_ 5_20_ 0__DMY_25_ 8_18.wav	0.2240	10.2634	25	1	2	2	
143	Spectrogram 1	1	2665.352686199	2665.518591887	0.000	230.348	2128.DSG_DECD_HMS_ 5_20_ 0__DMY_25_ 8_18.wav	0.1659	11.9639	25	1	2	2	
144	Spectrogram 1	1	2666.953676087	2667.136172344	0.000	169.137	2128.DSG_DECD_HMS_ 5_20_ 0__DMY_25_ 8_18.wav	0.1825	13.5649	25	1	2	2	
145	Spectrogram 1	1	2682.075949945	2682.258446201	0.000	141.753	2129.DSG_DECD_HMS_ 5_25_ 0__DMY_25_ 8_18.wav	0.1825	7.7975	25	3	2	2	
146	Spectrogram 1	1	2687.642076290	2687.816277262	0.000	103.093	2129.DSG_DECD_HMS_ 5_25_ 0__DMY_25_ 8_18.wav	0.1742	13.3637	25	3	2	2	
147	Spectrogram 1	1	2700.582692423	2700.765188680	3.222	111.147	2130.DSG_DECD_HMS_ 5_30_ 0__DMY_25_ 8_18.wav	0.1825	5.4147	25	3	2	2	
148	Spectrogram 1	1	2805.965796563	2806.131702251	0.000	109.536	2135.DSG_DECD_HMS_ 5_55_ 0__DMY_25_ 8_18.wav	0.1659	6.3498	25	3	2	2	
149	Spectrogram 1	1	2855.181627953	2855.372419494	0.000	241.624	2137.DSG_DECD_HMS_ 6_ 5_ 0__DMY_25_ 8_18.wav	0.1908	13.7864	25	1	2	2	
150	Spectrogram 1	1	2856.019451677	2856.243424355	3.222	244.845	2137.DSG_DECD_HMS_ 6_ 5_ 0__DMY_25_ 8_18.wav	0.2240	14.6243	25	1	2	2	
151	Spectrogram 1	1	2895.898957675	2896.114635069	0.000	196.521	2139.DSG_DECD_HMS_ 6_15_ 0__DMY_25_ 8_18.wav	0.2157	12.7246	25	1	2	2	
152	Spectrogram 1	1	2924.973869628	2925.181251738	0.000	257.732	2141.DSG_DECD_HMS_ 6_25_ 0__DMY_25_ 8_18.wav	0.2074	0.0203	25	1	2	2	
153	Spectrogram 1	1	2926.790536911	2926.997919021	0.000	318.943	2141.DSG_DECD_HMS_ 6_25_ 0__DMY_25_ 8_18.wav	0.2074	1.8369	25	1	2	2	
154	Spectrogram 1	1	2928.350050377	2928.615499477	1.611	304.446	2141.DSG_DECD_HMS_ 6_25_ 0__DMY_25_ 8_18.wav	0.2654	3.3965	25	1	2	2	
155	Spectrogram 1	1	2933.965946370	2934.330938884	0.000	133.698	2141.DSG_DECD_HMS_ 6_25_ 0__DMY_25_ 8_18.wav	0.3650	9.0123	25	1	2	2	
156	Spectrogram 1	1	2936.496008110	2936.678504367	0.000	315.722	2141.DSG_DECD_HMS_ 6_25_ 0__DMY_25_ 8_18.wav	0.1825	11.5424	25	1	2	2	
157	Spectrogram 1	1	2937.806663045	2937.955978164	0.000	125.644	2141.DSG_DECD_HMS_ 6_25_ 0__DMY_25_ 8_18.wav	0.1493	12.8531	25	3	2	2	
158	Spectrogram 1	1	2963.115518321	2963.298014578	0.000	149.807	2142.DSG_DECD_HMS_ 6_30_ 0__DMY_25_ 8_18.wav	0.1825	17.2723	25	3	2	2	
159	Spectrogram 1	1	2987.138620496	2987.329412037	0.000	148.196	2143.DSG_DECD_HMS_ 6_35_ 0__DMY_25_ 8_18.wav	0.1908	20.4058	25	3	2	2	
160	Spectrogram 1	1	2989.229032163	2989.419823704	0.000	141.753	2144.DSG_DECD_HMS_ 6_40_ 0__DMY_25_ 8_18.wav	0.1908	1.6066	25	3	2	2	
161	Spectrogram 1	1	2993.998810332	2994.164716020	0.000	88.595	2144.DSG_DECD_HMS_ 6_40_ 0__DMY_25_ 8_18.wav	0.1659	6.3764	25	3	2	2	
162	Spectrogram 1	1	2998.337244071	2998.519740327	0.000	75.709	2144.DSG_DECD_HMS_ 6_40_ 0__DMY_25_ 8_18.wav	0.1825	10.7148	25	3	2	2	
163	Spectrogram 1	1	3009.228926142	3009.411422399	0.000	135.309	2145.DSG_DECD_HMS_ 6_45_ 0__DMY_25_ 8_18.wav	0.1825	0.7169	25	3	2	2	
164	Spectrogram 1	1	3108.863409076	3109.087381755	0.000	222.294	2149.DSG_DECD_HMS_ 7_ 5_ 0__DMY_25_ 8_18.wav	0.2240	16.7930	25	1	2	2	
165	Spectrogram 1	1	3178.253335191	3178.394355026	0.000	241.624	2153.DSG_DECD_HMS_ 7_25_ 0__DMY_25_ 8_18.wav	0.1410	2.6245	25	1	2	2	
166	Spectrogram 1	1	3179.099454200	3179.290245741	0.000	167.526	2153.DSG_DECD_HMS_ 7_25_ 0__DMY_25_ 8_18.wav	0.1908	3.4707	25	1	2	2	
167	Spectrogram 1	1	3198.261525343	3198.543565012	0.000	339.884	2154.DSG_DECD_HMS_ 7_30_ 0__DMY_25_ 8_18.wav	0.2820	1.7431	25	1	2	2	
168	Spectrogram 1	1	3198.850490534	3199.049577360	0.000	148.196	2154.DSG_DECD_HMS_ 7_30_ 0__DMY_25_ 8_18.wav	0.1991	2.3321	25	3	2	2	
169	Spectrogram 1	1	3199.281845323	3199.422865158	0.000	103.093	2154.DSG_DECD_HMS_ 7_30_ 0__DMY_25_ 8_18.wav	0.1410	2.7634	25	3	2	2	
170	Spectrogram 1	1	3203.628574345	3203.835956455	0.000	289.948	2154.DSG_DECD_HMS_ 7_30_ 0__DMY_25_ 8_18.wav	0.2074	7.1102	25	1	2	2	
171	Spectrogram 1	1	3206.979854444	3207.195531838	0.000	194.910	2154.DSG_DECD_HMS_ 7_30_ 0__DMY_25_ 8_18.wav	0.2157	10.4615	25	1	2	2	
172	Spectrogram 1	1	3222.010884316	3222.218266426	0.000	244.845	2155.DSG_DECD_HMS_ 7_35_ 0__DMY_25_ 8_18.wav	0.2074	4.6029	25	1	2	2	
173	Spectrogram 1	1	3230.223201662	3230.455469625	0.000	251.289	2155.DSG_DECD_HMS_ 7_35_ 0__DMY_25_ 8_18.wav	0.2323	12.8152	25	1	2	2	
174	Spectrogram 1	1	3231.525561312	3231.774419844	0.000	178.802	2155.DSG_DECD_HMS_ 7_35_ 0__DMY_25_ 8_18.wav	0.2489	14.1176	25	1	2	2	
175	Spectrogram 1	1	3269.401759354	3269.617436748	0.000	222.294	2157.DSG_DECD_HMS_ 7_45_ 0__DMY_25_ 8_18.wav	0.2157	10.2146	25	1	2	2	
176	Spectrogram 1	1	3276.037974440	3276.195584844	0.000	236.791	2157.DSG_DECD_HMS_ 7_45_ 0__DMY_25_ 8_18.wav	0.1576	16.8508	25	1	2	2	
177	Spectrogram 1	1	3278.800304144	3278.957914547	0.000	227.126	2157.DSG_DECD_HMS_ 7_45_ 0__DMY_25_ 8_18.wav	0.1576	19.6131	25	1	2	2	
178	Spectrogram 1	1	3329.807915553	3330.007002378	0.000	238.402	2160.DSG_DECD_HMS_ 8_ 0_ 0__DMY_25_ 8_18.wav	0.1991	7.9519	25	1	2	2	
179	Spectrogram 1	1	3340.525402571	3340.691308259	0.000	115.979	2160.DSG_DECD_HMS_ 8_ 0_ 0__DMY_25_ 8_18.wav	0.1659	18.6694	25	3	2	2	
180	Spectrogram 1	1	3376.949930353	3377.124131325	0.000	104.704	2162.DSG_DECD_HMS_ 8_10_ 0__DMY_25_ 8_18.wav	0.1742	13.3147	25	3	2	2	
181	Spectrogram 1	1	3380.077252570	3380.234862973	0.000	132.088	2162.DSG_DECD_HMS_ 8_10_ 0__DMY_25_ 8_18.wav	0.1576	16.4421	25	3	2	2	
182	Spectrogram 1	1	3470.031148086	3470.263416049	0.000	230.348	2167.DSG_DECD_HMS_ 8_35_ 0__DMY_25_ 8_18.wav	0.2323	1.9479	25	1	2	2	
183	Spectrogram 1	1	3476.518048941	3476.659068775	4.832	214.240	2167.DSG_DECD_HMS_ 8_35_ 0__DMY_25_ 8_18.wav	0.1410	8.4348	25	1	2	2	
184	Spectrogram 1	1	3489.525026165	3489.715817706	0.000	149.807	2168.DSG_DECD_HMS_ 8_40_ 0__DMY_25_ 8_18.wav	0.1908	0.5522	25	3	2	2	
185	Spectrogram 1	1	3556.368311217	3556.608874464	0.000	109.536	2171.DSG_DECD_HMS_ 8_55_ 0__DMY_25_ 8_18.wav	0.2406	4.7267	25	3	2	2	
186	Spectrogram 1	1	3573.141345415	3573.348727525	0.000	269.008	2172.DSG_DECD_HMS_ 9_ 0_ 0__DMY_25_ 8_18.wav	0.2074	0.6101	25	1	2	2	
187	Spectrogram 1	1	3851.310759479	3851.484960452	0.000	170.747	2185.DSG_DECD_HMS_10_ 5_ 0__DMY_25_ 8_18.wav	0.1742	7.2148	25	1	2	2	
188	Spectrogram 1	1	3937.017484774	3937.183390461	0.000	186.856	2189.DSG_DECD_HMS_10_25_ 0__DMY_25_ 8_18.wav	0.1659	9.3631	25	1	2	2	
189	Spectrogram 1	1	3937.407363140	3937.623040534	0.000	161.082	2189.DSG_DECD_HMS_10_25_ 0__DMY_25_ 8_18.wav	0.2157	9.7530	25	1	2	2	
190	Spectrogram 1	1	4022.832050611	4022.997956298	0.000	167.526	2193.DSG_DECD_HMS_10_45_ 0__DMY_25_ 8_18.wav	0.1659	11.6193	25	1	2	2	
191	Spectrogram 1	1	4215.173054276	4215.504865652	0.000	373.711	2202.DSG_DECD_HMS_11_30_ 0__DMY_25_ 8_18.wav	0.3318	15.9539	25	1	2	2	
192	Spectrogram 1	1	4225.857333937	4226.056420763	0.000	180.412	2203.DSG_DECD_HMS_11_35_ 0__DMY_25_ 8_18.wav	0.1991	5.7485	25	1	2	2	
193	Spectrogram 1	1	4228.113651292	4228.337623971	0.000	199.742	2203.DSG_DECD_HMS_11_35_ 0__DMY_25_ 8_18.wav	0.2240	8.0049	25	1	2	2	
194	Spectrogram 1	1	4226.359198643	4226.541694900	0.000	165.915	2203.DSG_DECD_HMS_11_35_ 0__DMY_25_ 8_18.wav	0.1825	6.2504	25	3	2	2	
195	Spectrogram 1	1	4429.808576164	4430.057434696	0.000	343.106	2212.DSG_DECD_HMS_12_20_ 0__DMY_25_ 8_18.wav	0.2489	20.4646	25	1	2	2	
196	Spectrogram 1	1	4448.572411608	4448.788089002	0.000	144.974	2213.DSG_DECD_HMS_12_25_ 0__DMY_25_ 8_18.wav	0.2157	18.3388	25	3	2	2	
197	Spectrogram 1	1	4453.566172813	4453.806736061	0.000	607.281	2214.DSG_DECD_HMS_12_30_ 0__DMY_25_ 8_18.wav	0.2406	2.4430	25	1	2	2	
198	Spectrogram 1	1	4493.806423774	4494.038691737	0.000	509.021	2216.DSG_DECD_HMS_12_40_ 0__DMY_25_ 8_18.wav	0.2323	0.9040	25	1	2	2	
199	Spectrogram 1	1	4498.410306612	4498.717232135	0.000	135.309	2216.DSG_DECD_HMS_12_40_ 0__DMY_25_ 8_18.wav	0.3069	5.5079	25	3	2	2	
200	Spectrogram 1	1	4507.501905406	4507.800535644	0.000	375.322	2216.DSG_DECD_HMS_12_40_ 0__DMY_25_ 8_18.wav	0.2986	14.5995	25	1	2	2	
201	Spectrogram 1	1	4542.167758818	4542.366845643	0.000	219.072	2218.DSG_DECD_HMS_12_50_ 0__DMY_25_ 8_18.wav	0.1991	7.4862	25	1	2	2	
202	Spectrogram 1	1	4606.879051946	4607.061548203	0.000	451.031	2221.DSG_DECD_HMS_13_ 5_ 0__DMY_25_ 8_18.wav	0.1825	9.5287	25	1	2	2	
203	Spectrogram 1	1	4735.776693773	4736.075324011	0.000	330.219	2227.DSG_DECD_HMS_13_35_ 0__DMY_25_ 8_18.wav	0.2986	13.0887	25	1	2	2	
204	Spectrogram 1	1	4768.650743001	4768.833239257	1.611	697.487	2229.DSG_DECD_HMS_13_45_ 0__DMY_25_ 8_18.wav	0.1825	4.1835	25	1	2	2	
205	Spectrogram 1	1	4769.131869496	4769.314365752	0.000	288.338	2229.DSG_DECD_HMS_13_45_ 0__DMY_25_ 8_18.wav	0.1825	4.6647	25	1	2	2	
206	Spectrogram 1	1	4769.554929000	4769.778901678	1.611	347.938	2229.DSG_DECD_HMS_13_45_ 0__DMY_25_ 8_18.wav	0.2240	5.0877	25	1	2	2	
207	Spectrogram 1	1	4771.446253842	4771.645340667	0.000	515.464	2229.DSG_DECD_HMS_13_45_ 0__DMY_25_ 8_18.wav	0.1991	6.9791	25	1	2	2	
208	Spectrogram 1	1	4792.872878815	4793.146623200	0.000	154.639	2230.DSG_DECD_HMS_13_50_ 0__DMY_25_ 8_18.wav	0.2737	7.5161	25	1	2	2	
209	Spectrogram 1	1	4807.281739829	4807.538893645	0.000	219.072	2231.DSG_DECD_HMS_13_55_ 0__DMY_25_ 8_18.wav	0.2572	1.0353	25	1	2	2	
210	Spectrogram 1	1	4807.655027627	4807.887295590	0.000	244.845	2231.DSG_DECD_HMS_13_55_ 0__DMY_25_ 8_18.wav	0.2323	1.4086	25	1	2	2	
211	Spectrogram 1	1	4816.248906780	4816.464584174	0.000	422.036	2231.DSG_DECD_HMS_13_55_ 0__DMY_25_ 8_18.wav	0.2157	10.0025	25	1	2	2	
212	Spectrogram 1	1	4817.153092779	4817.368770173	0.000	254.510	2231.DSG_DECD_HMS_13_55_ 0__DMY_25_ 8_18.wav	0.2157	10.9067	25	1	2	2	
213	Spectrogram 1	1	4845.099808552	4845.340371800	0.000	199.742	2232.DSG_DECD_HMS_14_ 0_ 0__DMY_25_ 8_18.wav	0.2406	17.9638	25	1	2	2	
214	Spectrogram 1	1	4884.676473198	4884.908741161	0.000	104.704	2234.DSG_DECD_HMS_14_10_ 0__DMY_25_ 8_18.wav	0.2323	15.7613	25	3	2	2	
215	Spectrogram 1	1	4896.248345330	4896.455727440	0.000	256.121	2235.DSG_DECD_HMS_14_15_ 0__DMY_25_ 8_18.wav	0.2074	6.4435	25	1	2	2	
216	Spectrogram 1	1	4896.878786944	4897.111054907	0.000	222.294	2235.DSG_DECD_HMS_14_15_ 0__DMY_25_ 8_18.wav	0.2323	7.0740	25	1	2	2	
217	Spectrogram 1	1	4916.646369157	4916.845455983	0.000	307.668	2236.DSG_DECD_HMS_14_20_ 0__DMY_25_ 8_18.wav	0.1991	5.9520	25	1	2	2	
218	Spectrogram 1	1	4921.341500124	4921.573768087	0.000	277.062	2236.DSG_DECD_HMS_14_20_ 0__DMY_25_ 8_18.wav	0.2323	10.6471	25	1	2	2	
219	Spectrogram 1	1	4928.077249170	4928.292926564	0.000	133.698	2236.DSG_DECD_HMS_14_20_ 0__DMY_25_ 8_18.wav	0.2157	17.3828	25	3	2	2	
220	Spectrogram 1	1	4922.295435947	4922.544294479	0.000	90.206	2236.DSG_DECD_HMS_14_20_ 0__DMY_25_ 8_18.wav	0.2489	11.6010	25	3	2	2	
221	Spectrogram 1	1	5112.663236703	5112.912095234	0.000	199.742	2245.DSG_DECD_HMS_15_ 5_ 0__DMY_25_ 8_18.wav	0.2489	13.9624	25	1	2	2	
222	Spectrogram 1	1	5113.243906610	5113.426402867	0.000	107.925	2245.DSG_DECD_HMS_15_ 5_ 0__DMY_25_ 8_18.wav	0.1825	14.5431	25	3	2	2	
223	Spectrogram 1	1	5116.429295817	5116.620087359	0.000	99.871	2245.DSG_DECD_HMS_15_ 5_ 0__DMY_25_ 8_18.wav	0.1908	17.7285	25	3	2	2	
224	Spectrogram 1	1	5158.079751479	5158.287133589	0.000	111.147	2247.DSG_DECD_HMS_15_15_ 0__DMY_25_ 8_18.wav	0.2074	17.5998	25	3	2	2	
