Selection	View	Channel	Begin Time (s)	End Time (s)	Low Freq (Hz)	High Freq (Hz)	Begin File	Delta Time (s)	File Offset (s)	call variant	level	call cutoff @ end	calls overlap	Notes
1	Spectrogram 1	1	1583.701314068	1583.892120568	0.000	198.131	0576.DSG_DECD_HMS_20_ 0_ 0__DMY_19_ 8_18.wav	0.1908	15.7525	25	3	2	2	
2	Spectrogram 1	1	1592.511583508	1592.660910335	0.000	154.907	0577.DSG_DECD_HMS_20_ 5_ 0__DMY_19_ 8_18.wav	0.1493	3.6732	25	3	2	2	
3	Spectrogram 1	1	1678.133772324	1678.374354433	0.000	165.159	0581.DSG_DECD_HMS_20_25_ 0__DMY_19_ 8_18.wav	0.2406	5.7370	25	3	2	2	
4	Spectrogram 1	1	1685.309742905	1685.616692492	0.000	109.346	0581.DSG_DECD_HMS_20_25_ 0__DMY_19_ 8_18.wav	0.3069	12.9129	25	3	2	2	
5	Spectrogram 1	1	1727.776554356	1728.066912074	0.000	135.544	0583.DSG_DECD_HMS_20_35_ 0__DMY_19_ 8_18.wav	0.2904	13.6006	25	3	2	2	
6	Spectrogram 1	1	1801.112482377	1801.502391312	0.000	614.646	0587.DSG_DECD_HMS_20_55_ 0__DMY_19_ 8_18.wav	0.3899	3.3781	25	1	2	2	
7	Spectrogram 1	1	1804.347896949	1804.795877428	0.000	459.080	0587.DSG_DECD_HMS_20_55_ 0__DMY_19_ 8_18.wav	0.4480	6.6135	25	1	2	2	
8	Spectrogram 1	1	1808.578823697	1808.993620437	0.000	712.258	0587.DSG_DECD_HMS_20_55_ 0__DMY_19_ 8_18.wav	0.4148	10.8444	25	1	2	2	
9	Spectrogram 1	1	1812.618927668	1813.091795951	0.000	714.933	0587.DSG_DECD_HMS_20_55_ 0__DMY_19_ 8_18.wav	0.4729	14.8845	25	1	2	2	
10	Spectrogram 1	1	1818.898939657	1819.288848593	0.000	219.832	0588.DSG_DECD_HMS_21_ 0_ 0__DMY_19_ 8_18.wav	0.3899	0.2749	25	1	2	2	
11	Spectrogram 1	1	1870.300454540	1870.582516323	0.000	318.927	0590.DSG_DECD_HMS_21_10_ 0__DMY_19_ 8_18.wav	0.2821	9.8973	25	1	2	2	
12	Spectrogram 1	1	2108.716701784	2108.874324545	0.000	117.413	0601.DSG_DECD_HMS_22_ 5_ 0__DMY_19_ 8_18.wav	0.1576	18.5279	25	3	2	2	
13	Spectrogram 1	1	2315.566731258	2315.749241824	0.000	323.776	0611.DSG_DECD_HMS_22_55_ 0__DMY_19_ 8_18.wav	0.1825	16.4819	25	1	2	2	
14	Spectrogram 1	1	2374.442733573	2374.633540074	0.000	108.207	0614.DSG_DECD_HMS_23_10_ 0__DMY_19_ 8_18.wav	0.1908	12.6891	25	3	2	2	
15	Spectrogram 1	1	2432.563768161	2432.762870596	0.000	186.335	0617.DSG_DECD_HMS_23_25_ 0__DMY_19_ 8_18.wav	0.1991	8.1414	25	1	2	2	
16	Spectrogram 1	1	2437.176307910	2437.367114410	0.000	172.748	0617.DSG_DECD_HMS_23_25_ 0__DMY_19_ 8_18.wav	0.1908	12.7539	25	1	2	2	
17	Spectrogram 1	1	2437.367114410	2437.557920911	0.000	149.457	0617.DSG_DECD_HMS_23_25_ 0__DMY_19_ 8_18.wav	0.1908	12.9447	25	1	2	2	
18	Spectrogram 1	1	2452.830665549	2453.079543593	0.000	281.339	0618.DSG_DECD_HMS_23_30_ 0__DMY_19_ 8_18.wav	0.2489	7.5187	25	1	2	2	
19	Spectrogram 1	1	2455.319445989	2455.468772815	0.000	182.244	0618.DSG_DECD_HMS_23_30_ 0__DMY_19_ 8_18.wav	0.1493	10.0074	25	3	2	2	
20	Spectrogram 1	1	2469.389279925	2469.588382360	0.000	177.688	0619.DSG_DECD_HMS_23_35_ 0__DMY_19_ 8_18.wav	0.1991	3.1877	25	3	2	2	
21	Spectrogram 1	1	2470.227169339	2470.476047383	0.000	191.356	0619.DSG_DECD_HMS_23_35_ 0__DMY_19_ 8_18.wav	0.2489	4.0256	25	3	2	2	
22	Spectrogram 1	1	2494.285282102	2494.559047950	0.000	247.168	0620.DSG_DECD_HMS_23_40_ 0__DMY_19_ 8_18.wav	0.2738	7.1941	25	3	2	2	
23	Spectrogram 1	1	2501.544186245	2501.851135832	0.000	217.554	0620.DSG_DECD_HMS_23_40_ 0__DMY_19_ 8_18.wav	0.3069	14.4530	25	3	2	2	
24	Spectrogram 1	1	2552.522483248	2552.796249096	0.000	515.446	0623.DSG_DECD_HMS_23_55_ 0__DMY_19_ 8_18.wav	0.2738	2.7625	25	1	2	2	
25	Spectrogram 1	1	2558.089055499	2558.362821347	0.000	148.073	0623.DSG_DECD_HMS_23_55_ 0__DMY_19_ 8_18.wav	0.2738	8.3291	25	3	2	2	
26	Spectrogram 1	1	2561.042408288	2561.299582267	0.000	178.827	0623.DSG_DECD_HMS_23_55_ 0__DMY_19_ 8_18.wav	0.2572	11.2824	25	3	2	2	
27	Spectrogram 1	1	2593.520837577	2593.744827816	0.000	214.137	0625.DSG_DECD_HMS_ 0_ 5_ 0__DMY_20_ 8_18.wav	0.2240	1.9816	25	1	2	2	
28	Spectrogram 1	1	2596.673292801	2596.872395236	0.000	137.822	0625.DSG_DECD_HMS_ 0_ 5_ 0__DMY_20_ 8_18.wav	0.1991	5.1341	25	3	2	2	
29	Spectrogram 1	1	2646.515105534	2646.772279513	0.000	537.140	0627.DSG_DECD_HMS_ 0_15_ 0__DMY_20_ 8_18.wav	0.2572	13.1967	25	1	2	2	
30	Spectrogram 1	1	2655.184342603	2655.358557234	0.000	164.020	0628.DSG_DECD_HMS_ 0_20_ 0__DMY_20_ 8_18.wav	0.1742	0.9763	25	3	2	2	
31	Spectrogram 1	1	2659.423565286	2659.647555526	1.139	248.307	0628.DSG_DECD_HMS_ 0_20_ 0__DMY_20_ 8_18.wav	0.2240	5.2156	25	1	2	2	
32	Spectrogram 1	1	2659.655851460	2659.962801048	0.000	288.173	0628.DSG_DECD_HMS_ 0_20_ 0__DMY_20_ 8_18.wav	0.3069	5.4479	25	1	2	2	
33	Spectrogram 1	1	2663.115245322	2663.380715236	0.000	305.259	0628.DSG_DECD_HMS_ 0_20_ 0__DMY_20_ 8_18.wav	0.2655	8.9072	25	1	2	2	
34	Spectrogram 1	1	2667.827336289	2668.018142789	0.000	165.688	0628.DSG_DECD_HMS_ 0_20_ 0__DMY_20_ 8_18.wav	0.1908	13.6193	25	3	2	2	
35	Spectrogram 1	1	2677.375928833	2677.624806877	0.000	88.844	0629.DSG_DECD_HMS_ 0_25_ 0__DMY_20_ 8_18.wav	0.2489	2.2783	25	3	2	2	
36	Spectrogram 1	1	2678.379736944	2678.603727183	0.000	191.356	0629.DSG_DECD_HMS_ 0_25_ 0__DMY_20_ 8_18.wav	0.2240	3.2821	25	1	2	2	
37	Spectrogram 1	1	2684.203483174	2684.377697805	0.000	87.705	0629.DSG_DECD_HMS_ 0_25_ 0__DMY_20_ 8_18.wav	0.1742	9.1059	25	3	2	2	
38	Spectrogram 1	1	2692.798044104	2693.022034343	1.139	217.554	0629.DSG_DECD_HMS_ 0_25_ 0__DMY_20_ 8_18.wav	0.2240	17.7004	25	3	2	2	
39	Spectrogram 1	1	2696.439959481	2696.622470047	0.000	185.661	0630.DSG_DECD_HMS_ 0_30_ 0__DMY_20_ 8_18.wav	0.1825	0.4528	25	3	2	2	
40	Spectrogram 1	1	2696.630765981	2696.829868417	0.000	191.356	0630.DSG_DECD_HMS_ 0_30_ 0__DMY_20_ 8_18.wav	0.1991	0.6436	25	1	2	2	
41	Spectrogram 1	1	2749.384513571	2749.558728202	0.000	291.590	0632.DSG_DECD_HMS_ 0_40_ 0__DMY_20_ 8_18.wav	0.1742	11.6181	25	1	2	2	
42	Spectrogram 1	1	2752.263202947	2752.578448469	0.000	361.071	0632.DSG_DECD_HMS_ 0_40_ 0__DMY_20_ 8_18.wav	0.3152	14.4968	25	1	2	2	
43	Spectrogram 1	1	2755.764087432	2755.979781737	0.000	154.907	0632.DSG_DECD_HMS_ 0_40_ 0__DMY_20_ 8_18.wav	0.2157	17.9977	25	3	2	2	
44	Spectrogram 1	1	2761.538039113	2761.753733418	0.000	180.369	0633.DSG_DECD_HMS_ 0_45_ 0__DMY_20_ 8_18.wav	0.2157	2.8820	25	3	2	2	
45	Spectrogram 1	1	2763.197226073	2763.429512247	0.000	150.351	0633.DSG_DECD_HMS_ 0_45_ 0__DMY_20_ 8_18.wav	0.2323	4.5412	25	3	2	2	
46	Spectrogram 1	1	2766.349681297	2766.540487797	0.000	154.907	0633.DSG_DECD_HMS_ 0_45_ 0__DMY_20_ 8_18.wav	0.1908	7.6937	25	3	2	2	
47	Spectrogram 1	1	2770.132610401	2770.281937227	0.000	321.205	0633.DSG_DECD_HMS_ 0_45_ 0__DMY_20_ 8_18.wav	0.1493	11.4766	25	1	2	2	
48	Spectrogram 1	1	2772.256369710	2772.521839623	0.000	194.773	0633.DSG_DECD_HMS_ 0_45_ 0__DMY_20_ 8_18.wav	0.2655	13.6004	25	3	2	2	
49	Spectrogram 1	1	2777.798044094	2777.997146529	0.000	200.468	0633.DSG_DECD_HMS_ 0_45_ 0__DMY_20_ 8_18.wav	0.1991	19.1420	25	3	2	2	
50	Spectrogram 1	1	2779.059026184	2779.283016424	0.000	155.201	0633.DSG_DECD_HMS_ 0_45_ 0__DMY_20_ 8_18.wav	0.2240	20.4030	25	3	2	2	
51	Spectrogram 1	1	2782.244652717	2782.452051087	0.000	166.298	0634.DSG_DECD_HMS_ 0_50_ 0__DMY_20_ 8_18.wav	0.2074	2.6991	25	3	2	2	
52	Spectrogram 1	1	2788.209429839	2788.383644470	0.000	130.988	0634.DSG_DECD_HMS_ 0_50_ 0__DMY_20_ 8_18.wav	0.1742	8.6638	25	3	2	2	
53	Spectrogram 1	1	2789.354268841	2789.528483472	0.000	238.056	0634.DSG_DECD_HMS_ 0_50_ 0__DMY_20_ 8_18.wav	0.1742	9.8087	25	3	2	2	
54	Spectrogram 1	1	2789.520187537	2789.744177777	0.000	399.798	0634.DSG_DECD_HMS_ 0_50_ 0__DMY_20_ 8_18.wav	0.2240	9.9746	25	1	2	2	
55	Spectrogram 1	1	2790.864116841	2791.046627407	0.000	134.405	0634.DSG_DECD_HMS_ 0_50_ 0__DMY_20_ 8_18.wav	0.1825	11.3185	25	3	2	2	
56	Spectrogram 1	1	2791.220842038	2791.428240408	0.000	104.790	0634.DSG_DECD_HMS_ 0_50_ 0__DMY_20_ 8_18.wav	0.2074	11.6752	25	3	2	2	
57	Spectrogram 1	1	2794.705123042	2794.920817347	0.000	136.683	0634.DSG_DECD_HMS_ 0_50_ 0__DMY_20_ 8_18.wav	0.2157	15.1595	25	3	2	2	
58	Spectrogram 1	1	2796.770810807	2796.953321373	0.000	173.132	0634.DSG_DECD_HMS_ 0_50_ 0__DMY_20_ 8_18.wav	0.1825	17.2252	25	3	2	2	
59	Spectrogram 1	1	2802.503285477	2802.694091977	0.000	236.917	0635.DSG_DECD_HMS_ 0_55_ 0__DMY_20_ 8_18.wav	0.1908	2.0681	25	1	2	2	
60	Spectrogram 1	1	2803.581757001	2803.805747241	0.000	194.773	0635.DSG_DECD_HMS_ 0_55_ 0__DMY_20_ 8_18.wav	0.2240	3.1466	25	1	2	2	
61	Spectrogram 1	1	2803.946778132	2804.071217154	0.000	132.127	0635.DSG_DECD_HMS_ 0_55_ 0__DMY_20_ 8_18.wav	0.1244	3.5116	25	3	2	2	
62	Spectrogram 1	1	2806.900123818	2807.099226254	0.000	148.073	0635.DSG_DECD_HMS_ 0_55_ 0__DMY_20_ 8_18.wav	0.1991	6.4649	25	3	2	2	
63	Spectrogram 1	1	2808.700341670	2808.891148170	0.000	146.934	0635.DSG_DECD_HMS_ 0_55_ 0__DMY_20_ 8_18.wav	0.1908	8.2651	25	3	2	2	
64	Spectrogram 1	1	2814.134167126	2814.399637040	0.000	259.698	0635.DSG_DECD_HMS_ 0_55_ 0__DMY_20_ 8_18.wav	0.2655	13.6990	25	1	2	2	
65	Spectrogram 1	1	2818.688635332	2818.879441832	0.000	115.042	0635.DSG_DECD_HMS_ 0_55_ 0__DMY_20_ 8_18.wav	0.1908	18.2534	25	3	2	2	
66	Spectrogram 1	1	2818.937513376	2819.153207681	0.000	236.917	0635.DSG_DECD_HMS_ 0_55_ 0__DMY_20_ 8_18.wav	0.2157	18.5023	25	1	2	2	
67	Spectrogram 1	1	2824.587026330	2824.802720635	0.000	235.778	0636.DSG_DECD_HMS_ 1_ 0_ 0__DMY_20_ 8_18.wav	0.2157	3.2622	25	1	2	2	
68	Spectrogram 1	1	2825.524466963	2825.740161267	0.000	205.025	0636.DSG_DECD_HMS_ 1_ 0_ 0__DMY_20_ 8_18.wav	0.2157	4.1997	25	1	2	2	
69	Spectrogram 1	1	2829.680730298	2829.888128668	0.000	130.988	0636.DSG_DECD_HMS_ 1_ 0_ 0__DMY_20_ 8_18.wav	0.2074	8.3559	25	3	2	2	
70	Spectrogram 1	1	2832.551110421	2832.750212856	0.000	209.581	0636.DSG_DECD_HMS_ 1_ 0_ 0__DMY_20_ 8_18.wav	0.1991	11.2263	25	1	2	2	
71	Spectrogram 1	1	2833.405591705	2833.621286010	0.000	157.185	0636.DSG_DECD_HMS_ 1_ 0_ 0__DMY_20_ 8_18.wav	0.2157	12.0808	25	3	2	2	
72	Spectrogram 1	1	2843.327507530	2843.510018096	0.000	118.459	0637.DSG_DECD_HMS_ 1_ 5_ 0__DMY_20_ 8_18.wav	0.1825	1.1131	25	3	2	2	
73	Spectrogram 1	1	2845.160909121	2845.293644078	0.000	169.715	0637.DSG_DECD_HMS_ 1_ 5_ 0__DMY_20_ 8_18.wav	0.1327	2.9465	25	3	2	2	
74	Spectrogram 1	1	2847.317852169	2847.525250539	0.000	222.110	0637.DSG_DECD_HMS_ 1_ 5_ 0__DMY_20_ 8_18.wav	0.2074	5.1035	25	1	2	2	
75	Spectrogram 1	1	2848.968743195	2849.217621239	0.000	258.559	0637.DSG_DECD_HMS_ 1_ 5_ 0__DMY_20_ 8_18.wav	0.2489	6.7543	25	3	2	2	
76	Spectrogram 1	1	2855.630359603	2855.870941712	0.000	267.671	0637.DSG_DECD_HMS_ 1_ 5_ 0__DMY_20_ 8_18.wav	0.2406	13.4160	25	1	2	2	
77	Spectrogram 1	1	2859.098060349	2859.272274980	0.000	144.656	0637.DSG_DECD_HMS_ 1_ 5_ 0__DMY_20_ 8_18.wav	0.1742	16.8837	25	3	2	2	
78	Spectrogram 1	1	2903.738407084	2903.937509519	0.000	197.051	0639.DSG_DECD_HMS_ 1_15_ 0__DMY_20_ 8_18.wav	0.1991	19.7448	25	1	2	2	
79	Spectrogram 1	1	2900.420033164	2900.569359990	0.000	94.539	0639.DSG_DECD_HMS_ 1_15_ 0__DMY_20_ 8_18.wav	0.1493	16.4264	25	3	2	2	
80	Spectrogram 1	1	2920.487859493	2920.653778189	0.000	263.115	0640.DSG_DECD_HMS_ 1_20_ 0__DMY_20_ 8_18.wav	0.1659	15.6047	25	3	2	2	
81	Spectrogram 1	1	2923.706682195	2923.922376500	0.000	208.442	0640.DSG_DECD_HMS_ 1_20_ 0__DMY_20_ 8_18.wav	0.2157	18.8235	25	1	2	2	
82	Spectrogram 1	1	2931.504843447	2931.770313360	0.000	182.244	0641.DSG_DECD_HMS_ 1_25_ 0__DMY_20_ 8_18.wav	0.2655	5.7320	25	3	2	2	
83	Spectrogram 1	1	2933.520755603	2933.802817387	0.000	328.039	0641.DSG_DECD_HMS_ 1_25_ 0__DMY_20_ 8_18.wav	0.2821	7.7480	25	1	2	2	
84	Spectrogram 1	1	2934.657298671	2934.872992976	0.000	127.571	0641.DSG_DECD_HMS_ 1_25_ 0__DMY_20_ 8_18.wav	0.2157	8.8845	25	3	2	2	
85	Spectrogram 1	1	2936.001240109	2936.357965305	0.000	318.927	0641.DSG_DECD_HMS_ 1_25_ 0__DMY_20_ 8_18.wav	0.3567	10.2284	25	1	2	2	
86	Spectrogram 1	1	2937.179262850	2937.394957155	0.000	238.056	0641.DSG_DECD_HMS_ 1_25_ 0__DMY_20_ 8_18.wav	0.2157	11.4065	25	3	2	2	
87	Spectrogram 1	1	2942.463756153	2942.745817936	0.000	222.110	0641.DSG_DECD_HMS_ 1_25_ 0__DMY_20_ 8_18.wav	0.2821	16.6910	25	1	2	2	
88	Spectrogram 1	1	2943.849177265	2944.089759374	0.000	154.907	0641.DSG_DECD_HMS_ 1_25_ 0__DMY_20_ 8_18.wav	0.2406	18.0764	25	3	2	2	
89	Spectrogram 1	1	2948.287488177	2948.428519069	0.000	138.961	0642.DSG_DECD_HMS_ 1_30_ 0__DMY_20_ 8_18.wav	0.1410	1.6251	25	3	2	2	
90	Spectrogram 1	1	2949.855419855	2950.112593834	0.000	160.603	0642.DSG_DECD_HMS_ 1_30_ 0__DMY_20_ 8_18.wav	0.2572	3.1930	25	3	2	2	
91	Spectrogram 1	1	2951.854740142	2952.012362903	2.278	132.127	0642.DSG_DECD_HMS_ 1_30_ 0__DMY_20_ 8_18.wav	0.1576	5.1923	25	3	2	2	
92	Spectrogram 1	1	2954.285449038	2954.418183995	0.000	212.998	0642.DSG_DECD_HMS_ 1_30_ 0__DMY_20_ 8_18.wav	0.1327	7.6230	25	3	2	2	
93	Spectrogram 1	1	2955.347328693	2955.587910802	0.000	309.815	0642.DSG_DECD_HMS_ 1_30_ 0__DMY_20_ 8_18.wav	0.2406	8.6849	25	1	2	2	
94	Spectrogram 1	1	2958.051785907	2958.226000537	0.000	207.303	0642.DSG_DECD_HMS_ 1_30_ 0__DMY_20_ 8_18.wav	0.1742	11.3894	25	3	2	2	
95	Spectrogram 1	1	2960.606933825	2960.772852521	0.000	143.517	0642.DSG_DECD_HMS_ 1_30_ 0__DMY_20_ 8_18.wav	0.1659	13.9445	25	3	2	2	
96	Spectrogram 1	1	2967.965412012	2968.156218512	0.000	166.298	0643.DSG_DECD_HMS_ 1_35_ 0__DMY_20_ 8_18.wav	0.1908	0.4134	25	3	2	2	
97	Spectrogram 1	1	2969.359129058	2969.549935559	0.000	287.034	0643.DSG_DECD_HMS_ 1_35_ 0__DMY_20_ 8_18.wav	0.1908	1.8071	25	1	2	2	
98	Spectrogram 1	1	2976.228146796	2976.485320775	0.000	108.207	0643.DSG_DECD_HMS_ 1_35_ 0__DMY_20_ 8_18.wav	0.2572	8.6761	25	3	2	2	
99	Spectrogram 1	1	2976.485320775	2976.659535405	0.000	276.783	0643.DSG_DECD_HMS_ 1_35_ 0__DMY_20_ 8_18.wav	0.1742	8.9333	25	1	2	2	
100	Spectrogram 1	1	2987.676516696	2987.875619131	0.000	176.549	0643.DSG_DECD_HMS_ 1_35_ 0__DMY_20_ 8_18.wav	0.1991	20.1245	25	3	2	2	
101	Spectrogram 1	1	2990.040858114	2990.264848354	0.000	195.912	0644.DSG_DECD_HMS_ 1_40_ 0__DMY_20_ 8_18.wav	0.2240	1.5993	25	1	2	2	
102	Spectrogram 1	1	2993.848681237	2994.139038955	0.000	324.622	0644.DSG_DECD_HMS_ 1_40_ 0__DMY_20_ 8_18.wav	0.2904	5.4071	25	1	2	2	
103	Spectrogram 1	1	2997.822434007	2998.054720181	0.000	218.693	0644.DSG_DECD_HMS_ 1_40_ 0__DMY_20_ 8_18.wav	0.2323	9.3808	25	1	2	2	
104	Spectrogram 1	1	3009.162948764	3009.303979655	0.000	209.581	0644.DSG_DECD_HMS_ 1_40_ 0__DMY_20_ 8_18.wav	0.1410	20.7213	25	3	2	2	
105	Spectrogram 1	1	3010.689400767	3010.921686941	0.000	318.927	0645.DSG_DECD_HMS_ 1_45_ 0__DMY_20_ 8_18.wav	0.2323	1.3582	25	1	2	2	
106	Spectrogram 1	1	3019.358641091	3019.615815070	0.000	304.120	0645.DSG_DECD_HMS_ 1_45_ 0__DMY_20_ 8_18.wav	0.2572	10.0274	25	1	2	2	
107	Spectrogram 1	1	3020.719174399	3020.901684964	0.000	323.483	0645.DSG_DECD_HMS_ 1_45_ 0__DMY_20_ 8_18.wav	0.1825	11.3880	25	1	2	2	
108	Spectrogram 1	1	3020.926572769	3021.092491465	0.000	242.612	0645.DSG_DECD_HMS_ 1_45_ 0__DMY_20_ 8_18.wav	0.1659	11.5954	25	1	2	2	
109	Spectrogram 1	1	3027.115317342	3027.347603516	1.139	268.810	0645.DSG_DECD_HMS_ 1_45_ 0__DMY_20_ 8_18.wav	0.2323	17.7841	25	1	2	2	
110	Spectrogram 1	1	3029.330331933	3029.504546564	0.000	123.015	0645.DSG_DECD_HMS_ 1_45_ 0__DMY_20_ 8_18.wav	0.1742	19.9991	25	3	2	2	
111	Spectrogram 1	1	3030.607905893	3030.807008328	0.000	103.651	0646.DSG_DECD_HMS_ 1_50_ 0__DMY_20_ 8_18.wav	0.1991	0.3871	25	3	2	2	
112	Spectrogram 1	1	3031.122253850	3031.304764416	0.000	86.566	0646.DSG_DECD_HMS_ 1_50_ 0__DMY_20_ 8_18.wav	0.1825	0.9015	25	3	2	2	
113	Spectrogram 1	1	3031.902071722	3032.117766026	0.000	83.893	0646.DSG_DECD_HMS_ 1_50_ 0__DMY_20_ 8_18.wav	0.2157	1.6813	25	3	2	2	
114	Spectrogram 1	1	3032.814624550	3032.997135115	0.000	238.056	0646.DSG_DECD_HMS_ 1_50_ 0__DMY_20_ 8_18.wav	0.1825	2.5938	25	1	2	2	
115	Spectrogram 1	1	3035.809452869	3036.008555305	0.000	148.073	0646.DSG_DECD_HMS_ 1_50_ 0__DMY_20_ 8_18.wav	0.1991	5.5887	25	3	2	2	
116	Spectrogram 1	1	3038.713022059	3038.912124494	0.000	310.954	0646.DSG_DECD_HMS_ 1_50_ 0__DMY_20_ 8_18.wav	0.1991	8.4922	25	1	2	2	
117	Spectrogram 1	1	3039.617278952	3039.808085453	0.000	115.042	0646.DSG_DECD_HMS_ 1_50_ 0__DMY_20_ 8_18.wav	0.1908	9.3965	25	3	2	2	
118	Spectrogram 1	1	3041.765914227	3041.973312597	1.139	151.490	0646.DSG_DECD_HMS_ 1_50_ 0__DMY_20_ 8_18.wav	0.2074	11.5451	25	3	2	2	
119	Spectrogram 1	1	3043.076671926	3043.234294687	0.000	144.715	0646.DSG_DECD_HMS_ 1_50_ 0__DMY_20_ 8_18.wav	0.1576	12.8559	25	3	2	2	
120	Spectrogram 1	1	3045.731364551	3045.971946660	0.000	227.805	0646.DSG_DECD_HMS_ 1_50_ 0__DMY_20_ 8_18.wav	0.2406	15.5106	25	1	2	2	
121	Spectrogram 1	1	3047.763868577	3047.954675078	0.000	104.790	0646.DSG_DECD_HMS_ 1_50_ 0__DMY_20_ 8_18.wav	0.1908	17.5431	25	3	2	2	
122	Spectrogram 1	1	3049.033146602	3049.223953102	0.000	238.056	0646.DSG_DECD_HMS_ 1_50_ 0__DMY_20_ 8_18.wav	0.1908	18.8123	25	1	2	2	
123	Spectrogram 1	1	3051.596590455	3051.787396956	0.000	194.773	0647.DSG_DECD_HMS_ 1_55_ 0__DMY_20_ 8_18.wav	0.1908	0.4862	25	1	2	2	
124	Spectrogram 1	1	3053.894549597	3054.118539837	0.000	199.329	0647.DSG_DECD_HMS_ 1_55_ 0__DMY_20_ 8_18.wav	0.2240	2.7841	25	1	2	2	
125	Spectrogram 1	1	3055.578624362	3055.777726797	0.000	129.849	0647.DSG_DECD_HMS_ 1_55_ 0__DMY_20_ 8_18.wav	0.1991	4.4682	25	3	2	2	
126	Spectrogram 1	1	3069.117562137	3069.324960507	0.000	261.976	0647.DSG_DECD_HMS_ 1_55_ 0__DMY_20_ 8_18.wav	0.2074	18.0072	25	1	2	2	
127	Spectrogram 1	1	3070.843116575	3071.017331206	0.000	243.235	0647.DSG_DECD_HMS_ 1_55_ 0__DMY_20_ 8_18.wav	0.1742	19.7327	25	3	2	2	
128	Spectrogram 1	1	3071.589750707	3071.730781599	0.000	264.175	0647.DSG_DECD_HMS_ 1_55_ 0__DMY_20_ 8_18.wav	0.1410	20.4794	25	3	2	2	
129	Spectrogram 1	1	3075.522023803	3075.712830303	0.000	225.515	0648.DSG_DECD_HMS_ 2_ 0_ 0__DMY_20_ 8_18.wav	0.1908	3.5220	25	1	2	2	
130	Spectrogram 1	1	3078.317736370	3078.475359131	0.000	94.379	0648.DSG_DECD_HMS_ 2_ 0_ 0__DMY_20_ 8_18.wav	0.1576	6.3177	25	3	2	2	
131	Spectrogram 1	1	3081.553150942	3081.660998094	0.000	298.003	0648.DSG_DECD_HMS_ 2_ 0_ 0__DMY_20_ 8_18.wav	0.1078	9.5532	25	1	2	2	
132	Spectrogram 1	1	3082.523775313	3082.722877749	0.000	306.057	0648.DSG_DECD_HMS_ 2_ 0_ 0__DMY_20_ 8_18.wav	0.1991	10.5238	25	1	2	2	
133	Spectrogram 1	1	3085.535199646	3085.684526472	0.000	119.201	0648.DSG_DECD_HMS_ 2_ 0_ 0__DMY_20_ 8_18.wav	0.1493	13.5352	25	3	2	2	
134	Spectrogram 1	1	3086.605360438	3086.812758808	0.000	130.477	0648.DSG_DECD_HMS_ 2_ 0_ 0__DMY_20_ 8_18.wav	0.2074	14.6054	25	3	2	2	
135	Spectrogram 1	1	3089.060957139	3089.284947378	0.000	225.515	0648.DSG_DECD_HMS_ 2_ 0_ 0__DMY_20_ 8_18.wav	0.2240	17.0610	25	1	2	2	
136	Spectrogram 1	1	3092.910262599	3093.076181295	0.000	159.472	0649.DSG_DECD_HMS_ 2_ 5_ 0__DMY_20_ 8_18.wav	0.1659	0.0207	25	3	2	2	
137	Spectrogram 1	1	3095.407338974	3095.589849540	0.000	165.915	0649.DSG_DECD_HMS_ 2_ 5_ 0__DMY_20_ 8_18.wav	0.1825	2.5177	25	3	2	2	
138	Spectrogram 1	1	3098.086925915	3098.377283633	0.000	338.273	0649.DSG_DECD_HMS_ 2_ 5_ 0__DMY_20_ 8_18.wav	0.2904	5.1973	25	1	2	2	
139	Spectrogram 1	1	3102.135324341	3102.375906450	0.000	434.923	0649.DSG_DECD_HMS_ 2_ 5_ 0__DMY_20_ 8_18.wav	0.2406	9.2457	25	1	2	2	
140	Spectrogram 1	1	3102.409090189	3102.575008885	0.000	118.401	0649.DSG_DECD_HMS_ 2_ 5_ 0__DMY_20_ 8_18.wav	0.1659	9.5195	25	3	2	2	
141	Spectrogram 1	1	3103.728143822	3103.943838127	0.000	133.698	0649.DSG_DECD_HMS_ 2_ 5_ 0__DMY_20_ 8_18.wav	0.2157	10.8385	25	3	2	2	
142	Spectrogram 1	1	3107.353467330	3107.552569765	0.000	351.160	0649.DSG_DECD_HMS_ 2_ 5_ 0__DMY_20_ 8_18.wav	0.1991	14.4639	25	1	2	2	
143	Spectrogram 1	1	3108.589550369	3108.755469065	0.000	102.768	0649.DSG_DECD_HMS_ 2_ 5_ 0__DMY_20_ 8_18.wav	0.1659	15.7000	25	3	2	2	
144	Spectrogram 1	1	3110.514207243	3110.746493417	0.000	162.693	0649.DSG_DECD_HMS_ 2_ 5_ 0__DMY_20_ 8_18.wav	0.2323	17.6246	25	3	2	2	
145	Spectrogram 1	1	3112.762405574	3112.928324270	0.000	227.126	0649.DSG_DECD_HMS_ 2_ 5_ 0__DMY_20_ 8_18.wav	0.1659	19.8728	25	1	2	2	
146	Spectrogram 1	1	3114.023387664	3114.205898229	0.000	108.696	0650.DSG_DECD_HMS_ 2_10_ 0__DMY_20_ 8_18.wav	0.1825	0.2442	25	3	2	2	
147	Spectrogram 1	1	3128.715450540	3128.964328584	0.000	238.402	0650.DSG_DECD_HMS_ 2_10_ 0__DMY_20_ 8_18.wav	0.2489	14.9363	25	1	2	2	
148	Spectrogram 1	1	3127.719938364	3127.943928603	0.000	130.477	0650.DSG_DECD_HMS_ 2_10_ 0__DMY_20_ 8_18.wav	0.2240	13.9407	25	3	2	2	
149	Spectrogram 1	1	3133.153775658	3133.352878093	0.000	312.500	0650.DSG_DECD_HMS_ 2_10_ 0__DMY_20_ 8_18.wav	0.1991	19.3746	25	1	2	2	
150	Spectrogram 1	1	3133.585164268	3133.809154507	0.000	383.376	0650.DSG_DECD_HMS_ 2_10_ 0__DMY_20_ 8_18.wav	0.2240	19.8060	25	1	2	2	
151	Spectrogram 1	1	3134.497707921	3134.663626617	0.000	154.639	0650.DSG_DECD_HMS_ 2_10_ 0__DMY_20_ 8_18.wav	0.1659	20.7185	25	3	2	2	
152	Spectrogram 1	1	3136.422364795	3136.613171295	0.000	133.698	0651.DSG_DECD_HMS_ 2_15_ 0__DMY_20_ 8_18.wav	0.1908	1.7536	25	3	2	2	
153	Spectrogram 1	1	3138.836481822	3138.985808648	0.000	238.402	0651.DSG_DECD_HMS_ 2_15_ 0__DMY_20_ 8_18.wav	0.1493	4.1677	25	1	2	2	
154	Spectrogram 1	1	3139.923236555	3140.205298338	0.000	449.420	0651.DSG_DECD_HMS_ 2_15_ 0__DMY_20_ 8_18.wav	0.2821	5.2544	25	1	2	2	
155	Spectrogram 1	1	3142.096771472	3142.312465777	0.000	239.094	0651.DSG_DECD_HMS_ 2_15_ 0__DMY_20_ 8_18.wav	0.2157	7.4280	25	3	2	2	
156	Spectrogram 1	1	3144.867613696	3145.041828327	0.000	215.851	0651.DSG_DECD_HMS_ 2_15_ 0__DMY_20_ 8_18.wav	0.1742	10.1988	25	3	2	2	
157	Spectrogram 1	1	3145.813350263	3145.987564894	0.000	206.186	0651.DSG_DECD_HMS_ 2_15_ 0__DMY_20_ 8_18.wav	0.1742	11.1446	25	3	2	2	
158	Spectrogram 1	1	3150.450761835	3150.674752075	0.000	231.959	0651.DSG_DECD_HMS_ 2_15_ 0__DMY_20_ 8_18.wav	0.2240	15.7820	25	3	2	2	
159	Spectrogram 1	1	3155.436609476	3155.536160693	0.000	420.425	0651.DSG_DECD_HMS_ 2_15_ 0__DMY_20_ 8_18.wav	0.0996	20.7678	25	1	1	2	
160	Spectrogram 1	1	3155.818222477	3156.009028977	0.000	83.463	0652.DSG_DECD_HMS_ 2_20_ 0__DMY_20_ 8_18.wav	0.1908	0.2598	25	3	2	2	
161	Spectrogram 1	1	3157.842430568	3158.008349264	0.000	204.575	0652.DSG_DECD_HMS_ 2_20_ 0__DMY_20_ 8_18.wav	0.1659	2.2840	25	3	2	2	
162	Spectrogram 1	1	3159.899822399	3160.115516703	0.000	184.394	0652.DSG_DECD_HMS_ 2_20_ 0__DMY_20_ 8_18.wav	0.2157	4.3414	25	3	2	2	
163	Spectrogram 1	1	3163.184998966	3163.334325792	0.000	95.109	0652.DSG_DECD_HMS_ 2_20_ 0__DMY_20_ 8_18.wav	0.1493	7.6266	25	3	2	2	
164	Spectrogram 1	1	3164.968624948	3165.159431448	0.000	180.412	0652.DSG_DECD_HMS_ 2_20_ 0__DMY_20_ 8_18.wav	0.1908	9.4102	25	3	2	2	
165	Spectrogram 1	1	3165.209207057	3165.375125753	0.000	149.807	0652.DSG_DECD_HMS_ 2_20_ 0__DMY_20_ 8_18.wav	0.1659	9.6508	25	3	2	2	
166	Spectrogram 1	1	3165.980728994	3166.154943624	0.000	186.856	0652.DSG_DECD_HMS_ 2_20_ 0__DMY_20_ 8_18.wav	0.1742	10.4223	25	3	2	2	
167	Spectrogram 1	1	3169.564557438	3169.830027352	0.000	97.050	0652.DSG_DECD_HMS_ 2_20_ 0__DMY_20_ 8_18.wav	0.2655	14.0062	25	3	2	2	
168	Spectrogram 1	1	3171.240336268	3171.422846833	0.000	193.299	0652.DSG_DECD_HMS_ 2_20_ 0__DMY_20_ 8_18.wav	0.1825	15.6819	25	3	2	2	
169	Spectrogram 1	1	3173.447054925	3173.629565490	0.000	202.964	0652.DSG_DECD_HMS_ 2_20_ 0__DMY_20_ 8_18.wav	0.1825	17.8887	25	3	2	2	
170	Spectrogram 1	1	3176.931347541	3177.080674367	0.000	310.889	0653.DSG_DECD_HMS_ 2_25_ 0__DMY_20_ 8_18.wav	0.1493	0.4833	25	1	2	2	
171	Spectrogram 1	1	3177.163623061	3177.354429561	0.000	173.969	0653.DSG_DECD_HMS_ 2_25_ 0__DMY_20_ 8_18.wav	0.1908	0.7156	25	3	2	2	
172	Spectrogram 1	1	3177.794114106	3177.993216541	0.000	109.536	0653.DSG_DECD_HMS_ 2_25_ 0__DMY_20_ 8_18.wav	0.1991	1.3461	25	3	2	2	
173	Spectrogram 1	1	3180.838722178	3181.062712417	1.611	404.317	0653.DSG_DECD_HMS_ 2_25_ 0__DMY_20_ 8_18.wav	0.2240	4.3907	25	1	2	2	
174	Spectrogram 1	1	3181.660019723	3181.867418093	0.000	344.716	0653.DSG_DECD_HMS_ 2_25_ 0__DMY_20_ 8_18.wav	0.2074	5.2120	25	1	2	2	
175	Spectrogram 1	1	3185.683535671	3185.849454367	0.000	173.969	0653.DSG_DECD_HMS_ 2_25_ 0__DMY_20_ 8_18.wav	0.1659	9.2355	25	3	2	2	
176	Spectrogram 1	1	3188.827694961	3189.010205526	0.000	240.013	0653.DSG_DECD_HMS_ 2_25_ 0__DMY_20_ 8_18.wav	0.1825	12.3797	25	1	2	2	
177	Spectrogram 1	1	3190.520053230	3190.719155665	0.000	185.245	0653.DSG_DECD_HMS_ 2_25_ 0__DMY_20_ 8_18.wav	0.1991	14.0721	25	3	2	2	
178	Spectrogram 1	1	3191.042697122	3191.183728014	0.000	120.812	0653.DSG_DECD_HMS_ 2_25_ 0__DMY_20_ 8_18.wav	0.1410	14.5947	25	3	2	2	
179	Spectrogram 1	1	3192.328567016	3192.552557256	0.000	230.348	0653.DSG_DECD_HMS_ 2_25_ 0__DMY_20_ 8_18.wav	0.2240	15.8806	25	3	2	2	
180	Spectrogram 1	1	3194.294695573	3194.510389878	0.000	205.745	0653.DSG_DECD_HMS_ 2_25_ 0__DMY_20_ 8_18.wav	0.2157	17.8467	25	1	2	2	
181	Spectrogram 1	1	3196.667332926	3196.866435362	0.000	81.795	0653.DSG_DECD_HMS_ 2_25_ 0__DMY_20_ 8_18.wav	0.1991	20.2193	25	3	2	2	
182	Spectrogram 1	1	3203.565387324	3203.706418216	0.000	133.929	0654.DSG_DECD_HMS_ 2_30_ 0__DMY_20_ 8_18.wav	0.1410	6.2278	25	3	2	2	
183	Spectrogram 1	1	3208.771081380	3208.961887880	0.000	388.209	0654.DSG_DECD_HMS_ 2_30_ 0__DMY_20_ 8_18.wav	0.1908	11.4335	25	1	2	2	
184	Spectrogram 1	1	3212.155819227	3212.321737923	0.000	191.688	0654.DSG_DECD_HMS_ 2_30_ 0__DMY_20_ 8_18.wav	0.1659	14.8182	25	3	2	2	
185	Spectrogram 1	1	3215.507376886	3215.714775256	0.000	186.856	0654.DSG_DECD_HMS_ 2_30_ 0__DMY_20_ 8_18.wav	0.2074	18.1698	25	3	2	2	
186	Spectrogram 1	1	3238.039081054	3238.229887554	0.000	462.307	0655.DSG_DECD_HMS_ 2_35_ 0__DMY_20_ 8_18.wav	0.1908	19.8119	25	1	2	2	
187	Spectrogram 1	1	3241.266199691	3241.423822452	0.000	386.598	0656.DSG_DECD_HMS_ 2_40_ 0__DMY_20_ 8_18.wav	0.1576	2.1494	25	1	2	2	
188	Spectrogram 1	1	3242.601841347	3242.784351912	0.000	238.402	0656.DSG_DECD_HMS_ 2_40_ 0__DMY_20_ 8_18.wav	0.1825	3.4850	25	3	2	2	
189	Spectrogram 1	1	3242.933678739	3243.107893369	0.000	141.753	0656.DSG_DECD_HMS_ 2_40_ 0__DMY_20_ 8_18.wav	0.1742	3.8169	25	3	2	2	
190	Spectrogram 1	1	3246.633653822	3246.758092844	0.000	223.905	0656.DSG_DECD_HMS_ 2_40_ 0__DMY_20_ 8_18.wav	0.1244	7.5169	25	3	2	2	
191	Spectrogram 1	1	3246.766388778	3246.890827800	0.000	236.791	0656.DSG_DECD_HMS_ 2_40_ 0__DMY_20_ 8_18.wav	0.1244	7.6496	25	3	2	2	
192	Spectrogram 1	1	3246.907419670	3247.081634301	0.000	112.758	0656.DSG_DECD_HMS_ 2_40_ 0__DMY_20_ 8_18.wav	0.1742	7.7906	25	3	2	2	
193	Spectrogram 1	1	3249.562118806	3249.719741567	0.000	228.737	0656.DSG_DECD_HMS_ 2_40_ 0__DMY_20_ 8_18.wav	0.1576	10.4453	25	1	2	2	
194	Spectrogram 1	1	3249.786109046	3249.918844003	0.000	117.590	0656.DSG_DECD_HMS_ 2_40_ 0__DMY_20_ 8_18.wav	0.1327	10.6693	25	3	2	2	
195	Spectrogram 1	1	3252.291481356	3252.523767530	0.000	320.554	0656.DSG_DECD_HMS_ 2_40_ 0__DMY_20_ 8_18.wav	0.2323	13.1747	25	1	2	2	
196	Spectrogram 1	1	3255.219934206	3255.419036641	0.000	309.278	0656.DSG_DECD_HMS_ 2_40_ 0__DMY_20_ 8_18.wav	0.1991	16.1031	25	1	2	2	
197	Spectrogram 1	1	3256.995264253	3257.194366689	0.000	264.175	0656.DSG_DECD_HMS_ 2_40_ 0__DMY_20_ 8_18.wav	0.1991	17.8785	25	1	2	2	
198	Spectrogram 1	1	3258.015664234	3258.256246343	0.000	317.332	0656.DSG_DECD_HMS_ 2_40_ 0__DMY_20_ 8_18.wav	0.2406	18.8989	25	1	2	2	
199	Spectrogram 1	1	3259.268350389	3259.417677215	0.000	148.196	0656.DSG_DECD_HMS_ 2_40_ 0__DMY_20_ 8_18.wav	0.1493	20.1516	25	3	2	2	
200	Spectrogram 1	1	3260.355108969	3260.504435796	0.000	161.082	0657.DSG_DECD_HMS_ 2_45_ 0__DMY_20_ 8_18.wav	0.1493	0.3487	25	3	2	2	
201	Spectrogram 1	1	3261.060263427	3261.309141471	0.000	285.116	0657.DSG_DECD_HMS_ 2_45_ 0__DMY_20_ 8_18.wav	0.2489	1.0539	25	1	2	2	
202	Spectrogram 1	1	3263.880881259	3264.046799955	0.000	126.165	0657.DSG_DECD_HMS_ 2_45_ 0__DMY_20_ 8_18.wav	0.1659	3.8745	25	3	2	2	
203	Spectrogram 1	1	3264.785138153	3264.975944653	0.000	145.575	0657.DSG_DECD_HMS_ 2_45_ 0__DMY_20_ 8_18.wav	0.1908	4.7787	25	3	2	2	
204	Spectrogram 1	1	3273.288449719	3273.504144024	0.000	433.312	0657.DSG_DECD_HMS_ 2_45_ 0__DMY_20_ 8_18.wav	0.2157	13.2820	25	1	2	2	
205	Spectrogram 1	1	3276.606814690	3276.747845582	0.000	167.526	0657.DSG_DECD_HMS_ 2_45_ 0__DMY_20_ 8_18.wav	0.1410	16.6004	25	3	2	2	
206	Spectrogram 1	1	3277.436408171	3277.577439062	0.000	191.688	0657.DSG_DECD_HMS_ 2_45_ 0__DMY_20_ 8_18.wav	0.1410	17.4300	25	3	2	2	
207	Spectrogram 1	1	3278.572951238	3278.763757739	0.000	156.250	0657.DSG_DECD_HMS_ 2_45_ 0__DMY_20_ 8_18.wav	0.1908	18.5666	25	3	2	2	
208	Spectrogram 1	1	3279.651422762	3279.850525197	0.000	509.021	0657.DSG_DECD_HMS_ 2_45_ 0__DMY_20_ 8_18.wav	0.1991	19.6450	25	1	2	2	
209	Spectrogram 1	1	3279.991556089	3280.182362589	0.000	331.830	0657.DSG_DECD_HMS_ 2_45_ 0__DMY_20_ 8_18.wav	0.1908	19.9852	25	1	2	2	
210	Spectrogram 1	1	3280.713291467	3280.846026423	0.000	246.456	0657.DSG_DECD_HMS_ 2_45_ 0__DMY_20_ 8_18.wav	0.1327	20.7069	25	1	2	2	
211	Spectrogram 1	1	3282.007457295	3282.206559731	0.000	230.348	0658.DSG_DECD_HMS_ 2_50_ 0__DMY_20_ 8_18.wav	0.1991	1.1115	25	1	2	2	
212	Spectrogram 1	1	3283.243551581	3283.409470277	0.000	141.693	0658.DSG_DECD_HMS_ 2_50_ 0__DMY_20_ 8_18.wav	0.1659	2.3476	25	3	2	2	
213	Spectrogram 1	1	3290.125015588	3290.311674121	0.000	304.446	0658.DSG_DECD_HMS_ 2_50_ 0__DMY_20_ 8_18.wav	0.1867	9.2290	25	1	2	2	
214	Spectrogram 1	1	3291.580952146	3291.780054581	0.000	116.460	0658.DSG_DECD_HMS_ 2_50_ 0__DMY_20_ 8_18.wav	0.1991	10.6850	25	3	2	2	
215	Spectrogram 1	1	3295.181376011	3295.421958120	0.000	112.758	0658.DSG_DECD_HMS_ 2_50_ 0__DMY_20_ 8_18.wav	0.2406	14.2854	25	3	2	2	
216	Spectrogram 1	1	3300.366335261	3300.573733631	0.000	223.905	0658.DSG_DECD_HMS_ 2_50_ 0__DMY_20_ 8_18.wav	0.2074	19.4703	25	3	2	2	
217	Spectrogram 1	1	3302.763850652	3302.896585609	0.000	148.196	0659.DSG_DECD_HMS_ 2_55_ 0__DMY_20_ 8_18.wav	0.1327	0.9783	25	3	2	2	
218	Spectrogram 1	1	3302.913177479	3303.054208370	0.000	153.028	0659.DSG_DECD_HMS_ 2_55_ 0__DMY_20_ 8_18.wav	0.1410	1.1276	25	3	2	2	
219	Spectrogram 1	1	3303.493892915	3303.701291285	0.000	120.812	0659.DSG_DECD_HMS_ 2_55_ 0__DMY_20_ 8_18.wav	0.2074	1.7083	25	3	2	2	
220	Spectrogram 1	1	3307.077736748	3307.268543249	0.000	157.861	0659.DSG_DECD_HMS_ 2_55_ 0__DMY_20_ 8_18.wav	0.1908	5.2921	25	3	2	2	
221	Spectrogram 1	1	3307.641860315	3307.882442424	0.000	238.402	0659.DSG_DECD_HMS_ 2_55_ 0__DMY_20_ 8_18.wav	0.2406	5.8563	25	1	2	2	
222	Spectrogram 1	1	3310.951924391	3311.122004964	0.000	114.519	0659.DSG_DECD_HMS_ 2_55_ 0__DMY_20_ 8_18.wav	0.1701	9.1663	25	3	2	2	
223	Spectrogram 1	1	3314.062899941	3314.295186115	0.000	167.526	0659.DSG_DECD_HMS_ 2_55_ 0__DMY_20_ 8_18.wav	0.2323	12.2773	25	3	2	2	
224	Spectrogram 1	1	3314.419625137	3314.618727572	0.000	141.753	0659.DSG_DECD_HMS_ 2_55_ 0__DMY_20_ 8_18.wav	0.1991	12.6340	25	3	2	2	
225	Spectrogram 1	1	3315.672311292	3315.896301532	0.000	399.485	0659.DSG_DECD_HMS_ 2_55_ 0__DMY_20_ 8_18.wav	0.2240	13.8867	25	1	2	2	
226	Spectrogram 1	1	3318.011754252	3318.194264817	4.832	85.404	0659.DSG_DECD_HMS_ 2_55_ 0__DMY_20_ 8_18.wav	0.1825	16.2262	25	3	2	2	
227	Spectrogram 1	1	3318.667133101	3318.907715210	0.000	149.807	0659.DSG_DECD_HMS_ 2_55_ 0__DMY_20_ 8_18.wav	0.2406	16.8815	25	3	2	2	
228	Spectrogram 1	1	3319.015562362	3319.173185124	0.000	135.309	0659.DSG_DECD_HMS_ 2_55_ 0__DMY_20_ 8_18.wav	0.1576	17.2300	25	3	2	2	
229	Spectrogram 1	1	3322.043578565	3322.201201326	0.000	296.392	0659.DSG_DECD_HMS_ 2_55_ 0__DMY_20_ 8_18.wav	0.1576	20.2580	25	3	2	2	
230	Spectrogram 1	1	3327.657006816	3328.005436078	0.000	220.683	0660.DSG_DECD_HMS_ 3_ 0_ 0__DMY_20_ 8_18.wav	0.3484	4.9818	25	1	2	2	
231	Spectrogram 1	1	3328.611039318	3328.810141753	0.000	410.760	0660.DSG_DECD_HMS_ 3_ 0_ 0__DMY_20_ 8_18.wav	0.1991	5.9358	25	1	2	2	
232	Spectrogram 1	1	3331.373569921	3331.580968291	0.000	206.186	0660.DSG_DECD_HMS_ 3_ 0_ 0__DMY_20_ 8_18.wav	0.2074	8.6984	25	1	2	2	
233	Spectrogram 1	1	3331.672223574	3331.879621944	0.000	214.240	0660.DSG_DECD_HMS_ 3_ 0_ 0__DMY_20_ 8_18.wav	0.2074	8.9970	25	1	2	2	
234	Spectrogram 1	1	3337.164132412	3337.413010456	0.000	315.722	0660.DSG_DECD_HMS_ 3_ 0_ 0__DMY_20_ 8_18.wav	0.2489	14.4889	25	1	2	2	
235	Spectrogram 1	1	3332.667735750	3332.858542251	0.000	109.536	0660.DSG_DECD_HMS_ 3_ 0_ 0__DMY_20_ 8_18.wav	0.1908	9.9925	25	3	2	2	
236	Spectrogram 1	1	3334.401586123	3334.617280428	0.000	101.482	0660.DSG_DECD_HMS_ 3_ 0_ 0__DMY_20_ 8_18.wav	0.2157	11.7264	25	3	2	2	
237	Spectrogram 1	1	3338.018604226	3338.292370074	0.000	125.644	0660.DSG_DECD_HMS_ 3_ 0_ 0__DMY_20_ 8_18.wav	0.2738	15.3434	25	3	2	2	
238	Spectrogram 1	1	3339.777337373	3339.943256069	0.000	100.932	0660.DSG_DECD_HMS_ 3_ 0_ 0__DMY_20_ 8_18.wav	0.1659	17.1021	25	3	2	2	
239	Spectrogram 1	1	3341.096391006	3341.287197506	0.000	222.294	0660.DSG_DECD_HMS_ 3_ 0_ 0__DMY_20_ 8_18.wav	0.1908	18.4212	25	3	2	2	
240	Spectrogram 1	1	3341.336973115	3341.519483681	0.000	220.683	0660.DSG_DECD_HMS_ 3_ 0_ 0__DMY_20_ 8_18.wav	0.1825	18.6618	25	3	2	2	
241	Spectrogram 1	1	3342.465220248	3342.647730814	0.000	145.575	0660.DSG_DECD_HMS_ 3_ 0_ 0__DMY_20_ 8_18.wav	0.1825	19.7900	25	3	2	2	
242	Spectrogram 1	1	3344.356693383	3344.555795818	0.000	100.932	0661.DSG_DECD_HMS_ 3_ 5_ 0__DMY_20_ 8_18.wav	0.1991	0.7919	25	3	2	2	
243	Spectrogram 1	1	3345.012072232	3345.194582797	0.000	175.580	0661.DSG_DECD_HMS_ 3_ 5_ 0__DMY_20_ 8_18.wav	0.1825	1.4473	25	3	2	2	
244	Spectrogram 1	1	3345.327317754	3345.518124255	0.000	211.018	0661.DSG_DECD_HMS_ 3_ 5_ 0__DMY_20_ 8_18.wav	0.1908	1.7625	25	3	2	2	
245	Spectrogram 1	1	3349.060473617	3349.218096378	0.000	191.688	0661.DSG_DECD_HMS_ 3_ 5_ 0__DMY_20_ 8_18.wav	0.1576	5.4957	25	3	2	2	
246	Spectrogram 1	1	3352.519878429	3352.710684929	0.000	196.521	0661.DSG_DECD_HMS_ 3_ 5_ 0__DMY_20_ 8_18.wav	0.1908	8.9551	25	3	2	2	
247	Spectrogram 1	1	3359.231273405	3359.455263645	0.000	180.412	0661.DSG_DECD_HMS_ 3_ 5_ 0__DMY_20_ 8_18.wav	0.2240	15.6665	25	3	2	2	
248	Spectrogram 1	1	3360.558622973	3360.732837604	0.000	231.959	0661.DSG_DECD_HMS_ 3_ 5_ 0__DMY_20_ 8_18.wav	0.1742	16.9938	25	3	2	2	
249	Spectrogram 1	1	3361.579022954	3361.736645715	0.000	109.536	0661.DSG_DECD_HMS_ 3_ 5_ 0__DMY_20_ 8_18.wav	0.1576	18.0142	25	3	2	2	
250	Spectrogram 1	1	3368.945790564	3369.169780804	0.000	148.196	0662.DSG_DECD_HMS_ 3_10_ 0__DMY_20_ 8_18.wav	0.2240	4.4914	25	3	2	2	
251	Spectrogram 1	1	3370.770896220	3370.945110851	0.000	267.397	0662.DSG_DECD_HMS_ 3_10_ 0__DMY_20_ 8_18.wav	0.1742	6.3165	25	1	2	2	
252	Spectrogram 1	1	3372.380307572	3372.529634398	0.000	119.201	0662.DSG_DECD_HMS_ 3_10_ 0__DMY_20_ 8_18.wav	0.1493	7.9259	25	3	2	2	
253	Spectrogram 1	1	3373.160125443	3373.334340074	0.000	115.979	0662.DSG_DECD_HMS_ 3_10_ 0__DMY_20_ 8_18.wav	0.1742	8.7057	25	3	2	2	
254	Spectrogram 1	1	3374.014606727	3374.280076641	0.000	347.938	0662.DSG_DECD_HMS_ 3_10_ 0__DMY_20_ 8_18.wav	0.2655	9.5602	25	1	2	2	
255	Spectrogram 1	1	3378.262109068	3378.486099307	0.000	186.856	0662.DSG_DECD_HMS_ 3_10_ 0__DMY_20_ 8_18.wav	0.2240	13.8077	25	3	2	2	
256	Spectrogram 1	1	3378.569058655	3378.743273286	0.000	190.077	0662.DSG_DECD_HMS_ 3_10_ 0__DMY_20_ 8_18.wav	0.1742	14.1147	25	3	2	2	
257	Spectrogram 1	1	3388.972139587	3389.079986739	0.000	167.526	0663.DSG_DECD_HMS_ 3_15_ 0__DMY_20_ 8_18.wav	0.1078	3.6281	25	3	2	2	
258	Spectrogram 1	1	3389.088282674	3389.245905435	0.000	180.412	0663.DSG_DECD_HMS_ 3_15_ 0__DMY_20_ 8_18.wav	0.1576	3.7443	25	1	2	2	
259	Spectrogram 1	1	3391.261817592	3391.543879375	0.000	140.142	0663.DSG_DECD_HMS_ 3_15_ 0__DMY_20_ 8_18.wav	0.2821	5.9178	25	3	2	2	
260	Spectrogram 1	1	3393.319209422	3393.451944379	0.000	167.526	0663.DSG_DECD_HMS_ 3_15_ 0__DMY_20_ 8_18.wav	0.1327	7.9752	25	3	2	2	
261	Spectrogram 1	1	3393.451944379	3393.576383401	0.000	128.866	0663.DSG_DECD_HMS_ 3_15_ 0__DMY_20_ 8_18.wav	0.1244	8.1079	25	3	2	2	
262	Spectrogram 1	1	3394.878842501	3395.086240871	0.000	109.536	0663.DSG_DECD_HMS_ 3_15_ 0__DMY_20_ 8_18.wav	0.2074	9.5348	25	3	2	2	
263	Spectrogram 1	1	3396.148120526	3396.372110765	0.000	273.840	0663.DSG_DECD_HMS_ 3_15_ 0__DMY_20_ 8_18.wav	0.2240	10.8041	25	1	2	2	
264	Spectrogram 1	1	3397.002601810	3397.218296115	0.000	165.915	0663.DSG_DECD_HMS_ 3_15_ 0__DMY_20_ 8_18.wav	0.2157	11.6586	25	3	2	2	
265	Spectrogram 1	1	3398.296767639	3398.437798531	0.000	243.235	0663.DSG_DECD_HMS_ 3_15_ 0__DMY_20_ 8_18.wav	0.1410	12.9528	25	3	2	2	
266	Spectrogram 1	1	3398.437798531	3398.570533487	0.000	212.629	0663.DSG_DECD_HMS_ 3_15_ 0__DMY_20_ 8_18.wav	0.1327	13.0938	25	3	2	2	
267	Spectrogram 1	1	3400.196536708	3400.370751339	0.000	128.866	0663.DSG_DECD_HMS_ 3_15_ 0__DMY_20_ 8_18.wav	0.1742	14.8525	25	3	2	2	
268	Spectrogram 1	1	3402.668710940	3402.809741832	0.000	153.028	0663.DSG_DECD_HMS_ 3_15_ 0__DMY_20_ 8_18.wav	0.1410	17.3247	25	3	2	2	
269	Spectrogram 1	1	3403.954580834	3404.178571074	0.000	217.461	0663.DSG_DECD_HMS_ 3_15_ 0__DMY_20_ 8_18.wav	0.2240	18.6106	25	1	2	2	
270	Spectrogram 1	1	3405.041348293	3405.198971055	0.000	122.423	0663.DSG_DECD_HMS_ 3_15_ 0__DMY_20_ 8_18.wav	0.1576	19.6973	25	3	2	2	
271	Spectrogram 1	1	3406.592688101	3406.775198667	0.000	215.851	0664.DSG_DECD_HMS_ 3_20_ 0__DMY_20_ 8_18.wav	0.1825	0.3591	25	1	2	2	
272	Spectrogram 1	1	3406.816678341	3407.032372645	0.000	122.423	0664.DSG_DECD_HMS_ 3_20_ 0__DMY_20_ 8_18.wav	0.2157	0.5831	25	3	2	2	
273	Spectrogram 1	1	3409.736831409	3409.952525714	0.000	78.930	0664.DSG_DECD_HMS_ 3_20_ 0__DMY_20_ 8_18.wav	0.2157	3.5032	25	3	2	2	
274	Spectrogram 1	1	3410.118444410	3410.317546845	0.000	130.477	0664.DSG_DECD_HMS_ 3_20_ 0__DMY_20_ 8_18.wav	0.1991	3.8848	25	3	2	2	
275	Spectrogram 1	1	3411.097364716	3411.313059021	0.000	164.304	0664.DSG_DECD_HMS_ 3_20_ 0__DMY_20_ 8_18.wav	0.2157	4.8638	25	3	2	2	
276	Spectrogram 1	1	3411.951846001	3412.117764697	0.000	206.186	0664.DSG_DECD_HMS_ 3_20_ 0__DMY_20_ 8_18.wav	0.1659	5.7182	25	3	2	2	
277	Spectrogram 1	1	3412.831215090	3412.997133786	0.000	98.260	0664.DSG_DECD_HMS_ 3_20_ 0__DMY_20_ 8_18.wav	0.1659	6.5976	25	3	2	2	
278	Spectrogram 1	1	3414.158564658	3414.341075223	0.000	211.018	0664.DSG_DECD_HMS_ 3_20_ 0__DMY_20_ 8_18.wav	0.1825	7.9250	25	3	2	2	
279	Spectrogram 1	1	3414.515289854	3414.739280094	0.000	304.446	0664.DSG_DECD_HMS_ 3_20_ 0__DMY_20_ 8_18.wav	0.2240	8.2817	25	1	2	2	
280	Spectrogram 1	1	3415.767968314	3415.967070750	0.000	173.969	0664.DSG_DECD_HMS_ 3_20_ 0__DMY_20_ 8_18.wav	0.1991	9.5344	25	3	2	2	
281	Spectrogram 1	1	3417.169981296	3417.327604057	0.000	114.369	0664.DSG_DECD_HMS_ 3_20_ 0__DMY_20_ 8_18.wav	0.1576	10.9364	25	3	2	2	
282	Spectrogram 1	1	3417.360787796	3417.601369905	0.000	201.353	0664.DSG_DECD_HMS_ 3_20_ 0__DMY_20_ 8_18.wav	0.2406	11.1272	25	3	2	2	
283	Spectrogram 1	1	3418.621769886	3418.771096712	0.000	124.034	0664.DSG_DECD_HMS_ 3_20_ 0__DMY_20_ 8_18.wav	0.1493	12.3882	25	3	2	2	
284	Spectrogram 1	1	3419.409883692	3419.592394257	0.000	120.812	0664.DSG_DECD_HMS_ 3_20_ 0__DMY_20_ 8_18.wav	0.1825	13.1763	25	3	2	2	
285	Spectrogram 1	1	3421.052478782	3421.359428370	0.000	370.490	0664.DSG_DECD_HMS_ 3_20_ 0__DMY_20_ 8_18.wav	0.3069	14.8189	25	1	2	2	
286	Spectrogram 1	1	3422.512549101	3422.670171863	0.000	109.536	0664.DSG_DECD_HMS_ 3_20_ 0__DMY_20_ 8_18.wav	0.1576	16.2789	25	3	2	2	
287	Spectrogram 1	1	3423.109856407	3423.350438516	0.000	304.446	0664.DSG_DECD_HMS_ 3_20_ 0__DMY_20_ 8_18.wav	0.2406	16.8763	25	1	2	2	
288	Spectrogram 1	1	3425.830923022	3426.005137652	0.000	148.909	0664.DSG_DECD_HMS_ 3_20_ 0__DMY_20_ 8_18.wav	0.1742	19.5973	25	3	2	2	
289	Spectrogram 1	1	3426.482145075	3426.631471901	0.000	109.060	0664.DSG_DECD_HMS_ 3_20_ 0__DMY_20_ 8_18.wav	0.1493	20.2485	25	3	2	2	
290	Spectrogram 1	1	3427.577208468	3427.909045860	0.000	141.753	0665.DSG_DECD_HMS_ 3_25_ 0__DMY_20_ 8_18.wav	0.3318	0.4540	25	3	2	2	
291	Spectrogram 1	1	3430.547153127	3430.729663693	0.000	124.034	0665.DSG_DECD_HMS_ 3_25_ 0__DMY_20_ 8_18.wav	0.1825	3.4240	25	3	2	2	
292	Spectrogram 1	1	3431.509481564	3431.675400260	0.000	106.314	0665.DSG_DECD_HMS_ 3_25_ 0__DMY_20_ 8_18.wav	0.1659	4.3863	25	3	2	2	
293	Spectrogram 1	1	3434.487709727	3434.661924358	0.000	170.747	0665.DSG_DECD_HMS_ 3_25_ 0__DMY_20_ 8_18.wav	0.1742	7.3645	25	3	2	2	
294	Spectrogram 1	1	3435.226047925	3435.400262555	0.000	143.363	0665.DSG_DECD_HMS_ 3_25_ 0__DMY_20_ 8_18.wav	0.1742	8.1028	25	3	2	2	
295	Spectrogram 1	1	3437.034561711	3437.200480407	0.000	227.126	0665.DSG_DECD_HMS_ 3_25_ 0__DMY_20_ 8_18.wav	0.1659	9.9114	25	3	2	2	
296	Spectrogram 1	1	3439.440370669	3439.622881235	0.000	130.477	0665.DSG_DECD_HMS_ 3_25_ 0__DMY_20_ 8_18.wav	0.1825	12.3172	25	3	2	2	
297	Spectrogram 1	1	3440.883863325	3441.058077955	0.000	164.304	0665.DSG_DECD_HMS_ 3_25_ 0__DMY_20_ 8_18.wav	0.1742	13.7607	25	3	2	2	
298	Spectrogram 1	1	3441.365027543	3441.572425913	0.000	235.180	0665.DSG_DECD_HMS_ 3_25_ 0__DMY_20_ 8_18.wav	0.2074	14.2418	25	1	2	2	
299	Spectrogram 1	1	3443.156949460	3443.297980351	0.000	246.456	0665.DSG_DECD_HMS_ 3_25_ 0__DMY_20_ 8_18.wav	0.1410	16.0337	25	1	2	2	
300	Spectrogram 1	1	3443.306276286	3443.439011243	0.000	115.352	0665.DSG_DECD_HMS_ 3_25_ 0__DMY_20_ 8_18.wav	0.1327	16.1831	25	3	2	2	
301	Spectrogram 1	1	3451.519229838	3451.693444469	0.000	211.018	0666.DSG_DECD_HMS_ 3_30_ 0__DMY_20_ 8_18.wav	0.1742	3.5064	25	1	2	2	
302	Spectrogram 1	1	3454.638501323	3454.762940345	0.000	225.515	0666.DSG_DECD_HMS_ 3_30_ 0__DMY_20_ 8_18.wav	0.1244	6.6257	25	1	2	2	
303	Spectrogram 1	1	3454.771236280	3454.978634650	0.000	127.936	0666.DSG_DECD_HMS_ 3_30_ 0__DMY_20_ 8_18.wav	0.2074	6.7584	25	3	2	2	
304	Spectrogram 1	1	3456.845219980	3457.060914285	0.000	115.979	0666.DSG_DECD_HMS_ 3_30_ 0__DMY_20_ 8_18.wav	0.2157	8.8324	25	3	2	2	
305	Spectrogram 1	1	3460.047438383	3460.188469275	0.000	128.866	0666.DSG_DECD_HMS_ 3_30_ 0__DMY_20_ 8_18.wav	0.1410	12.0346	25	3	2	2	
306	Spectrogram 1	1	3461.142501777	3461.300124538	0.000	106.314	0666.DSG_DECD_HMS_ 3_30_ 0__DMY_20_ 8_18.wav	0.1576	13.1297	25	3	2	2	
307	Spectrogram 1	1	3462.287340780	3462.561106628	0.000	587.951	0666.DSG_DECD_HMS_ 3_30_ 0__DMY_20_ 8_18.wav	0.2738	14.2745	25	1	2	2	
308	Spectrogram 1	1	3464.328140740	3464.543835045	0.000	104.704	0666.DSG_DECD_HMS_ 3_30_ 0__DMY_20_ 8_18.wav	0.2157	16.3153	25	3	2	2	
309	Spectrogram 1	1	3465.107958612	3465.340244786	0.000	222.294	0666.DSG_DECD_HMS_ 3_30_ 0__DMY_20_ 8_18.wav	0.2323	17.0952	25	3	2	2	
310	Spectrogram 1	1	3466.418716310	3466.543155332	0.000	186.856	0666.DSG_DECD_HMS_ 3_30_ 0__DMY_20_ 8_18.wav	0.1244	18.4059	25	3	2	2	
311	Spectrogram 1	1	3468.650303831	3468.841110331	0.000	228.737	0666.DSG_DECD_HMS_ 3_30_ 0__DMY_20_ 8_18.wav	0.1908	20.6375	25	3	2	2	
312	Spectrogram 1	1	3469.471601376	3469.770255029	0.000	401.095	0667.DSG_DECD_HMS_ 3_35_ 0__DMY_20_ 8_18.wav	0.2987	0.5692	25	1	2	2	
313	Spectrogram 1	1	3470.948277770	3471.188859880	0.000	146.585	0667.DSG_DECD_HMS_ 3_35_ 0__DMY_20_ 8_18.wav	0.2406	2.0459	25	3	2	2	
314	Spectrogram 1	1	3471.860830598	3472.109708643	0.000	135.309	0667.DSG_DECD_HMS_ 3_35_ 0__DMY_20_ 8_18.wav	0.2489	2.9584	25	3	2	2	
315	Spectrogram 1	1	3473.387282602	3473.627864711	0.000	257.732	0667.DSG_DECD_HMS_ 3_35_ 0__DMY_20_ 8_18.wav	0.2406	4.4849	25	1	2	2	
316	Spectrogram 1	1	3474.457458191	3474.689744365	0.000	235.180	0667.DSG_DECD_HMS_ 3_35_ 0__DMY_20_ 8_18.wav	0.2323	5.5551	25	1	2	2	
317	Spectrogram 1	1	3476.871575218	3477.029197979	0.000	135.309	0667.DSG_DECD_HMS_ 3_35_ 0__DMY_20_ 8_18.wav	0.1576	7.9692	25	3	2	2	
318	Spectrogram 1	1	3477.037493914	3477.228300414	0.000	128.866	0667.DSG_DECD_HMS_ 3_35_ 0__DMY_20_ 8_18.wav	0.1908	8.1351	25	3	2	2	
319	Spectrogram 1	1	3477.626498408	3477.825600843	0.000	112.758	0667.DSG_DECD_HMS_ 3_35_ 0__DMY_20_ 8_18.wav	0.1991	8.7241	25	3	2	2	
320	Spectrogram 1	1	3480.554950667	3480.729165298	0.000	302.835	0667.DSG_DECD_HMS_ 3_35_ 0__DMY_20_ 8_18.wav	0.1742	11.6526	25	1	2	2	
321	Spectrogram 1	1	3481.127370168	3481.392840082	0.000	418.814	0667.DSG_DECD_HMS_ 3_35_ 0__DMY_20_ 8_18.wav	0.2655	12.2250	25	1	2	2	
322	Spectrogram 1	1	3483.425344108	3483.674222152	0.000	140.142	0667.DSG_DECD_HMS_ 3_35_ 0__DMY_20_ 8_18.wav	0.2489	14.5229	25	3	2	2	
323	Spectrogram 1	1	3484.495519697	3484.711214002	0.000	231.959	0667.DSG_DECD_HMS_ 3_35_ 0__DMY_20_ 8_18.wav	0.2157	15.5931	25	1	2	2	
324	Spectrogram 1	1	3488.884057368	3489.116343543	0.000	120.812	0667.DSG_DECD_HMS_ 3_35_ 0__DMY_20_ 8_18.wav	0.2323	19.9817	25	3	2	2	
325	Spectrogram 1	1	3490.734050829	3490.982928873	0.000	486.469	0668.DSG_DECD_HMS_ 3_40_ 0__DMY_20_ 8_18.wav	0.2489	0.9421	25	1	2	2	
326	Spectrogram 1	1	3492.044799353	3492.194126179	0.000	183.634	0668.DSG_DECD_HMS_ 3_40_ 0__DMY_20_ 8_18.wav	0.1493	2.2528	25	3	2	2	
327	Spectrogram 1	1	3492.658698528	3492.824617224	0.000	275.451	0668.DSG_DECD_HMS_ 3_40_ 0__DMY_20_ 8_18.wav	0.1659	2.8667	25	3	2	2	
328	Spectrogram 1	1	3493.463404204	3493.645914769	0.000	170.747	0668.DSG_DECD_HMS_ 3_40_ 0__DMY_20_ 8_18.wav	0.1825	3.6714	25	3	2	2	
329	Spectrogram 1	1	3497.677739082	3497.843657778	0.000	104.704	0668.DSG_DECD_HMS_ 3_40_ 0__DMY_20_ 8_18.wav	0.1659	7.8857	25	3	2	2	
330	Spectrogram 1	1	3498.258454519	3498.440965084	0.000	119.201	0668.DSG_DECD_HMS_ 3_40_ 0__DMY_20_ 8_18.wav	0.1825	8.4665	25	3	2	2	
331	Spectrogram 1	1	3498.490740693	3498.681547193	0.000	193.299	0668.DSG_DECD_HMS_ 3_40_ 0__DMY_20_ 8_18.wav	0.1908	8.6987	25	3	2	2	
332	Spectrogram 1	1	3500.332422533	3500.490045294	0.000	288.338	0668.DSG_DECD_HMS_ 3_40_ 0__DMY_20_ 8_18.wav	0.1576	10.5404	25	3	2	2	
333	Spectrogram 1	1	3501.858874537	3502.091160711	0.000	509.021	0668.DSG_DECD_HMS_ 3_40_ 0__DMY_20_ 8_18.wav	0.2323	12.0669	25	1	2	2	
334	Spectrogram 1	1	3502.837794843	3503.036897278	0.000	124.034	0668.DSG_DECD_HMS_ 3_40_ 0__DMY_20_ 8_18.wav	0.1991	13.0458	25	3	2	2	
335	Spectrogram 1	1	3504.762451717	3504.920074478	0.000	141.753	0668.DSG_DECD_HMS_ 3_40_ 0__DMY_20_ 8_18.wav	0.1576	14.9705	.25	3	2	2	
336	Spectrogram 1	1	3505.741372023	3505.948770393	0.000	157.299	0668.DSG_DECD_HMS_ 3_40_ 0__DMY_20_ 8_18.wav	0.2074	15.9494	25	3	2	2	
337	Spectrogram 1	1	3507.035537852	3507.193160613	0.000	109.536	0668.DSG_DECD_HMS_ 3_40_ 0__DMY_20_ 8_18.wav	0.1576	17.2435	25	3	2	2	
338	Spectrogram 1	1	3508.113997834	3508.288212465	0.000	153.028	0668.DSG_DECD_HMS_ 3_40_ 0__DMY_20_ 8_18.wav	0.1742	18.3220	25	3	2	2	
339	Spectrogram 1	1	3510.830916481	3510.996835177	0.000	164.304	0669.DSG_DECD_HMS_ 3_45_ 0__DMY_20_ 8_18.wav	0.1659	0.1493	25	3	2	2	
340	Spectrogram 1	1	3511.619030287	3511.801540853	0.000	211.018	0669.DSG_DECD_HMS_ 3_45_ 0__DMY_20_ 8_18.wav	0.1825	0.9374	25	3	2	2	
341	Spectrogram 1	1	3512.332480680	3512.514991246	0.000	119.201	0669.DSG_DECD_HMS_ 3_45_ 0__DMY_20_ 8_18.wav	0.1825	1.6509	25	3	2	2	
342	Spectrogram 1	1	3513.709590707	3513.933580946	0.000	132.131	0669.DSG_DECD_HMS_ 3_45_ 0__DMY_20_ 8_18.wav	0.2240	3.0280	25	3	2	2	
343	Spectrogram 1	1	3515.401961406	3515.659135385	0.000	567.010	0669.DSG_DECD_HMS_ 3_45_ 0__DMY_20_ 8_18.wav	0.2572	4.7204	25	1	2	2	
344	Spectrogram 1	1	3519.292754827	3519.525041002	0.000	235.180	0669.DSG_DECD_HMS_ 3_45_ 0__DMY_20_ 8_18.wav	0.2323	8.6112	25	1	2	2	
345	Spectrogram 1	1	3527.538889455	3527.746287825	0.000	128.866	0669.DSG_DECD_HMS_ 3_45_ 0__DMY_20_ 8_18.wav	0.2074	16.8573	25	3	2	2	
346	Spectrogram 1	1	3527.762879695	3527.986869934	0.000	144.715	0669.DSG_DECD_HMS_ 3_45_ 0__DMY_20_ 8_18.wav	0.2240	17.0813	25	3	2	2	
347	Spectrogram 1	1	3530.566905657	3530.923630854	0.000	521.907	0669.DSG_DECD_HMS_ 3_45_ 0__DMY_20_ 8_18.wav	0.3567	19.8853	25	1	2	2	
348	Spectrogram 1	1	3531.678552634	3531.877655069	0.000	124.034	0670.DSG_DECD_HMS_ 3_50_ 0__DMY_20_ 8_18.wav	0.1991	0.1074	25	3	2	2	
349	Spectrogram 1	1	3533.271372116	3533.470474551	0.000	112.758	0670.DSG_DECD_HMS_ 3_50_ 0__DMY_20_ 8_18.wav	0.1991	1.7002	25	3	2	2	
350	Spectrogram 1	1	3533.545137964	3533.719352595	0.000	214.240	0670.DSG_DECD_HMS_ 3_50_ 0__DMY_20_ 8_18.wav	0.1742	1.9739	25	3	2	2	
351	Spectrogram 1	1	3534.739752575	3534.905671271	0.000	180.369	0670.DSG_DECD_HMS_ 3_50_ 0__DMY_20_ 8_18.wav	0.1659	3.1686	25	3	2	2	
352	Spectrogram 1	1	3534.913967206	3535.063294033	0.000	128.866	0670.DSG_DECD_HMS_ 3_50_ 0__DMY_20_ 8_18.wav	0.1493	3.3428	25	3	2	2	
353	Spectrogram 1	1	3539.128289359	3539.319095859	0.000	90.206	0670.DSG_DECD_HMS_ 3_50_ 0__DMY_20_ 8_18.wav	0.1908	7.5571	25	3	2	2	
354	Spectrogram 1	1	3539.534790164	3539.791964143	0.000	505.799	0670.DSG_DECD_HMS_ 3_50_ 0__DMY_20_ 8_18.wav	0.2572	7.9636	25	1	2	2	
355	Spectrogram 1	1	3543.359216107	3543.550022608	0.000	156.250	0670.DSG_DECD_HMS_ 3_50_ 0__DMY_20_ 8_18.wav	0.1908	11.7880	25	3	2	2	
356	Spectrogram 1	1	3543.632981956	3543.856972195	0.000	573.454	0670.DSG_DECD_HMS_ 3_50_ 0__DMY_20_ 8_18.wav	0.2240	12.0618	25	1	2	2	
357	Spectrogram 1	1	3544.520646979	3544.636790067	0.000	156.250	0670.DSG_DECD_HMS_ 3_50_ 0__DMY_20_ 8_18.wav	0.1161	12.9494	25	3	2	2	
358	Spectrogram 1	1	3544.686565675	3544.885668111	0.000	169.883	0670.DSG_DECD_HMS_ 3_50_ 0__DMY_20_ 8_18.wav	0.1991	13.1154	25	3	2	2	
359	Spectrogram 1	1	3546.080269404	3546.229596230	1.611	149.807	0670.DSG_DECD_HMS_ 3_50_ 0__DMY_20_ 8_18.wav	0.1493	14.5091	25	3	2	2	
360	Spectrogram 1	1	3547.075781580	3547.266588081	0.000	520.296	0670.DSG_DECD_HMS_ 3_50_ 0__DMY_20_ 8_18.wav	0.1908	15.5046	25	1	2	2	
361	Spectrogram 1	1	3548.958958780	3549.158061215	0.000	228.737	0670.DSG_DECD_HMS_ 3_50_ 0__DMY_20_ 8_18.wav	0.1991	17.3878	25	1	2	2	
362	Spectrogram 1	1	3550.900207523	3551.091014024	0.000	122.423	0670.DSG_DECD_HMS_ 3_50_ 0__DMY_20_ 8_18.wav	0.1908	19.3290	25	3	2	2	
363	Spectrogram 1	1	3553.413865113	3553.563191940	0.000	157.299	0671.DSG_DECD_HMS_ 3_55_ 0__DMY_20_ 8_18.wav	0.1493	0.9531	25	3	2	2	
364	Spectrogram 1	1	3553.712518766	3553.853549658	0.000	122.423	0671.DSG_DECD_HMS_ 3_55_ 0__DMY_20_ 8_18.wav	0.1410	1.2517	25	3	2	2	
365	Spectrogram 1	1	3556.533136598	3556.815198382	0.000	154.639	0671.DSG_DECD_HMS_ 3_55_ 0__DMY_20_ 8_18.wav	0.2821	4.0723	25	3	2	2	
366	Spectrogram 1	1	3560.697681959	3560.855304720	0.000	125.644	0671.DSG_DECD_HMS_ 3_55_ 0__DMY_20_ 8_18.wav	0.1576	8.2369	25	3	2	2	
367	Spectrogram 1	1	3561.759561613	3561.966959983	0.000	146.812	0671.DSG_DECD_HMS_ 3_55_ 0__DMY_20_ 8_18.wav	0.2074	9.2988	25	3	2	2	
368	Spectrogram 1	1	3563.178166464	3563.368972964	0.000	140.142	0671.DSG_DECD_HMS_ 3_55_ 0__DMY_20_ 8_18.wav	0.1908	10.7174	25	3	2	2	
369	Spectrogram 1	1	3563.559779465	3563.709106291	0.000	141.753	0671.DSG_DECD_HMS_ 3_55_ 0__DMY_20_ 8_18.wav	0.1493	11.0990	25	3	2	2	
370	Spectrogram 1	1	3566.571203797	3566.737122493	0.000	153.028	0671.DSG_DECD_HMS_ 3_55_ 0__DMY_20_ 8_18.wav	0.1659	14.1104	25	3	2	2	
371	Spectrogram 1	1	3568.313334420	3568.487549051	0.000	161.493	0671.DSG_DECD_HMS_ 3_55_ 0__DMY_20_ 8_18.wav	0.1742	15.8525	25	3	2	2	
372	Spectrogram 1	1	3570.553236816	3570.785522991	0.000	153.028	0671.DSG_DECD_HMS_ 3_55_ 0__DMY_20_ 8_18.wav	0.2323	18.0924	25	3	2	2	
373	Spectrogram 1	1	3570.951441687	3571.142248187	0.000	119.201	0671.DSG_DECD_HMS_ 3_55_ 0__DMY_20_ 8_18.wav	0.1908	18.4906	25	3	2	2	
374	Spectrogram 1	1	3574.485502809	3574.742676788	0.000	430.090	0672.DSG_DECD_HMS_ 4_ 0_ 0__DMY_20_ 8_18.wav	0.2572	1.1351	25	1	2	2	
375	Spectrogram 1	1	3578.401184035	3578.600286470	0.000	173.969	0672.DSG_DECD_HMS_ 4_ 0_ 0__DMY_20_ 8_18.wav	0.1991	5.0508	25	3	2	2	
376	Spectrogram 1	1	3578.757909231	3578.948715732	0.000	193.299	0672.DSG_DECD_HMS_ 4_ 0_ 0__DMY_20_ 8_18.wav	0.1908	5.4075	25	3	2	2	
377	Spectrogram 1	1	3582.623796133	3582.889266047	0.000	354.381	0672.DSG_DECD_HMS_ 4_ 0_ 0__DMY_20_ 8_18.wav	0.2655	9.2734	25	1	2	2	
378	Spectrogram 1	1	3586.531181424	3586.746875729	0.000	155.201	0672.DSG_DECD_HMS_ 4_ 0_ 0__DMY_20_ 8_18.wav	0.2157	13.1808	25	3	2	2	
379	Spectrogram 1	1	3588.223552124	3588.414358624	0.000	128.866	0672.DSG_DECD_HMS_ 4_ 0_ 0__DMY_20_ 8_18.wav	0.1908	14.8732	25	3	2	2	
380	Spectrogram 1	1	3595.324849821	3595.515656321	0.000	128.866	0673.DSG_DECD_HMS_ 4_ 5_ 0__DMY_20_ 8_18.wav	0.1908	1.0848	25	3	2	2	
381	Spectrogram 1	1	3596.743454672	3596.909373368	0.000	156.250	0673.DSG_DECD_HMS_ 4_ 5_ 0__DMY_20_ 8_18.wav	0.1659	2.5035	25	2	2	2	
382	Spectrogram 1	1	3600.003757048	3600.153083875	0.000	133.698	0673.DSG_DECD_HMS_ 4_ 5_ 0__DMY_20_ 8_18.wav	0.1493	5.7638	25	3	2	2	
383	Spectrogram 1	1	3600.153083875	3600.319002571	0.000	128.866	0673.DSG_DECD_HMS_ 4_ 5_ 0__DMY_20_ 8_18.wav	0.1659	5.9131	25	3	2	2	
384	Spectrogram 1	1	3603.994084226	3604.135115118	0.000	128.866	0673.DSG_DECD_HMS_ 4_ 5_ 0__DMY_20_ 8_18.wav	0.1410	9.7541	25	3	2	2	
385	Spectrogram 1	1	3604.881749250	3605.047667946	0.000	154.639	0673.DSG_DECD_HMS_ 4_ 5_ 0__DMY_20_ 8_18.wav	0.1659	10.6417	25	3	2	2	
386	Spectrogram 1	1	3605.180402903	3605.346321599	0.000	167.526	0673.DSG_DECD_HMS_ 4_ 5_ 0__DMY_20_ 8_18.wav	0.1659	10.9404	25	3	2	2	
387	Spectrogram 1	1	3607.669183343	3607.818510169	0.000	251.289	0673.DSG_DECD_HMS_ 4_ 5_ 0__DMY_20_ 8_18.wav	0.1493	13.4292	25	3	2	2	
388	Spectrogram 1	1	3608.581736171	3608.731062997	0.000	186.856	0673.DSG_DECD_HMS_ 4_ 5_ 0__DMY_20_ 8_18.wav	0.1493	14.3417	25	3	2	2	
389	Spectrogram 1	1	3610.639128001	3610.813342632	0.000	148.196	0673.DSG_DECD_HMS_ 4_ 5_ 0__DMY_20_ 8_18.wav	0.1742	16.3991	25	3	2	2	
390	Spectrogram 1	1	3615.450753908	3615.658152278	0.000	177.191	0674.DSG_DECD_HMS_ 4_10_ 0__DMY_20_ 8_18.wav	0.2074	0.3212	25	3	2	2	
391	Spectrogram 1	1	3615.749407561	3615.890438453	0.000	91.817	0674.DSG_DECD_HMS_ 4_10_ 0__DMY_20_ 8_18.wav	0.1410	0.6198	25	3	2	2	
392	Spectrogram 1	1	3616.944022172	3617.126532738	0.000	201.353	0674.DSG_DECD_HMS_ 4_10_ 0__DMY_20_ 8_18.wav	0.1825	1.8144	25	3	2	2	
393	Spectrogram 1	1	3623.124480281	3623.315286781	0.000	148.909	0674.DSG_DECD_HMS_ 4_10_ 0__DMY_20_ 8_18.wav	0.1908	7.9949	25	3	2	2	
394	Spectrogram 1	1	3625.430750156	3625.629852591	0.000	219.072	0674.DSG_DECD_HMS_ 4_10_ 0__DMY_20_ 8_18.wav	0.1991	10.3012	25	1	2	2	
395	Spectrogram 1	1	3627.148008659	3627.330519225	0.000	223.905	0674.DSG_DECD_HMS_ 4_10_ 0__DMY_20_ 8_18.wav	0.1825	12.0184	25	2	2	2	
396	Spectrogram 1	1	3628.632966783	3628.765701740	0.000	243.235	0674.DSG_DECD_HMS_ 4_10_ 0__DMY_20_ 8_18.wav	0.1327	13.5034	25	3	2	2	
397	Spectrogram 1	1	3630.350225287	3630.524439917	0.000	104.866	0674.DSG_DECD_HMS_ 4_10_ 0__DMY_20_ 8_18.wav	0.1742	15.2206	25	3	2	2	
398	Spectrogram 1	1	3630.980716331	3631.113451288	0.000	196.521	0674.DSG_DECD_HMS_ 4_10_ 0__DMY_20_ 8_18.wav	0.1327	15.8511	25	3	2	2	
399	Spectrogram 1	1	3631.113451288	3631.295961854	0.000	167.526	0674.DSG_DECD_HMS_ 4_10_ 0__DMY_20_ 8_18.wav	0.1825	15.9839	25	3	2	2	
400	Spectrogram 1	1	3633.701782946	3633.867701642	0.000	135.309	0674.DSG_DECD_HMS_ 4_10_ 0__DMY_20_ 8_18.wav	0.1659	18.5722	25	3	2	2	
401	Spectrogram 1	1	3634.788550405	3634.929581296	0.000	183.634	0674.DSG_DECD_HMS_ 4_10_ 0__DMY_20_ 8_18.wav	0.1410	19.6590	25	3	2	2	
402	Spectrogram 1	1	3637.410047749	3637.542782706	0.000	161.082	0675.DSG_DECD_HMS_ 4_15_ 0__DMY_20_ 8_18.wav	0.1327	1.3908	25	3	2	2	
403	Spectrogram 1	1	3638.579774556	3638.770581056	0.000	433.312	0675.DSG_DECD_HMS_ 4_15_ 0__DMY_20_ 8_18.wav	0.1908	2.5606	25	1	2	2	
404	Spectrogram 1	1	3640.487839560	3640.686941995	0.000	231.959	0675.DSG_DECD_HMS_ 4_15_ 0__DMY_20_ 8_18.wav	0.1991	4.4686	25	3	2	2	
405	Spectrogram 1	1	3644.768541917	3644.951052482	0.000	325.387	0675.DSG_DECD_HMS_ 4_15_ 0__DMY_20_ 8_18.wav	0.1825	8.7493	25	1	2	2	
406	Spectrogram 1	1	3644.975940287	3645.083787439	0.000	149.807	0675.DSG_DECD_HMS_ 4_15_ 0__DMY_20_ 8_18.wav	0.1078	8.9567	25	3	2	2	
407	Spectrogram 1	1	3645.158450853	3645.407328897	0.000	451.031	0675.DSG_DECD_HMS_ 4_15_ 0__DMY_20_ 8_18.wav	0.2489	9.1393	25	1	2	2	
408	Spectrogram 1	1	3647.157760781	3647.340271347	0.000	182.023	0675.DSG_DECD_HMS_ 4_15_ 0__DMY_20_ 8_18.wav	0.1825	11.1386	25	3	2	2	
409	Spectrogram 1	1	3647.879507109	3648.003946131	0.000	119.201	0675.DSG_DECD_HMS_ 4_15_ 0__DMY_20_ 8_18.wav	0.1244	11.8603	25	3	2	2	
410	Spectrogram 1	1	3648.393855066	3648.576365632	0.000	402.706	0675.DSG_DECD_HMS_ 4_15_ 0__DMY_20_ 8_18.wav	0.1825	12.3747	25	1	2	2	
411	Spectrogram 1	1	3651.778587882	3652.027465926	0.000	433.312	0675.DSG_DECD_HMS_ 4_15_ 0__DMY_20_ 8_18.wav	0.2489	15.7594	25	1	2	2	
412	Spectrogram 1	1	3652.732620385	3652.890243146	3.222	238.402	0675.DSG_DECD_HMS_ 4_15_ 0__DMY_20_ 8_18.wav	0.1576	16.7134	25	1	2	2	
413	Spectrogram 1	1	3656.747843653	3656.913762349	0.000	434.923	0675.DSG_DECD_HMS_ 4_15_ 0__DMY_20_ 8_18.wav	0.1659	20.7286	25	1	1	2	
414	Spectrogram 1	1	3657.303671285	3657.569141199	0.000	415.593	0676.DSG_DECD_HMS_ 4_20_ 0__DMY_20_ 8_18.wav	0.2655	0.3949	25	1	2	2	
415	Spectrogram 1	1	3658.274295657	3658.423622483	0.000	127.255	0676.DSG_DECD_HMS_ 4_20_ 0__DMY_20_ 8_18.wav	0.1493	1.3655	25	3	2	2	
416	Spectrogram 1	1	3660.373167161	3660.580565531	0.000	307.668	0676.DSG_DECD_HMS_ 4_20_ 0__DMY_20_ 8_18.wav	0.2074	3.4644	25	1	2	2	
417	Spectrogram 1	1	3661.211056576	3661.385271207	0.000	177.191	0676.DSG_DECD_HMS_ 4_20_ 0__DMY_20_ 8_18.wav	0.1742	4.3023	25	3	2	2	
418	Spectrogram 1	1	3662.646239091	3662.837045591	0.000	113.255	0676.DSG_DECD_HMS_ 4_20_ 0__DMY_20_ 8_18.wav	0.1908	5.7374	25	3	2	2	
419	Spectrogram 1	1	3663.334801679	3663.600271593	0.000	438.144	0676.DSG_DECD_HMS_ 4_20_ 0__DMY_20_ 8_18.wav	0.2655	6.4260	25	1	2	2	
420	Spectrogram 1	1	3665.923133337	3666.047572359	0.000	130.477	0676.DSG_DECD_HMS_ 4_20_ 0__DMY_20_ 8_18.wav	0.1244	9.0143	25	3	2	2	
421	Spectrogram 1	1	3666.113939838	3666.296450403	0.000	165.915	0676.DSG_DECD_HMS_ 4_20_ 0__DMY_20_ 8_18.wav	0.1825	9.2051	25	3	2	2	
422	Spectrogram 1	1	3668.428500616	3668.611011181	0.000	120.812	0676.DSG_DECD_HMS_ 4_20_ 0__DMY_20_ 8_18.wav	0.1825	11.5197	25	3	2	2	
423	Spectrogram 1	1	3671.614128333	3671.738567355	0.000	120.812	0676.DSG_DECD_HMS_ 4_20_ 0__DMY_20_ 8_18.wav	0.1244	14.7053	25	3	2	2	
424	Spectrogram 1	1	3672.145068160	3672.294394987	0.000	141.753	0676.DSG_DECD_HMS_ 4_20_ 0__DMY_20_ 8_18.wav	0.1493	15.2363	25	3	2	2	
425	Spectrogram 1	1	3672.294394987	3672.559864900	0.000	552.513	0676.DSG_DECD_HMS_ 4_20_ 0__DMY_20_ 8_18.wav	0.2655	15.3856	25	1	2	2	
426	Spectrogram 1	1	3672.974661640	3673.157172206	0.000	223.905	0676.DSG_DECD_HMS_ 4_20_ 0__DMY_20_ 8_18.wav	0.1825	16.0659	25	3	2	2	
427	Spectrogram 1	1	3673.696407968	3673.887214468	0.000	153.028	0676.DSG_DECD_HMS_ 4_20_ 0__DMY_20_ 8_18.wav	0.1908	16.7876	25	3	2	2	
428	Spectrogram 1	1	3675.181380297	3675.363890863	0.000	167.785	0676.DSG_DECD_HMS_ 4_20_ 0__DMY_20_ 8_18.wav	0.1825	18.2726	25	3	2	2	
429	Spectrogram 1	1	3677.636966936	3677.777997828	0.000	90.206	0676.DSG_DECD_HMS_ 4_20_ 0__DMY_20_ 8_18.wav	0.1410	20.7282	25	3	2	2	
430	Spectrogram 1	1	3678.126427089	3678.325529524	0.000	165.915	0677.DSG_DECD_HMS_ 4_25_ 0__DMY_20_ 8_18.wav	0.1991	0.3280	25	3	2	2	
431	Spectrogram 1	1	3678.342121394	3678.516336025	0.000	167.526	0677.DSG_DECD_HMS_ 4_25_ 0__DMY_20_ 8_18.wav	0.1742	0.5437	25	3	2	2	
432	Spectrogram 1	1	3681.195922965	3681.353545727	0.000	132.088	0677.DSG_DECD_HMS_ 4_25_ 0__DMY_20_ 8_18.wav	0.1576	3.3975	25	3	2	2	
433	Spectrogram 1	1	3682.340761968	3682.597935947	0.000	153.028	0677.DSG_DECD_HMS_ 4_25_ 0__DMY_20_ 8_18.wav	0.2572	4.5424	25	3	2	2	
434	Spectrogram 1	1	3687.666733169	3688.031754300	0.000	354.381	0677.DSG_DECD_HMS_ 4_25_ 0__DMY_20_ 8_18.wav	0.3650	9.8683	25	1	2	2	
435	Spectrogram 1	1	3688.031754300	3688.164489257	0.000	127.255	0677.DSG_DECD_HMS_ 4_25_ 0__DMY_20_ 8_18.wav	0.1327	10.2334	25	3	2	2	
436	Spectrogram 1	1	3689.284440455	3689.450359151	0.000	115.979	0677.DSG_DECD_HMS_ 4_25_ 0__DMY_20_ 8_18.wav	0.1659	11.4860	25	3	2	2	
437	Spectrogram 1	1	3689.500134760	3689.682645325	0.000	196.521	0677.DSG_DECD_HMS_ 4_25_ 0__DMY_20_ 8_18.wav	0.1825	11.7017	25	3	2	2	
438	Spectrogram 1	1	3692.893172093	3693.067386724	0.000	167.785	0677.DSG_DECD_HMS_ 4_25_ 0__DMY_20_ 8_18.wav	0.1742	15.0948	25	3	2	2	
439	Spectrogram 1	1	3694.444503614	3694.568942636	0.000	117.590	0677.DSG_DECD_HMS_ 4_25_ 0__DMY_20_ 8_18.wav	0.1244	16.6461	25	3	2	2	
440	Spectrogram 1	1	3695.755261313	3695.904588139	0.000	161.082	0677.DSG_DECD_HMS_ 4_25_ 0__DMY_20_ 8_18.wav	0.1493	17.9569	25	3	2	2	
441	Spectrogram 1	1	3695.946067813	3696.087098705	0.000	132.088	0677.DSG_DECD_HMS_ 4_25_ 0__DMY_20_ 8_18.wav	0.1410	18.1477	25	3	2	2	
442	Spectrogram 1	1	3698.244030803	3698.426541368	0.000	98.574	0677.DSG_DECD_HMS_ 4_25_ 0__DMY_20_ 8_18.wav	0.1825	20.4456	25	3	2	2	
443	Spectrogram 1	1	3698.766674695	3699.015552739	0.000	526.740	0678.DSG_DECD_HMS_ 4_30_ 0__DMY_20_ 8_18.wav	0.2489	0.0787	25	1	2	2	
444	Spectrogram 1	1	3699.256134848	3699.521604762	0.000	315.722	0678.DSG_DECD_HMS_ 4_30_ 0__DMY_20_ 8_18.wav	0.2655	0.5681	25	1	2	2	
445	Spectrogram 1	1	3701.056352700	3701.205679527	0.000	136.326	0678.DSG_DECD_HMS_ 4_30_ 0__DMY_20_ 8_18.wav	0.1493	2.3684	25	3	2	2	
446	Spectrogram 1	1	3701.437965701	3701.711731549	0.000	653.756	0678.DSG_DECD_HMS_ 4_30_ 0__DMY_20_ 8_18.wav	0.2738	2.7500	25	1	2	2	
447	Spectrogram 1	1	3702.914642095	3703.055672987	0.000	249.678	0678.DSG_DECD_HMS_ 4_30_ 0__DMY_20_ 8_18.wav	0.1410	4.2266	25	1	2	2	
448	Spectrogram 1	1	3703.055672987	3703.196703879	0.000	151.418	0678.DSG_DECD_HMS_ 4_30_ 0__DMY_20_ 8_18.wav	0.1410	4.3677	25	3	2	2	
449	Spectrogram 1	1	3704.524041905	3704.648480927	0.000	130.034	0678.DSG_DECD_HMS_ 4_30_ 0__DMY_20_ 8_18.wav	0.1244	5.8360	25	3	2	2	
450	Spectrogram 1	1	3705.428298798	3705.619105298	0.000	167.526	0678.DSG_DECD_HMS_ 4_30_ 0__DMY_20_ 8_18.wav	0.1908	6.7403	25	3	2	2	
451	Spectrogram 1	1	3707.029414214	3707.153853236	0.000	144.974	0678.DSG_DECD_HMS_ 4_30_ 0__DMY_20_ 8_18.wav	0.1244	8.3414	25	3	2	2	
452	Spectrogram 1	1	3707.278292258	3707.411027215	0.000	144.715	0678.DSG_DECD_HMS_ 4_30_ 0__DMY_20_ 8_18.wav	0.1327	8.5903	25	3	2	2	
453	Spectrogram 1	1	3708.705193044	3708.895999545	0.000	136.326	0678.DSG_DECD_HMS_ 4_30_ 0__DMY_20_ 8_18.wav	0.1908	10.0172	25	3	2	2	
454	Spectrogram 1	1	3709.493306850	3709.700705220	0.000	304.446	0678.DSG_DECD_HMS_ 4_30_ 0__DMY_20_ 8_18.wav	0.2074	10.8053	25	1	2	2	
455	Spectrogram 1	1	3710.887023897	3711.127606006	0.000	528.351	0678.DSG_DECD_HMS_ 4_30_ 0__DMY_20_ 8_18.wav	0.2406	12.1990	25	1	2	2	
456	Spectrogram 1	1	3711.227157223	3711.343300311	0.000	133.698	0678.DSG_DECD_HMS_ 4_30_ 0__DMY_20_ 8_18.wav	0.1161	12.5392	25	3	2	2	
457	Spectrogram 1	1	3712.347095696	3712.571085935	0.000	298.003	0678.DSG_DECD_HMS_ 4_30_ 0__DMY_20_ 8_18.wav	0.2240	13.6591	25	1	2	2	
458	Spectrogram 1	1	3713.475342828	3713.707629003	0.000	591.173	0678.DSG_DECD_HMS_ 4_30_ 0__DMY_20_ 8_18.wav	0.2323	14.7873	25	1	2	2	
459	Spectrogram 1	1	3714.595294027	3714.752916788	0.000	365.657	0678.DSG_DECD_HMS_ 4_30_ 0__DMY_20_ 8_18.wav	0.1576	15.9073	25	1	2	2	
460	Spectrogram 1	1	3714.769508657	3714.910539549	0.000	144.974	0678.DSG_DECD_HMS_ 4_30_ 0__DMY_20_ 8_18.wav	0.1410	16.0815	25	3	2	2	
461	Spectrogram 1	1	3714.935427353	3715.084754180	0.000	128.866	0678.DSG_DECD_HMS_ 4_30_ 0__DMY_20_ 8_18.wav	0.1493	16.2474	25	3	2	2	
462	Spectrogram 1	1	3716.221297247	3716.420399683	0.000	109.536	0678.DSG_DECD_HMS_ 4_30_ 0__DMY_20_ 8_18.wav	0.1991	17.5333	25	3	2	2	
463	Spectrogram 1	1	3717.681381772	3717.855596403	0.000	194.910	0678.DSG_DECD_HMS_ 4_30_ 0__DMY_20_ 8_18.wav	0.1742	18.9934	25	1	2	2	
464	Spectrogram 1	1	3717.863892338	3718.038106969	0.000	198.131	0678.DSG_DECD_HMS_ 4_30_ 0__DMY_20_ 8_18.wav	0.1742	19.1759	25	1	2	2	
465	Spectrogram 1	1	3719.888087999	3720.103782304	0.000	534.815	0679.DSG_DECD_HMS_ 4_35_ 0__DMY_20_ 8_18.wav	0.2157	0.3105	25	1	2	2	
466	Spectrogram 1	1	3720.145261978	3720.302884739	0.000	157.861	0679.DSG_DECD_HMS_ 4_35_ 0__DMY_20_ 8_18.wav	0.1576	0.5677	25	3	2	2	
467	Spectrogram 1	1	3721.692453818	3721.833484710	0.000	143.363	0679.DSG_DECD_HMS_ 4_35_ 0__DMY_20_ 8_18.wav	0.1410	2.1149	25	3	2	2	
468	Spectrogram 1	1	3724.015303648	3724.148038605	0.000	194.910	0679.DSG_DECD_HMS_ 4_35_ 0__DMY_20_ 8_18.wav	0.1327	4.4377	25	3	2	2	
469	Spectrogram 1	1	3727.275606024	3727.474708460	0.000	133.698	0679.DSG_DECD_HMS_ 4_35_ 0__DMY_20_ 8_18.wav	0.1991	7.6980	25	3	2	2	
470	Spectrogram 1	1	3727.491300329	3727.657219025	0.000	111.147	0679.DSG_DECD_HMS_ 4_35_ 0__DMY_20_ 8_18.wav	0.1659	7.9137	25	3	2	2	
471	Spectrogram 1	1	3729.382773464	3729.532100290	0.000	133.698	0679.DSG_DECD_HMS_ 4_35_ 0__DMY_20_ 8_18.wav	0.1493	9.8052	25	3	2	2	
472	Spectrogram 1	1	3730.179183205	3730.378285640	0.000	222.294	0679.DSG_DECD_HMS_ 4_35_ 0__DMY_20_ 8_18.wav	0.1991	10.6016	25	3	2	2	
473	Spectrogram 1	1	3731.025354941	3731.166385832	0.000	148.196	0679.DSG_DECD_HMS_ 4_35_ 0__DMY_20_ 8_18.wav	0.1410	11.4478	25	3	2	2	
474	Spectrogram 1	1	3733.655166272	3733.854268708	0.000	191.688	0679.DSG_DECD_HMS_ 4_35_ 0__DMY_20_ 8_18.wav	0.1991	14.0776	25	3	2	2	
475	Spectrogram 1	1	3733.895748382	3734.053371143	0.000	153.028	0679.DSG_DECD_HMS_ 4_35_ 0__DMY_20_ 8_18.wav	0.1576	14.3181	25	3	2	2	
476	Spectrogram 1	1	3735.098658928	3735.231393884	0.000	169.137	0679.DSG_DECD_HMS_ 4_35_ 0__DMY_20_ 8_18.wav	0.1327	15.5211	25	3	2	2	
477	Spectrogram 1	1	3737.280489780	3737.438112541	0.000	230.348	0679.DSG_DECD_HMS_ 4_35_ 0__DMY_20_ 8_18.wav	0.1576	17.7029	25	3	2	2	
478	Spectrogram 1	1	3739.462306723	3739.661409158	0.000	230.348	0679.DSG_DECD_HMS_ 4_35_ 0__DMY_20_ 8_18.wav	0.1991	19.8847	25	3	2	2	
479	Spectrogram 1	1	3743.079334296	3743.311620470	0.000	183.634	0680.DSG_DECD_HMS_ 4_40_ 0__DMY_20_ 8_18.wav	0.2323	2.6121	25	3	2	2	
480	Spectrogram 1	1	3743.684937536	3743.842560298	0.000	115.979	0680.DSG_DECD_HMS_ 4_40_ 0__DMY_20_ 8_18.wav	0.1576	3.2177	25	3	2	2	
481	Spectrogram 1	1	3744.697041582	3744.788296865	0.000	120.812	0680.DSG_DECD_HMS_ 4_40_ 0__DMY_20_ 8_18.wav	0.0913	4.2298	25	3	2	2	
482	Spectrogram 1	1	3745.841871410	3746.065861650	0.000	436.534	0680.DSG_DECD_HMS_ 4_40_ 0__DMY_20_ 8_18.wav	0.2240	5.3747	25	1	2	2	
483	Spectrogram 1	1	3746.123933193	3746.240076281	0.000	103.093	0680.DSG_DECD_HMS_ 4_40_ 0__DMY_20_ 8_18.wav	0.1161	5.6567	25	3	2	2	
484	Spectrogram 1	1	3749.127055968	3749.268086860	0.000	177.191	0680.DSG_DECD_HMS_ 4_40_ 0__DMY_20_ 8_18.wav	0.1410	8.6599	25	3	2	2	
485	Spectrogram 1	1	3751.466509582	3751.632428278	0.000	122.423	0680.DSG_DECD_HMS_ 4_40_ 0__DMY_20_ 8_18.wav	0.1659	10.9993	25	3	2	2	
486	Spectrogram 1	1	3752.097000627	3752.287807127	0.000	141.753	0680.DSG_DECD_HMS_ 4_40_ 0__DMY_20_ 8_18.wav	0.1908	11.6298	25	3	2	2	
487	Spectrogram 1	1	3753.216951825	3753.357982716	0.000	103.093	0680.DSG_DECD_HMS_ 4_40_ 0__DMY_20_ 8_18.wav	0.1410	12.7498	25	3	2	2	
488	Spectrogram 1	1	3755.705717763	3755.838452720	0.000	151.418	0680.DSG_DECD_HMS_ 4_40_ 0__DMY_20_ 8_18.wav	0.1327	15.2385	25	3	2	2	
489	Spectrogram 1	1	3755.855044590	3755.962891742	0.000	104.704	0680.DSG_DECD_HMS_ 4_40_ 0__DMY_20_ 8_18.wav	0.1078	15.3878	25	3	2	2	
490	Spectrogram 1	1	3755.979483612	3756.145402308	0.000	106.314	0680.DSG_DECD_HMS_ 4_40_ 0__DMY_20_ 8_18.wav	0.1659	15.5123	25	3	2	2	
491	Spectrogram 1	1	3760.459288404	3760.650094904	0.000	133.698	0680.DSG_DECD_HMS_ 4_40_ 0__DMY_20_ 8_18.wav	0.1908	19.9921	25	3	2	2	
492	Spectrogram 1	1	3760.990228231	3761.214218471	0.000	153.028	0680.DSG_DECD_HMS_ 4_40_ 0__DMY_20_ 8_18.wav	0.2240	20.5230	25	3	2	2	
493	Spectrogram 1	1	3761.438208710	3761.629015211	0.000	148.196	0681.DSG_DECD_HMS_ 4_45_ 0__DMY_20_ 8_18.wav	0.1908	0.0814	25	3	2	2	
494	Spectrogram 1	1	3762.997830247	3763.163748943	0.000	143.363	0681.DSG_DECD_HMS_ 4_45_ 0__DMY_20_ 8_18.wav	0.1659	1.6410	25	3	2	2	
495	Spectrogram 1	1	3763.844015597	3764.043118032	0.000	215.851	0681.DSG_DECD_HMS_ 4_45_ 0__DMY_20_ 8_18.wav	0.1991	2.4872	25	1	2	2	
496	Spectrogram 1	1	3764.972262730	3765.096701752	0.000	112.758	0681.DSG_DECD_HMS_ 4_45_ 0__DMY_20_ 8_18.wav	0.1244	3.6155	25	3	2	2	
497	Spectrogram 1	1	3765.378763535	3765.528090361	0.000	136.920	0681.DSG_DECD_HMS_ 4_45_ 0__DMY_20_ 8_18.wav	0.1493	4.0220	25	3	2	2	
498	Spectrogram 1	1	3769.186597608	3769.385700044	0.000	156.250	0681.DSG_DECD_HMS_ 4_45_ 0__DMY_20_ 8_18.wav	0.1991	7.8298	25	3	2	2	
499	Spectrogram 1	1	3769.435475652	3769.617986218	0.000	196.521	0681.DSG_DECD_HMS_ 4_45_ 0__DMY_20_ 8_18.wav	0.1825	8.0787	25	3	2	2	
500	Spectrogram 1	1	3770.729630235	3770.820885518	0.000	129.808	0681.DSG_DECD_HMS_ 4_45_ 0__DMY_20_ 8_18.wav	0.0913	9.3728	25	3	2	2	
501	Spectrogram 1	1	3772.903165153	3773.243298480	0.000	503.356	0681.DSG_DECD_HMS_ 4_45_ 0__DMY_20_ 8_18.wav	0.3401	11.5464	25	1	2	2	
502	Spectrogram 1	1	3777.540581460	3777.706500156	0.000	147.436	0681.DSG_DECD_HMS_ 4_45_ 0__DMY_20_ 8_18.wav	0.1659	16.1838	25	3	2	2	
503	Spectrogram 1	1	3780.087433444	3780.195280596	0.000	197.115	0681.DSG_DECD_HMS_ 4_45_ 0__DMY_20_ 8_18.wav	0.1078	18.7306	25	3	2	2	
504	Spectrogram 1	1	3777.930490396	3778.046633483	0.000	89.744	0681.DSG_DECD_HMS_ 4_45_ 0__DMY_20_ 8_18.wav	0.1161	16.5737	25	3	2	2	
505	Spectrogram 1	1	3780.767700098	3780.950210663	0.000	120.192	0681.DSG_DECD_HMS_ 4_45_ 0__DMY_20_ 8_18.wav	0.1825	19.4109	25	3	2	2	
506	Spectrogram 1	1	3781.472854556	3781.638773252	0.000	155.449	0681.DSG_DECD_HMS_ 4_45_ 0__DMY_20_ 8_18.wav	0.1659	20.1161	25	3	2	2	
507	Spectrogram 1	1	3782.252672427	3782.401999253	0.000	134.615	0682.DSG_DECD_HMS_ 4_50_ 0__DMY_20_ 8_18.wav	0.1493	0.0063	25	3	2	2	
508	Spectrogram 1	1	3782.966122820	3783.123745581	0.000	131.410	0682.DSG_DECD_HMS_ 4_50_ 0__DMY_20_ 8_18.wav	0.1576	0.7197	25	3	2	2	
509	Spectrogram 1	1	3785.595919650	3785.786726150	0.000	248.397	0682.DSG_DECD_HMS_ 4_50_ 0__DMY_20_ 8_18.wav	0.1908	3.3495	25	1	2	2	
510	Spectrogram 1	1	3786.807126131	3786.989636697	0.000	285.256	0682.DSG_DECD_HMS_ 4_50_ 0__DMY_20_ 8_18.wav	0.1825	4.5607	25	1	2	2	
511	Spectrogram 1	1	3786.997932631	3787.130667588	0.000	118.590	0682.DSG_DECD_HMS_ 4_50_ 0__DMY_20_ 8_18.wav	0.1327	4.7515	25	3	2	2	
512	Spectrogram 1	1	3788.731783005	3788.823038287	0.000	108.974	0682.DSG_DECD_HMS_ 4_50_ 0__DMY_20_ 8_18.wav	0.0913	6.4854	25	3	2	2	
513	Spectrogram 1	1	3789.071916331	3789.237835027	0.000	99.359	0682.DSG_DECD_HMS_ 4_50_ 0__DMY_20_ 8_18.wav	0.1659	6.8255	25	3	2	2	
514	Spectrogram 1	1	3790.349490291	3790.523704922	0.000	304.111	0682.DSG_DECD_HMS_ 4_50_ 0__DMY_20_ 8_18.wav	0.1742	8.1031	25	1	2	2	
515	Spectrogram 1	1	3793.136911362	3793.344309732	0.000	532.051	0682.DSG_DECD_HMS_ 4_50_ 0__DMY_20_ 8_18.wav	0.2074	10.8905	25	1	2	2	
516	Spectrogram 1	1	3794.679955235	3794.870761735	0.000	136.218	0682.DSG_DECD_HMS_ 4_50_ 0__DMY_20_ 8_18.wav	0.1908	12.4336	25	3	2	2	
517	Spectrogram 1	1	3796.986225109	3797.110664131	0.000	110.577	0682.DSG_DECD_HMS_ 4_50_ 0__DMY_20_ 8_18.wav	0.1244	14.7398	25	3	2	2	
518	Spectrogram 1	1	3800.205035382	3800.354362208	0.000	139.423	0682.DSG_DECD_HMS_ 4_50_ 0__DMY_20_ 8_18.wav	0.1493	17.9586	25	3	2	2	
519	Spectrogram 1	1	3802.950989801	3803.125204432	0.000	147.436	0682.DSG_DECD_HMS_ 4_50_ 0__DMY_20_ 8_18.wav	0.1742	20.7046	25	3	2	2	
520	Spectrogram 1	1	3805.622268377	3805.846258616	0.000	379.808	0683.DSG_DECD_HMS_ 4_55_ 0__DMY_20_ 8_18.wav	0.2240	2.4863	25	1	2	2	
521	Spectrogram 1	1	3806.580448846	3806.762959412	0.000	128.205	0683.DSG_DECD_HMS_ 4_55_ 0__DMY_20_ 8_18.wav	0.1825	3.4444	25	3	2	2	
522	Spectrogram 1	1	3807.036725260	3807.194348021	0.000	144.231	0683.DSG_DECD_HMS_ 4_55_ 0__DMY_20_ 8_18.wav	0.1576	3.9007	25	3	2	2	
523	Spectrogram 1	1	3809.193668308	3809.342995135	0.000	110.577	0683.DSG_DECD_HMS_ 4_55_ 0__DMY_20_ 8_18.wav	0.1493	6.0577	25	3	2	2	
524	Spectrogram 1	1	3810.794771627	3810.993874062	0.000	198.718	0683.DSG_DECD_HMS_ 4_55_ 0__DMY_20_ 8_18.wav	0.1991	7.6588	25	1	2	2	
525	Spectrogram 1	1	3811.317415520	3811.491630150	0.000	177.885	0683.DSG_DECD_HMS_ 4_55_ 0__DMY_20_ 8_18.wav	0.1742	8.1814	25	3	2	2	
526	Spectrogram 1	1	3811.947906564	3812.130417130	0.000	201.923	0683.DSG_DECD_HMS_ 4_55_ 0__DMY_20_ 8_18.wav	0.1825	8.8119	25	1	2	2	
527	Spectrogram 1	1	3813.797892922	3813.972107553	0.000	128.205	0683.DSG_DECD_HMS_ 4_55_ 0__DMY_20_ 8_18.wav	0.1742	10.6619	25	3	2	2	
528	Spectrogram 1	1	3814.677262011	3814.834884772	0.000	174.679	0683.DSG_DECD_HMS_ 4_55_ 0__DMY_20_ 8_18.wav	0.1576	11.5413	25	3	2	2	
529	Spectrogram 1	1	3815.100354686	3815.233089643	0.000	88.141	0683.DSG_DECD_HMS_ 4_55_ 0__DMY_20_ 8_18.wav	0.1327	11.9644	25	3	2	2	
530	Spectrogram 1	1	3816.734653842	3816.875684733	0.000	105.769	0683.DSG_DECD_HMS_ 4_55_ 0__DMY_20_ 8_18.wav	0.1410	13.5987	25	3	2	2	
531	Spectrogram 1	1	3817.970748127	3818.111779018	0.000	97.756	0683.DSG_DECD_HMS_ 4_55_ 0__DMY_20_ 8_18.wav	0.1410	14.8347	25	3	2	2	
532	Spectrogram 1	1	3818.427024541	3818.592943237	0.000	104.167	0683.DSG_DECD_HMS_ 4_55_ 0__DMY_20_ 8_18.wav	0.1659	15.2910	25	3	2	2	
533	Spectrogram 1	1	3819.588455413	3819.812445653	0.000	363.782	0683.DSG_DECD_HMS_ 4_55_ 0__DMY_20_ 8_18.wav	0.2240	16.4525	25	1	2	2	
534	Spectrogram 1	1	3822.508609665	3822.666232426	0.000	128.205	0683.DSG_DECD_HMS_ 4_55_ 0__DMY_20_ 8_18.wav	0.1576	19.3726	25	3	2	2	
535	Spectrogram 1	1	3823.288427536	3823.446050298	0.000	232.372	0683.DSG_DECD_HMS_ 4_55_ 0__DMY_20_ 8_18.wav	0.1576	20.1524	25	3	2	2	
536	Spectrogram 1	1	3823.520713711	3823.686632407	0.000	200.321	0683.DSG_DECD_HMS_ 4_55_ 0__DMY_20_ 8_18.wav	0.1659	20.3847	25	3	2	2	
537	Spectrogram 1	1	3825.237972215	3825.470258389	1.603	504.808	0684.DSG_DECD_HMS_ 5_ 0_ 0__DMY_20_ 8_18.wav	0.2323	1.2124	25	1	2	2	
538	Spectrogram 1	1	3826.623393326	3826.772720153	0.000	118.590	0684.DSG_DECD_HMS_ 5_ 0_ 0__DMY_20_ 8_18.wav	0.1493	2.5978	25	3	2	2	
539	Spectrogram 1	1	3828.904762079	3829.137048253	0.000	142.628	0684.DSG_DECD_HMS_ 5_ 0_ 0__DMY_20_ 8_18.wav	0.2323	4.8792	25	3	2	2	
540	Spectrogram 1	1	3831.202736018	3831.376950649	0.000	131.410	0684.DSG_DECD_HMS_ 5_ 0_ 0__DMY_20_ 8_18.wav	0.1742	7.1771	25	3	2	2	
541	Spectrogram 1	1	3832.861922978	3833.077617283	0.000	121.795	0684.DSG_DECD_HMS_ 5_ 0_ 0__DMY_20_ 8_18.wav	0.2157	8.8363	25	3	2	2	
542	Spectrogram 1	1	3836.470643005	3836.644857635	0.000	153.846	0684.DSG_DECD_HMS_ 5_ 0_ 0__DMY_20_ 8_18.wav	0.1742	12.4450	25	3	2	2	
543	Spectrogram 1	1	3840.991927471	3841.207621776	0.000	152.244	0684.DSG_DECD_HMS_ 5_ 0_ 0__DMY_20_ 8_18.wav	0.2157	16.9663	25	3	2	2	
544	Spectrogram 1	1	3842.053792032	3842.211414793	0.000	118.590	0684.DSG_DECD_HMS_ 5_ 0_ 0__DMY_20_ 8_18.wav	0.1576	18.0282	25	3	2	2	
545	Spectrogram 1	1	3846.807358529	3846.964981290	0.000	112.179	0685.DSG_DECD_HMS_ 5_ 5_ 0__DMY_20_ 8_18.wav	0.1576	1.8922	25	3	2	2	
546	Spectrogram 1	1	3848.864750360	3849.038964991	0.000	534.815	0685.DSG_DECD_HMS_ 5_ 5_ 0__DMY_20_ 8_18.wav	0.1742	3.9496	25	1	2	2	
547	Spectrogram 1	1	3851.146132430	3851.287163321	0.000	88.141	0685.DSG_DECD_HMS_ 5_ 5_ 0__DMY_20_ 8_18.wav	0.1410	6.2309	25	3	2	2	
548	Spectrogram 1	1	3852.929748350	3853.170330459	0.000	131.410	0685.DSG_DECD_HMS_ 5_ 5_ 0__DMY_20_ 8_18.wav	0.2406	8.0145	25	3	2	2	
549	Spectrogram 1	1	3861.433061395	3861.582388222	0.000	107.372	0685.DSG_DECD_HMS_ 5_ 5_ 0__DMY_20_ 8_18.wav	0.1493	16.5179	25	3	2	2	
550	Spectrogram 1	1	3863.050768682	3863.241575182	0.000	310.897	0685.DSG_DECD_HMS_ 5_ 5_ 0__DMY_20_ 8_18.wav	0.1908	18.1356	25	1	2	2	
551	Spectrogram 1	1	3865.091568643	3865.240895469	0.000	448.718	0685.DSG_DECD_HMS_ 5_ 5_ 0__DMY_20_ 8_18.wav	0.1493	20.1764	25	1	2	2	
552	Spectrogram 1	1	3866.311071058	3866.460397885	0.000	136.218	0686.DSG_DECD_HMS_ 5_10_ 0__DMY_20_ 8_18.wav	0.1493	0.5063	25	3	2	2	
553	Spectrogram 1	1	3867.538869409	3867.721379974	0.000	344.551	0686.DSG_DECD_HMS_ 5_10_ 0__DMY_20_ 8_18.wav	0.1825	1.7341	25	1	2	2	
554	Spectrogram 1	1	3870.467320484	3870.649831049	0.000	125.000	0686.DSG_DECD_HMS_ 5_10_ 0__DMY_20_ 8_18.wav	0.1825	4.6625	25	3	2	2	
555	Spectrogram 1	1	3872.491528575	3872.599375727	0.000	116.987	0686.DSG_DECD_HMS_ 5_10_ 0__DMY_20_ 8_18.wav	0.1078	6.6867	25	3	2	2	
556	Spectrogram 1	1	3881.044615750	3881.235422250	0.000	373.397	0686.DSG_DECD_HMS_ 5_10_ 0__DMY_20_ 8_18.wav	0.1908	15.2398	25	1	2	2	
557	Spectrogram 1	1	3883.267926276	3883.491916516	0.000	104.167	0686.DSG_DECD_HMS_ 5_10_ 0__DMY_20_ 8_18.wav	0.2240	17.4631	25	3	2	2	
558	Spectrogram 1	1	3885.159399411	3885.333614042	0.000	123.397	0686.DSG_DECD_HMS_ 5_10_ 0__DMY_20_ 8_18.wav	0.1742	19.3546	25	3	2	2	
559	Spectrogram 1	1	3889.489866131	3889.664080761	0.000	137.821	0687.DSG_DECD_HMS_ 5_15_ 0__DMY_20_ 8_18.wav	0.1742	2.7955	25	3	2	2	
560	Spectrogram 1	1	3897.843855901	3898.018070532	0.000	173.077	0687.DSG_DECD_HMS_ 5_15_ 0__DMY_20_ 8_18.wav	0.1742	11.1495	25	3	2	2	
561	Spectrogram 1	1	3901.220301365	3901.361332257	0.000	112.179	0687.DSG_DECD_HMS_ 5_15_ 0__DMY_20_ 8_18.wav	0.1410	14.5259	25	3	2	2	
562	Spectrogram 1	1	3903.966255784	3904.098990741	0.000	96.154	0687.DSG_DECD_HMS_ 5_15_ 0__DMY_20_ 8_18.wav	0.1327	17.2719	25	3	2	2	
563	Spectrogram 1	1	3910.644463766	3910.818678397	0.000	149.038	0688.DSG_DECD_HMS_ 5_20_ 0__DMY_20_ 8_18.wav	0.1742	3.0605	25	3	2	2	
564	Spectrogram 1	1	3912.029884878	3912.228987313	0.000	119.547	0688.DSG_DECD_HMS_ 5_20_ 0__DMY_20_ 8_18.wav	0.1991	4.4459	25	3	2	2	
565	Spectrogram 1	1	3912.892662097	3913.075172662	0.000	125.000	0688.DSG_DECD_HMS_ 5_20_ 0__DMY_20_ 8_18.wav	0.1825	5.3087	25	3	2	2	
566	Spectrogram 1	1	3919.587462540	3919.753381236	0.000	102.564	0688.DSG_DECD_HMS_ 5_20_ 0__DMY_20_ 8_18.wav	0.1659	12.0035	25	3	2	2	
567	Spectrogram 1	1	3922.797989308	3922.963908004	0.000	123.397	0688.DSG_DECD_HMS_ 5_20_ 0__DMY_20_ 8_18.wav	0.1659	15.2140	25	3	2	2	
568	Spectrogram 1	1	3923.610990918	3923.834981158	0.000	429.487	0688.DSG_DECD_HMS_ 5_20_ 0__DMY_20_ 8_18.wav	0.2240	16.0270	25	1	2	2	
569	Spectrogram 1	1	3927.966341003	3928.099075960	0.000	121.644	0688.DSG_DECD_HMS_ 5_20_ 0__DMY_20_ 8_18.wav	0.1327	20.3823	25	3	2	2	
570	Spectrogram 1	1	3935.142313655	3935.349712025	0.000	146.812	0689.DSG_DECD_HMS_ 5_25_ 0__DMY_20_ 8_18.wav	0.2074	6.6687	25	3	2	2	
571	Spectrogram 1	1	3941.779049362	3941.936672123	0.000	112.179	0689.DSG_DECD_HMS_ 5_25_ 0__DMY_20_ 8_18.wav	0.1576	13.3054	25	3	2	2	
572	Spectrogram 1	1	3947.569602974	3947.735521670	0.000	240.385	0689.DSG_DECD_HMS_ 5_25_ 0__DMY_20_ 8_18.wav	0.1659	19.0960	25	1	2	2	
573	Spectrogram 1	1	3950.323844153	3950.481466915	0.000	181.090	0690.DSG_DECD_HMS_ 5_30_ 0__DMY_20_ 8_18.wav	0.1576	0.9606	25	3	2	2	
574	Spectrogram 1	1	3957.790185474	3957.956104170	0.000	163.462	0690.DSG_DECD_HMS_ 5_30_ 0__DMY_20_ 8_18.wav	0.1659	8.4270	25	3	2	2	
575	Spectrogram 1	1	3960.552712230	3960.726926860	0.000	166.667	0690.DSG_DECD_HMS_ 5_30_ 0__DMY_20_ 8_18.wav	0.1742	11.1895	25	3	2	2	
576	Spectrogram 1	1	3964.634312151	3964.816822717	0.000	407.051	0690.DSG_DECD_HMS_ 5_30_ 0__DMY_20_ 8_18.wav	0.1825	15.2711	25	1	2	2	
577	Spectrogram 1	1	3974.299052814	3974.456675575	0.000	131.410	0691.DSG_DECD_HMS_ 5_35_ 0__DMY_20_ 8_18.wav	0.1576	4.0463	25	3	2	2	
578	Spectrogram 1	1	3987.837994140	3988.037096576	0.000	91.346	0691.DSG_DECD_HMS_ 5_35_ 0__DMY_20_ 8_18.wav	0.1991	17.5852	25	3	2	2	
579	Spectrogram 1	1	3991.828338779	3991.944481867	0.000	99.359	0692.DSG_DECD_HMS_ 5_40_ 0__DMY_20_ 8_18.wav	0.1161	0.6859	25	3	2	2	
580	Spectrogram 1	1	3997.029874144	3997.195792840	0.000	185.897	0692.DSG_DECD_HMS_ 5_40_ 0__DMY_20_ 8_18.wav	0.1659	5.8875	25	3	2	2	
581	Spectrogram 1	1	4000.207217173	4000.348248064	0.000	81.731	0692.DSG_DECD_HMS_ 5_40_ 0__DMY_20_ 8_18.wav	0.1410	9.0648	25	3	2	2	
582	Spectrogram 1	1	4003.749567423	4003.932077988	0.000	115.385	0692.DSG_DECD_HMS_ 5_40_ 0__DMY_20_ 8_18.wav	0.1825	12.6072	25	3	2	2	
583	Spectrogram 1	1	4013.513863742	4013.712966177	0.000	174.679	0693.DSG_DECD_HMS_ 5_45_ 0__DMY_20_ 8_18.wav	0.1991	1.4819	25	3	2	2	
584	Spectrogram 1	1	4015.413632811	4015.604439312	0.000	213.141	0693.DSG_DECD_HMS_ 5_45_ 0__DMY_20_ 8_18.wav	0.1908	3.3816	25	3	2	2	
585	Spectrogram 1	1	4036.004104217	4036.153431043	0.000	185.897	0694.DSG_DECD_HMS_ 5_50_ 0__DMY_20_ 8_18.wav	0.1493	3.0825	25	3	2	2	
586	Spectrogram 1	1	4037.505668416	4037.654995242	0.000	102.564	0694.DSG_DECD_HMS_ 5_50_ 0__DMY_20_ 8_18.wav	0.1493	4.5841	25	3	2	2	
587	Spectrogram 1	1	4050.297978570	4050.455601331	0.000	139.423	0694.DSG_DECD_HMS_ 5_50_ 0__DMY_20_ 8_18.wav	0.1576	17.3764	25	3	2	2	
588	Spectrogram 1	1	4054.238547600	4054.421058165	0.000	225.962	0695.DSG_DECD_HMS_ 5_55_ 0__DMY_20_ 8_18.wav	0.1825	0.4273	25	3	2	2	
589	Spectrogram 1	1	4058.427976029	4058.602190660	0.000	116.987	0695.DSG_DECD_HMS_ 5_55_ 0__DMY_20_ 8_18.wav	0.1742	4.6168	25	3	2	2	
590	Spectrogram 1	1	4075.716671599	4075.865998425	0.000	208.333	0696.DSG_DECD_HMS_ 6_ 0_ 0__DMY_20_ 8_18.wav	0.1493	1.0159	25	3	2	2	
591	Spectrogram 1	1	4081.026063064	4081.191981760	0.000	115.385	0696.DSG_DECD_HMS_ 6_ 0_ 0__DMY_20_ 8_18.wav	0.1659	6.3253	25	3	2	2	
592	Spectrogram 1	1	4087.994627736	4088.152250497	0.000	112.179	0696.DSG_DECD_HMS_ 6_ 0_ 0__DMY_20_ 8_18.wav	0.1576	13.2938	25	3	2	2	
593	Spectrogram 1	1	4130.411594002	4130.544328959	0.000	123.397	0698.DSG_DECD_HMS_ 6_10_ 0__DMY_20_ 8_18.wav	0.1327	13.9316	25	3	2	2	
594	Spectrogram 1	1	4136.832628317	4136.973659209	0.000	157.299	0698.DSG_DECD_HMS_ 6_10_ 0__DMY_20_ 8_18.wav	0.1410	20.3526	25	3	2	2	
595	Spectrogram 1	1	4137.015138883	4137.172761644	0.000	113.782	0698.DSG_DECD_HMS_ 6_10_ 0__DMY_20_ 8_18.wav	0.1576	20.5351	25	3	2	2	
596	Spectrogram 1	1	4138.848540474	4139.014459170	0.000	208.333	0699.DSG_DECD_HMS_ 6_15_ 0__DMY_20_ 8_18.wav	0.1659	1.4789	25	3	2	2	
597	Spectrogram 1	1	4159.895239838	4160.102638208	0.000	302.013	0700.DSG_DECD_HMS_ 6_20_ 0__DMY_20_ 8_18.wav	0.2074	1.6360	25	1	2	2	
598	Spectrogram 1	1	4172.015551346	4172.214653781	0.000	125.000	0700.DSG_DECD_HMS_ 6_20_ 0__DMY_20_ 8_18.wav	0.1991	13.7564	25	3	2	2	
599	Spectrogram 1	1	4203.291110305	4203.481916806	0.000	377.517	0702.DSG_DECD_HMS_ 6_30_ 0__DMY_20_ 8_18.wav	0.1908	3.2527	25	1	2	2	
600	Spectrogram 1	1	4231.381022763	4231.538645524	0.000	112.179	0703.DSG_DECD_HMS_ 6_35_ 0__DMY_20_ 8_18.wav	0.1576	10.4530	25	3	2	2	
601	Spectrogram 1	1	4405.246552507	4405.512022420	0.000	500.000	0711.DSG_DECD_HMS_ 7_15_ 0__DMY_20_ 8_18.wav	0.2655	17.2018	25	1	2	2	
602	Spectrogram 1	1	4622.823179176	4622.955914132	0.000	136.218	0722.DSG_DECD_HMS_ 8_10_ 0__DMY_20_ 8_18.wav	0.1327	4.1736	25	3	2	2	
603	Spectrogram 1	1	4656.811487975	4656.960814801	0.000	131.410	0723.DSG_DECD_HMS_ 8_15_ 0__DMY_20_ 8_18.wav	0.1493	17.2723	25	3	2	2	
604	Spectrogram 1	1	4662.618613504	4662.917267157	0.000	416.667	0724.DSG_DECD_HMS_ 8_20_ 0__DMY_20_ 8_18.wav	0.2987	2.1898	25	3	2	2	
605	Spectrogram 1	1	4667.023734774	4667.222837209	0.000	483.974	0724.DSG_DECD_HMS_ 8_20_ 0__DMY_20_ 8_18.wav	0.1991	6.5949	25	1	2	2	
606	Spectrogram 1	1	4674.548118511	4674.689149403	0.000	546.474	0724.DSG_DECD_HMS_ 8_20_ 0__DMY_20_ 8_18.wav	0.1410	14.1193	25	1	2	2	
607	Spectrogram 1	1	4678.389136324	4678.579942824	0.000	368.590	0724.DSG_DECD_HMS_ 8_20_ 0__DMY_20_ 8_18.wav	0.1908	17.9603	25	1	2	2	
608	Spectrogram 1	1	4914.291383850	4914.490486285	0.000	163.591	0736.DSG_DECD_HMS_ 9_20_ 0__DMY_20_ 8_18.wav	0.1991	3.1874	25	3	2	2	
609	Spectrogram 1	1	4930.219518933	4930.393733564	0.000	151.007	0736.DSG_DECD_HMS_ 9_20_ 0__DMY_20_ 8_18.wav	0.1742	19.1155	25	3	2	2	
610	Spectrogram 1	1	4931.488796958	4931.671307524	0.000	146.812	0736.DSG_DECD_HMS_ 9_20_ 0__DMY_20_ 8_18.wav	0.1825	20.3848	25	3	2	2	
611	Spectrogram 1	1	4960.209210802	4960.391721368	0.000	144.231	0738.DSG_DECD_HMS_ 9_30_ 0__DMY_20_ 8_18.wav	0.1825	7.3260	25	3	2	2	
612	Spectrogram 1	1	4965.103812335	4965.311210705	0.000	113.255	0738.DSG_DECD_HMS_ 9_30_ 0__DMY_20_ 8_18.wav	0.2074	12.2206	25	3	2	2	
613	Spectrogram 1	1	4967.667232162	4967.849742728	0.000	138.423	0738.DSG_DECD_HMS_ 9_30_ 0__DMY_20_ 8_18.wav	0.1825	14.7840	25	3	2	2	
614	Spectrogram 1	1	4989.518640963	4989.659671855	0.000	125.000	0739.DSG_DECD_HMS_ 9_35_ 0__DMY_20_ 8_18.wav	0.1410	15.7458	25	3	2	2	
615	Spectrogram 1	1	4990.082764529	4990.232091356	0.000	130.034	0739.DSG_DECD_HMS_ 9_35_ 0__DMY_20_ 8_18.wav	0.1493	16.3100	25	3	2	2	
616	Spectrogram 1	1	4992.978045775	4993.143964471	0.000	111.158	0739.DSG_DECD_HMS_ 9_35_ 0__DMY_20_ 8_18.wav	0.1659	19.2052	25	3	2	2	
617	Spectrogram 1	1	4997.333380572	4997.499299268	0.000	195.513	0740.DSG_DECD_HMS_ 9_40_ 0__DMY_20_ 8_18.wav	0.1659	2.6710	25	1	2	2	
618	Spectrogram 1	1	4997.723289508	4997.872616334	0.000	227.564	0740.DSG_DECD_HMS_ 9_40_ 0__DMY_20_ 8_18.wav	0.1493	3.0609	25	1	2	2	
619	Spectrogram 1	1	4998.071718770	4998.196157792	0.000	160.256	0740.DSG_DECD_HMS_ 9_40_ 0__DMY_20_ 8_18.wav	0.1244	3.4093	25	3	2	2	
620	Spectrogram 1	1	5056.300663224	5056.491469725	0.000	99.359	0742.DSG_DECD_HMS_ 9_50_ 0__DMY_20_ 8_18.wav	0.1908	19.8591	25	3	2	2	
621	Spectrogram 1	1	5082.971979989	5083.137898685	0.000	192.308	0744.DSG_DECD_HMS_10_ 0_ 0__DMY_20_ 8_18.wav	0.1659	4.7512	25	3	2	2	
622	Spectrogram 1	1	5098.053949535	5098.228164166	0.000	206.731	0744.DSG_DECD_HMS_10_ 0_ 0__DMY_20_ 8_18.wav	0.1742	19.8331	25	3	2	2	
623	Spectrogram 1	1	5114.139683440	5114.347081810	0.000	126.603	0745.DSG_DECD_HMS_10_ 5_ 0__DMY_20_ 8_18.wav	0.2074	15.0293	25	3	2	2	
624	Spectrogram 1	1	5191.615113480	5191.772736241	0.000	105.769	0749.DSG_DECD_HMS_10_25_ 0__DMY_20_ 8_18.wav	0.1576	8.9463	25	3	2	2	
