Selection	View	Channel	Begin Time (s)	End Time (s)	Low Freq (Hz)	High Freq (Hz)	Begin File	Delta Time (s)	File Offset (s)	call variant	level	call cutoff @ end	calls overlap	Notes
1	Spectrogram 1	1	174.326679505	175.948700383	49.602	372.873	5517.DSG_RAWD_HMS_ 4_20_ 0__DMY_21_ 3_12.wav	1.6220	0.1096	9	2	2	2	
2	Spectrogram 1	1	248.158102907	249.389480013	47.892	282.221	5523.DSG_RAWD_HMS_ 5_20_ 0__DMY_21_ 3_12.wav	1.2314	8.8132	9	3	2	2	
3	Spectrogram 1	1	493.139561902	494.812536315	47.892	357.479	5546.DSG_RAWD_HMS_ 9_10_ 0__DMY_21_ 3_12.wav	1.6730	3.8665	9	2	2	2	
4	Spectrogram 1	1	566.631262382	568.482574169	46.182	316.429	5553.DSG_RAWD_HMS_10_20_ 0__DMY_21_ 3_12.wav	1.8513	1.3756	19	3	2	2	
5	Spectrogram 1	1	570.996281917	572.796640169	54.734	336.954	5553.DSG_RAWD_HMS_10_20_ 0__DMY_21_ 3_12.wav	1.8004	5.7407	9	2	2	2	
6	Spectrogram 1	1	580.142396833	581.305835892	53.023	354.059	5554.DSG_RAWD_HMS_10_30_ 0__DMY_21_ 3_12.wav	1.1634	3.7608	9	2	2	2	
7	Spectrogram 1	1	713.890695756	715.045642559	64.996	229.197	5566.DSG_RAWD_HMS_12_30_ 0__DMY_21_ 3_12.wav	1.1549	7.2533	9	3	2	2	
8	Spectrogram 1	1	743.885253863	745.006231642	64.996	302.746	5569.DSG_RAWD_HMS_13_ 0_ 0__DMY_21_ 3_12.wav	1.1210	4.6840	19	3	2	2	
9	Spectrogram 1	1	758.619276611	759.791207926	51.313	309.587	5570.DSG_RAWD_HMS_13_10_ 0__DMY_21_ 3_12.wav	1.1719	8.5633	9	3	2	2	
10	Spectrogram 1	1	761.115991555	771.119869012	58.155	309.587	5571.DSG_RAWD_HMS_13_20_ 0__DMY_21_ 3_12.wav	10.0039	0.2054	10	2	2	2	
11	Spectrogram 1	1	910.723633796	912.022948949	47.892	318.140	5584.DSG_RAWD_HMS_15_30_ 0__DMY_21_ 3_12.wav	1.2993	8.4314	9	3	2	2	
12	Spectrogram 1	1	919.733891947	921.262498010	61.575	254.854	5585.DSG_RAWD_HMS_15_40_ 0__DMY_21_ 3_12.wav	1.5286	6.5869	17	3	2	2	
13	Spectrogram 1	1	934.884033771	937.278849937	42.761	162.491	5587.DSG_RAWD_HMS_16_ 0_ 0__DMY_21_ 3_12.wav	2.3948	0.0278	2	2	1	2	
14	Spectrogram 1	1	1003.433319487	1004.732634641	47.892	229.197	5593.DSG_RAWD_HMS_17_ 0_ 0__DMY_21_ 3_12.wav	1.2993	3.1779	9	3	2	2	
15	Spectrogram 1	1	1183.502275670	1185.217711363	35.919	424.186	5609.DSG_RAWD_HMS_19_40_ 0__DMY_21_ 3_12.wav	1.7154	9.0297	9	2	2	2	
16	Spectrogram 1	1	1200.376312576	1206.516213596	47.892	261.695	5611.DSG_RAWD_HMS_20_ 0_ 0__DMY_21_ 3_12.wav	6.1399	4.1945	10	3	2	2	
17	Spectrogram 1	1	1215.934061372	1217.224884269	46.182	263.406	5612.DSG_RAWD_HMS_20_10_ 0__DMY_21_ 3_12.wav	1.2908	8.8976	9	3	2	2	
18	Spectrogram 1	1	1272.245934644	1278.063129940	41.050	287.352	5618.DSG_RAWD_HMS_21_10_ 0__DMY_21_ 3_12.wav	5.8172	0.0816	10	3	2	2	
19	Spectrogram 1	1	1294.792769959	1296.024147065	51.313	311.298	5620.DSG_RAWD_HMS_21_30_ 0__DMY_21_ 3_12.wav	1.2314	0.9192	9	2	2	2	
20	Spectrogram 1	1	1313.968198612	1315.547758210	46.182	294.194	5621.DSG_RAWD_HMS_21_40_ 0__DMY_21_ 3_12.wav	1.5796	9.2400	17	3	1	2	
21	Spectrogram 1	1	1342.502038303	1344.208981740	39.340	294.194	5624.DSG_RAWD_HMS_22_10_ 0__DMY_21_ 3_12.wav	1.7069	5.2099	17	3	2	2	
22	Spectrogram 1	1	1374.933825561	1376.216156203	39.340	354.059	5627.DSG_RAWD_HMS_22_40_ 0__DMY_21_ 3_12.wav	1.2823	5.0777	9	2	2	2	
23	Spectrogram 1	1	1679.568343318	1681.190364196	59.865	242.881	5655.DSG_RAWD_HMS_ 3_20_ 0__DMY_22_ 3_12.wav	1.6220	5.5109	17	3	2	2	
24	Spectrogram 1	1	2015.894232661	2021.651982166	30.788	362.611	5688.DSG_RAWD_HMS_ 8_50_ 0__DMY_22_ 3_12.wav	5.7577	5.0714	10	2	1	2	
25	Spectrogram 1	1	2029.176068551	2031.171748689	34.209	283.931	5689.DSG_RAWD_HMS_ 9_ 0_ 0__DMY_22_ 3_12.wav	1.9957	7.4986	17	3	2	2	
26	Spectrogram 1	1	2094.676536586	2096.128712346	54.734	347.217	5696.DSG_RAWD_HMS_10_10_ 0__DMY_22_ 3_12.wav	1.4522	7.8712	19	3	2	2	
27	Spectrogram 1	1	2130.250416973	2131.592193406	44.471	283.931	5700.DSG_RAWD_HMS_10_50_ 0__DMY_22_ 3_12.wav	1.3418	0.0265	17	3	1	2	
28	Spectrogram 1	1	2135.974197453	2136.976283650	68.417	277.089	5700.DSG_RAWD_HMS_10_50_ 0__DMY_22_ 3_12.wav	1.0021	5.7503	19	3	2	2	
29	Spectrogram 1	1	2188.693845838	2189.814823617	44.471	258.275	5705.DSG_RAWD_HMS_11_40_ 0__DMY_22_ 3_12.wav	1.1210	4.1967	9	3	2	2	
30	Spectrogram 1	1	2235.638812614	2237.175910933	63.286	270.248	5709.DSG_RAWD_HMS_12_20_ 0__DMY_22_ 3_12.wav	1.5371	7.7231	17	3	2	2	
31	Spectrogram 1	1	2284.520020414	2285.997672941	47.892	343.796	5714.DSG_RAWD_HMS_13_10_ 0__DMY_22_ 3_12.wav	1.4777	1.7883	9	2	2	2	
32	Spectrogram 1	1	2316.212982474	2317.758573049	37.629	331.823	5717.DSG_RAWD_HMS_13_40_ 0__DMY_22_ 3_12.wav	1.5456	0.9174	9	2	2	2	
34	Spectrogram 1	1	2352.941822439	2355.650852073	54.734	256.564	5720.DSG_RAWD_HMS_14_10_ 0__DMY_22_ 3_12.wav	2.7090	5.0823	17	3	2	2	
35	Spectrogram 1	1	2536.152877147	2537.511638092	34.209	271.958	5737.DSG_RAWD_HMS_17_ 0_ 0__DMY_22_ 3_12.wav	1.3588	3.7644	9	3	2	2	
36	Spectrogram 1	1	2567.336309707	2571.285208703	51.313	165.912	5740.DSG_RAWD_HMS_17_30_ 0__DMY_22_ 3_12.wav	3.9489	2.3839	2	3	2	2	
