Selection	View	Channel	Begin Time (s)	End Time (s)	Low Freq (Hz)	High Freq (Hz)	Begin File	Delta Time (s)	File Offset (s)	call variant	level	call cutoff @ end	calls overlap	Notes
1	Spectrogram 1	1	1.828793606	3.101364272	35.919	263.406	4001.DSG_RAWD_HMS_14_40_ 0__DMY_10_ 3_12.wav	1.2726	1.8288	9	3	2	2	
2	Spectrogram 1	1	6.860082929	8.301206001	47.892	280.510	4001.DSG_RAWD_HMS_14_40_ 0__DMY_10_ 3_12.wav	1.4411	6.8601	15	3	2	2	
3	Spectrogram 1	1	8.452878569	9.927712122	47.892	278.800	4001.DSG_RAWD_HMS_14_40_ 0__DMY_10_ 3_12.wav	1.4748	8.4529	15	3	2	2	
4	Spectrogram 1	1	11.748052239	13.231313412	51.313	295.904	4002.DSG_RAWD_HMS_14_50_ 0__DMY_10_ 3_12.wav	1.4833	0.8934	15	3	2	2	
5	Spectrogram 1	1	16.602325833	20.377899729	35.919	259.985	4002.DSG_RAWD_HMS_14_50_ 0__DMY_10_ 3_12.wav	3.7756	5.7477	10	3	2	2	
6	Spectrogram 1	1	23.386536761	30.558441641	37.629	352.348	4003.DSG_RAWD_HMS_15_ 0_ 0__DMY_10_ 3_12.wav	7.1719	1.6772	10	2	2	2	
7	Spectrogram 1	1	36.659987489	38.396077272	56.444	331.823	4004.DSG_RAWD_HMS_15_10_ 0__DMY_10_ 3_12.wav	1.7361	4.0961	15	3	2	2	
8	Spectrogram 1	1	38.598323306	40.528248356	56.444	340.375	4004.DSG_RAWD_HMS_15_10_ 0__DMY_10_ 3_12.wav	1.9299	6.0344	15	3	2	2	
9	Spectrogram 1	1	45.230836585	46.933215887	56.444	326.692	4005.DSG_RAWD_HMS_15_20_ 0__DMY_10_ 3_12.wav	1.7024	1.8122	15	3	2	2	
10	Spectrogram 1	1	49.410920009	50.860470702	49.602	323.271	4005.DSG_RAWD_HMS_15_20_ 0__DMY_10_ 3_12.wav	1.4496	5.9923	15	3	2	2	
11	Spectrogram 1	1	50.944746905	52.562850004	51.313	318.140	4005.DSG_RAWD_HMS_15_20_ 0__DMY_10_ 3_12.wav	1.6181	7.5262	15	3	2	2	
12	Spectrogram 1	1	57.206446948	58.934109110	54.734	347.217	4006.DSG_RAWD_HMS_15_30_ 0__DMY_10_ 3_12.wav	1.7277	2.9332	15	3	2	2	
13	Spectrogram 1	1	77.845604088	82.371236192	46.182	278.800	4008.DSG_RAWD_HMS_15_50_ 0__DMY_10_ 3_12.wav	4.5256	1.8631	17	3	2	2	
14	Spectrogram 1	1	86.896831747	88.565500568	58.155	319.850	4009.DSG_RAWD_HMS_16_ 0_ 0__DMY_10_ 3_12.wav	1.6687	0.0597	15	3	2	2	
15	Spectrogram 1	1	95.543548337	97.557749590	54.594	337.799	4009.DSG_RAWD_HMS_16_ 0_ 0__DMY_10_ 3_12.wav	2.0142	8.7064	15	3	2	2	
16	Spectrogram 1	1	100.903493975	102.209775122	40.945	319.032	4010.DSG_RAWD_HMS_16_10_ 0__DMY_10_ 3_12.wav	1.3063	3.2117	9	3	2	2	
17	Spectrogram 1	1	117.067567545	118.997492595	42.651	317.326	4012.DSG_RAWD_HMS_16_30_ 0__DMY_10_ 3_12.wav	1.9299	8.5211	15	3	2	2	
18	Spectrogram 1	1	119.410445990	120.859996683	56.300	319.032	4013.DSG_RAWD_HMS_16_40_ 0__DMY_10_ 3_12.wav	1.4496	0.0093	15	3	2	2	
19	Spectrogram 1	1	126.557034275	128.166709753	44.357	332.680	4013.DSG_RAWD_HMS_16_40_ 0__DMY_10_ 3_12.wav	1.6097	7.1560	15	3	2	2	
20	Spectrogram 1	1	130.648617871	132.115023804	59.712	317.326	4014.DSG_RAWD_HMS_16_50_ 0__DMY_10_ 3_12.wav	1.4664	0.3929	15	3	2	2	
21	Spectrogram 1	1	132.418418135	134.137652678	58.006	320.738	4014.DSG_RAWD_HMS_16_50_ 0__DMY_10_ 3_12.wav	1.7192	2.1627	15	3	2	2	
22	Spectrogram 1	1	141.992154381	143.601829859	39.239	322.444	4015.DSG_RAWD_HMS_17_ 0_ 0__DMY_10_ 3_12.wav	1.6097	0.8818	9	2	2	2	
23	Spectrogram 1	1	143.669250822	145.329492022	39.239	313.914	4015.DSG_RAWD_HMS_17_ 0_ 0__DMY_10_ 3_12.wav	1.6602	2.5589	15	3	2	2	
24	Spectrogram 1	1	145.995262832	150.057375819	37.533	407.747	4015.DSG_RAWD_HMS_17_ 0_ 0__DMY_10_ 3_12.wav	4.0621	4.8849	17	3	2	2	
25	Spectrogram 1	1	169.314390400	170.806079194	39.239	320.738	4017.DSG_RAWD_HMS_17_20_ 0__DMY_10_ 3_12.wav	1.4917	6.4947	9	2	2	2	
26	Spectrogram 1	1	171.278020607	173.191090416	40.945	344.623	4017.DSG_RAWD_HMS_17_20_ 0__DMY_10_ 3_12.wav	1.9131	8.4583	15	3	2	2	
27	Spectrogram 1	1	173.747297805	175.188420877	61.418	317.326	4018.DSG_RAWD_HMS_17_30_ 0__DMY_10_ 3_12.wav	1.4411	0.0730	15	3	2	2	
28	Spectrogram 1	1	184.720026949	186.388695769	58.006	351.447	4019.DSG_RAWD_HMS_17_40_ 0__DMY_10_ 3_12.wav	1.6687	0.1911	15	3	2	2	
29	Spectrogram 1	1	202.350557406	203.572562350	37.533	284.911	4020.DSG_RAWD_HMS_17_50_ 0__DMY_10_ 3_12.wav	1.2220	6.9669	9	3	2	2	
30	Spectrogram 1	1	223.116140560	224.178020719	44.357	319.032	4022.DSG_RAWD_HMS_18_10_ 0__DMY_10_ 3_12.wav	1.0619	6.0233	9	3	2	2	
31	Spectrogram 1	1	226.015241945	227.818752691	30.709	339.505	4022.DSG_RAWD_HMS_18_10_ 0__DMY_10_ 3_12.wav	1.8035	8.9224	15	3	2	2	
32	Spectrogram 1	1	229.251434044	231.088655270	47.769	307.090	4023.DSG_RAWD_HMS_18_20_ 0__DMY_10_ 3_12.wav	1.8372	1.3039	15	3	2	2	
33	Spectrogram 1	1	245.238572732	247.092649199	59.712	346.329	4024.DSG_RAWD_HMS_18_30_ 0__DMY_10_ 3_12.wav	1.8541	6.4364	15	3	2	2	
34	Spectrogram 1	1	247.252773985	248.828738982	54.594	348.035	4024.DSG_RAWD_HMS_18_30_ 0__DMY_10_ 3_12.wav	1.5760	8.4506	9	2	2	2	
35	Spectrogram 1	1	251.871092213	253.548188654	52.888	366.801	4025.DSG_RAWD_HMS_18_40_ 0__DMY_10_ 3_12.wav	1.6771	2.2143	15	3	2	2	
36	Spectrogram 1	1	253.649320098	255.250567956	46.063	366.801	4025.DSG_RAWD_HMS_18_40_ 0__DMY_10_ 3_12.wav	1.6012	3.9925	15	3	2	2	
37	Spectrogram 1	1	260.669496710	262.093764541	56.300	319.032	4026.DSG_RAWD_HMS_18_50_ 0__DMY_10_ 3_12.wav	1.4243	0.1580	15	3	2	2	
38	Spectrogram 1	1	262.523573177	264.268090580	47.769	317.326	4026.DSG_RAWD_HMS_18_50_ 0__DMY_10_ 3_12.wav	1.7445	2.0121	15	3	2	2	
39	Spectrogram 1	1	265.877739131	271.321981848	51.182	284.911	4026.DSG_RAWD_HMS_18_50_ 0__DMY_10_ 3_12.wav	5.4442	5.3663	10	3	1	2	
40	Spectrogram 1	1	273.327726254	279.816993889	40.945	325.856	4027.DSG_RAWD_HMS_19_ 0_ 0__DMY_10_ 3_12.wav	6.4893	1.9616	10	2	2	2	
41	Spectrogram 1	1	279.892810280	281.392926694	58.006	322.444	4027.DSG_RAWD_HMS_19_ 0_ 0__DMY_10_ 3_12.wav	1.5001	8.5267	15	3	2	2	
42	Spectrogram 1	1	283.550397492	285.126362490	51.182	325.856	4028.DSG_RAWD_HMS_19_10_ 0__DMY_10_ 3_12.wav	1.5760	1.3297	15	3	2	2	
43	Spectrogram 1	1	289.121022262	290.688559638	54.594	349.741	4028.DSG_RAWD_HMS_19_10_ 0__DMY_10_ 3_12.wav	1.5675	6.9003	9	2	2	2	
44	Spectrogram 1	1	294.202846505	295.930508668	54.594	385.568	4029.DSG_RAWD_HMS_19_20_ 0__DMY_10_ 3_12.wav	1.7277	1.1275	15	3	2	2	
45	Spectrogram 1	1	296.259185860	298.138545188	63.124	375.332	4029.DSG_RAWD_HMS_19_20_ 0__DMY_10_ 3_12.wav	1.8794	3.1838	15	3	2	2	
46	Spectrogram 1	1	325.772665369	327.340202746	46.063	291.735	4032.DSG_RAWD_HMS_19_50_ 0__DMY_10_ 3_12.wav	1.5675	0.1334	9	2	2	2	
47	Spectrogram 1	1	330.281429858	331.907960577	59.712	305.384	4032.DSG_RAWD_HMS_19_50_ 0__DMY_10_ 3_12.wav	1.6265	4.6421	15	3	2	2	
48	Spectrogram 1	1	337.015076305	338.591041302	56.300	330.974	4033.DSG_RAWD_HMS_20_ 0_ 0__DMY_10_ 3_12.wav	1.5760	0.5211	15	3	2	2	
49	Spectrogram 1	1	338.717448829	340.377690030	47.769	327.562	4033.DSG_RAWD_HMS_20_ 0_ 0__DMY_10_ 3_12.wav	1.6602	2.2235	15	3	2	2	
50	Spectrogram 1	1	349.909297614	351.409414028	47.769	305.384	4034.DSG_RAWD_HMS_20_10_ 0__DMY_10_ 3_12.wav	1.5001	2.5607	15	3	2	2	
51	Spectrogram 1	1	351.493690231	353.019089507	46.063	305.384	4034.DSG_RAWD_HMS_20_10_ 0__DMY_10_ 3_12.wav	1.5254	4.1451	15	3	2	2	
52	Spectrogram 1	1	353.128648571	354.527633541	44.357	310.502	4034.DSG_RAWD_HMS_20_10_ 0__DMY_10_ 3_12.wav	1.3990	5.7800	15	3	2	2	
53	Spectrogram 1	1	354.637180988	356.053021199	49.476	300.265	4034.DSG_RAWD_HMS_20_10_ 0__DMY_10_ 3_12.wav	1.4158	7.2886	15	3	2	2	
54	Spectrogram 1	1	356.137297402	357.780683361	47.769	305.384	4034.DSG_RAWD_HMS_20_10_ 0__DMY_10_ 3_12.wav	1.6434	8.7887	15	3	2	2	
55	Spectrogram 1	1	371.981172476	373.750972740	46.063	319.032	4036.DSG_RAWD_HMS_20_30_ 0__DMY_10_ 3_12.wav	1.7698	2.9233	15	3	2	2	
56	Spectrogram 1	1	390.833703157	392.156839545	64.830	334.386	4038.DSG_RAWD_HMS_20_50_ 0__DMY_10_ 3_12.wav	1.3231	0.0665	15	3	2	2	
57	Spectrogram 1	1	417.793579885	419.192564856	39.239	308.796	4040.DSG_RAWD_HMS_21_10_ 0__DMY_10_ 3_12.wav	1.3990	5.3171	9	2	2	2	
58	Spectrogram 1	1	424.358678676	425.884077952	56.300	332.680	4041.DSG_RAWD_HMS_21_20_ 0__DMY_10_ 3_12.wav	1.5254	1.0276	15	3	2	2	
59	Spectrogram 1	1	431.901372709	433.106522413	51.182	254.202	4041.DSG_RAWD_HMS_21_20_ 0__DMY_10_ 3_12.wav	1.2051	8.5702	9	3	2	2	
60	Spectrogram 1	1	435.887626948	437.556295769	49.476	288.323	4042.DSG_RAWD_HMS_21_30_ 0__DMY_10_ 3_12.wav	1.6687	1.7019	19	3	2	2	
61	Spectrogram 1	1	439.435644659	442.090345055	59.712	312.208	4042.DSG_RAWD_HMS_21_30_ 0__DMY_10_ 3_12.wav	2.6547	5.2499	17	3	2	2	
62	Spectrogram 1	1	445.132702915	447.130048928	51.182	303.677	4043.DSG_RAWD_HMS_21_40_ 0__DMY_10_ 3_12.wav	1.9973	0.0923	9	3	2	2	
63	Spectrogram 1	1	448.200348477	450.138701147	52.888	320.738	4043.DSG_RAWD_HMS_21_40_ 0__DMY_10_ 3_12.wav	1.9384	3.1599	15	3	2	2	
64	Spectrogram 1	1	464.726862036	465.889873638	32.415	257.614	4044.DSG_RAWD_HMS_21_50_ 0__DMY_10_ 3_12.wav	1.1630	8.8318	9	2	2	2	
65	Spectrogram 1	1	466.774773770	468.131620639	46.063	313.914	4045.DSG_RAWD_HMS_22_ 0_ 0__DMY_10_ 3_12.wav	1.3568	0.0250	15	3	2	2	
66	Spectrogram 1	1	469.623309433	471.098142987	46.063	349.741	4045.DSG_RAWD_HMS_22_ 0_ 0__DMY_10_ 3_12.wav	1.4748	2.8736	9	1	2	2	
67	Spectrogram 1	1	478.270005480	479.744839033	46.063	319.032	4046.DSG_RAWD_HMS_22_10_ 0__DMY_10_ 3_12.wav	1.4748	0.6656	15	3	2	2	
68	Spectrogram 1	1	479.845970477	481.506211677	44.357	317.326	4046.DSG_RAWD_HMS_22_10_ 0__DMY_10_ 3_12.wav	1.6602	2.2416	15	3	2	2	
69	Spectrogram 1	1	527.748401035	528.894557397	44.357	290.029	4050.DSG_RAWD_HMS_22_50_ 0__DMY_10_ 3_12.wav	1.1462	6.7255	9	3	2	2	
70	Spectrogram 1	1	533.639278130	535.130966924	56.300	232.023	4051.DSG_RAWD_HMS_23_ 0_ 0__DMY_10_ 3_12.wav	1.4917	1.7617	19	3	2	2	
71	Spectrogram 1	1	535.240525988	536.521524274	46.063	298.559	4051.DSG_RAWD_HMS_23_ 0_ 0__DMY_10_ 3_12.wav	1.2810	3.3629	9	3	2	2	
72	Spectrogram 1	1	540.330808652	541.594951698	30.709	283.205	4051.DSG_RAWD_HMS_23_ 0_ 0__DMY_10_ 3_12.wav	1.2641	8.4532	9	3	2	2	
73	Spectrogram 1	1	548.842636299	551.396205251	59.712	319.032	4052.DSG_RAWD_HMS_23_10_ 0__DMY_10_ 3_12.wav	2.5536	6.1104	19	3	2	2	
74	Spectrogram 1	1	557.076386392	558.112983689	27.297	365.095	4053.DSG_RAWD_HMS_23_20_ 0__DMY_10_ 3_12.wav	1.0366	3.4895	9	2	2	2	
75	Spectrogram 1	1	563.127385518	564.408383805	51.182	324.150	4053.DSG_RAWD_HMS_23_20_ 0__DMY_10_ 3_12.wav	1.2810	9.5405	9	3	1	2	
76	Spectrogram 1	1	570.172839188	572.237606163	54.594	383.862	4054.DSG_RAWD_HMS_23_30_ 0__DMY_10_ 3_12.wav	2.0648	5.7314	19	3	2	2	
77	Spectrogram 1	1	717.777182876	719.361575493	42.651	283.205	4069.DSG_RAWD_HMS_ 3_ 0_ 0__DMY_11_ 3_12.wav	1.5844	1.3707	15	3	2	2	
78	Spectrogram 1	1	729.702225914	731.025362302	46.063	325.856	4070.DSG_RAWD_HMS_ 3_10_ 0__DMY_11_ 3_12.wav	1.3231	2.4410	19	3	2	2	
79	Spectrogram 1	1	733.334519616	736.275759102	47.769	332.680	4070.DSG_RAWD_HMS_ 3_10_ 0__DMY_11_ 3_12.wav	2.9412	6.0733	17	3	2	2	
80	Spectrogram 1	1	736.486440897	737.910708728	40.945	300.265	4070.DSG_RAWD_HMS_ 3_10_ 0__DMY_11_ 3_12.wav	1.4243	9.2253	19	3	2	2	
81	Spectrogram 1	1	741.420797091	743.022044949	46.063	344.623	4071.DSG_RAWD_HMS_ 3_20_ 0__DMY_11_ 3_12.wav	1.6012	3.3050	15	3	2	2	
82	Spectrogram 1	1	754.003192576	755.183059419	46.063	259.320	4072.DSG_RAWD_HMS_ 3_30_ 0__DMY_11_ 3_12.wav	1.1799	5.0327	19	3	2	2	
83	Spectrogram 1	1	755.233625140	755.570729953	56.300	242.260	4072.DSG_RAWD_HMS_ 3_30_ 0__DMY_11_ 3_12.wav	0.3371	6.2632	18	3	2	2	
84	Spectrogram 1	1	756.076387171	756.472485325	71.654	230.317	4072.DSG_RAWD_HMS_ 3_30_ 0__DMY_11_ 3_12.wav	0.3961	7.1059	18	3	2	2	
85	Spectrogram 1	1	756.902293961	757.230971153	80.185	214.963	4072.DSG_RAWD_HMS_ 3_30_ 0__DMY_11_ 3_12.wav	0.3287	7.9318	18	3	2	2	
86	Spectrogram 1	1	757.340530217	757.652352168	73.360	242.260	4072.DSG_RAWD_HMS_ 3_30_ 0__DMY_11_ 3_12.wav	0.3118	8.3701	18	3	2	2	
87	Spectrogram 1	1	758.217002729	758.528824680	83.597	245.672	4072.DSG_RAWD_HMS_ 3_30_ 0__DMY_11_ 3_12.wav	0.3118	9.2465	18	3	2	2	
88	Spectrogram 1	1	762.852163884	766.164218664	52.888	264.438	4073.DSG_RAWD_HMS_ 3_40_ 0__DMY_11_ 3_12.wav	3.3121	3.0271	17	3	2	2	
89	Spectrogram 1	1	767.706466887	769.375135707	40.945	284.911	4073.DSG_RAWD_HMS_ 3_40_ 0__DMY_11_ 3_12.wav	1.6687	7.8813	15	3	2	2	
90	Spectrogram 1	1	771.793846276	773.395094134	42.651	313.914	4074.DSG_RAWD_HMS_ 3_50_ 0__DMY_11_ 3_12.wav	1.6012	1.1141	9	3	2	2	
91	Spectrogram 1	1	774.928916189	776.698716453	54.594	315.620	4074.DSG_RAWD_HMS_ 3_50_ 0__DMY_11_ 3_12.wav	1.7698	4.2492	15	3	2	2	
92	Spectrogram 1	1	781.949100668	783.440789462	51.182	296.853	4075.DSG_RAWD_HMS_ 4_ 0_ 0__DMY_11_ 3_12.wav	1.4917	0.4147	15	3	2	2	
93	Spectrogram 1	1	786.803392053	788.387784670	46.063	303.677	4075.DSG_RAWD_HMS_ 4_ 0_ 0__DMY_11_ 3_12.wav	1.5844	5.2690	19	3	2	2	
94	Spectrogram 1	1	790.342992581	792.365621454	44.357	272.969	4075.DSG_RAWD_HMS_ 4_ 0_ 0__DMY_11_ 3_12.wav	2.0226	8.8086	17	3	1	2	
95	Spectrogram 1	1	801.450561774	803.207720608	58.859	322.444	4076.DSG_RAWD_HMS_ 4_10_ 0__DMY_11_ 3_12.wav	1.7572	9.0615	15	3	2	2	
96	Spectrogram 1	1	803.835568639	805.428388877	54.594	324.150	4077.DSG_RAWD_HMS_ 4_20_ 0__DMY_11_ 3_12.wav	1.5928	0.5919	15	3	2	2	
97	Spectrogram 1	1	805.466302034	807.143398475	64.830	337.799	4077.DSG_RAWD_HMS_ 4_20_ 0__DMY_11_ 3_12.wav	1.6771	2.2226	15	3	2	2	
98	Spectrogram 1	1	807.223460868	808.908984929	47.769	332.680	4077.DSG_RAWD_HMS_ 4_20_ 0__DMY_11_ 3_12.wav	1.6855	3.9798	15	3	2	2	
99	Spectrogram 1	1	815.347664786	816.839353580	47.769	313.914	4078.DSG_RAWD_HMS_ 4_30_ 0__DMY_11_ 3_12.wav	1.4917	1.2494	15	3	2	2	
100	Spectrogram 1	1	820.614910535	822.494269863	49.476	336.093	4078.DSG_RAWD_HMS_ 4_30_ 0__DMY_11_ 3_12.wav	1.8794	6.5166	15	3	2	2	
101	Spectrogram 1	1	837.537522459	839.273612242	44.357	303.677	4080.DSG_RAWD_HMS_ 4_50_ 0__DMY_11_ 3_12.wav	1.7361	1.7299	15	3	2	2	
102	Spectrogram 1	1	873.371658681	873.691908252	80.185	249.084	4083.DSG_RAWD_HMS_ 5_20_ 0__DMY_11_ 3_12.wav	0.3202	4.7288	18	3	2	2	
103	Spectrogram 1	1	873.911026380	874.264986433	90.421	233.729	4083.DSG_RAWD_HMS_ 5_20_ 0__DMY_11_ 3_12.wav	0.3540	5.2681	18	3	2	2	
104	Spectrogram 1	1	874.408255978	874.736933170	88.715	230.317	4083.DSG_RAWD_HMS_ 5_20_ 0__DMY_11_ 3_12.wav	0.3287	5.7653	18	3	2	2	
105	Spectrogram 1	1	875.057182742	875.369004693	100.657	245.672	4083.DSG_RAWD_HMS_ 5_20_ 0__DMY_11_ 3_12.wav	0.3118	6.4143	18	3	2	2	
106	Spectrogram 1	1	875.663971404	876.017931457	97.245	247.378	4083.DSG_RAWD_HMS_ 5_20_ 0__DMY_11_ 3_12.wav	0.3540	7.0211	18	3	2	2	
107	Spectrogram 1	1	879.599649755	881.209325234	52.888	339.505	4084.DSG_RAWD_HMS_ 5_30_ 0__DMY_11_ 3_12.wav	1.6097	0.1021	15	3	2	2	
108	Spectrogram 1	1	894.232375150	895.226834346	39.239	290.029	4085.DSG_RAWD_HMS_ 5_40_ 0__DMY_11_ 3_12.wav	0.9945	3.8802	19	3	2	2	
109	Spectrogram 1	1	896.061168756	897.974238565	44.357	291.735	4085.DSG_RAWD_HMS_ 5_40_ 0__DMY_11_ 3_12.wav	1.9131	5.7090	17	3	2	1	
110	Spectrogram 1	1	897.594995651	899.078256825	52.888	334.386	4085.DSG_RAWD_HMS_ 5_40_ 0__DMY_11_ 3_12.wav	1.4833	7.2428	19	3	2	2	
111	Spectrogram 1	1	915.672181665	917.458837170	59.712	266.144	4087.DSG_RAWD_HMS_ 6_ 0_ 0__DMY_11_ 3_12.wav	1.7867	3.6107	19	3	2	2	
112	Spectrogram 1	1	953.697502070	955.189190864	44.357	290.029	4090.DSG_RAWD_HMS_ 6_30_ 0__DMY_11_ 3_12.wav	1.4917	9.0721	15	3	2	2	
113	Spectrogram 1	1	971.648273507	973.569770936	40.945	271.262	4092.DSG_RAWD_HMS_ 6_50_ 0__DMY_11_ 3_12.wav	1.9215	5.3136	17	3	2	2	
114	Spectrogram 1	1	991.208725262	992.970097906	47.769	366.801	4094.DSG_RAWD_HMS_ 7_10_ 0__DMY_11_ 3_12.wav	1.7614	3.1647	19	3	2	2	
115	Spectrogram 1	1	1025.053944544	1026.680475263	52.888	325.856	4098.DSG_RAWD_HMS_ 7_50_ 0__DMY_11_ 3_12.wav	1.6265	3.9033	15	3	2	2	
116	Spectrogram 1	1	1027.978328790	1029.503728065	49.476	301.971	4098.DSG_RAWD_HMS_ 7_50_ 0__DMY_11_ 3_12.wav	1.5254	6.8277	15	3	2	2	
117	Spectrogram 1	1	1032.756762152	1033.860780412	47.769	358.271	4099.DSG_RAWD_HMS_ 8_ 0_ 0__DMY_11_ 3_12.wav	1.1040	0.7515	19	3	2	2	
118	Spectrogram 1	1	1033.945056615	1034.197885224	95.539	247.378	4099.DSG_RAWD_HMS_ 8_ 0_ 0__DMY_11_ 3_12.wav	0.2528	1.9398	18	3	2	2	
119	Spectrogram 1	1	1034.425430972	1034.711970063	95.539	254.202	4099.DSG_RAWD_HMS_ 8_ 0_ 0__DMY_11_ 3_12.wav	0.2865	2.4201	18	3	2	2	
120	Spectrogram 1	1	1035.023792014	1035.327186345	112.600	247.378	4099.DSG_RAWD_HMS_ 8_ 0_ 0__DMY_11_ 3_12.wav	0.3034	3.0185	18	3	2	2	
121	Spectrogram 1	1	1035.478883511	1035.773850221	114.306	233.729	4099.DSG_RAWD_HMS_ 8_ 0_ 0__DMY_11_ 3_12.wav	0.2950	3.4736	18	3	2	2	
122	Spectrogram 1	1	1038.099839448	1039.448258697	49.476	312.208	4099.DSG_RAWD_HMS_ 8_ 0_ 0__DMY_11_ 3_12.wav	1.3484	6.0945	15	3	2	2	
123	Spectrogram 1	1	1036.978971968	1038.040852127	46.063	337.799	4099.DSG_RAWD_HMS_ 8_ 0_ 0__DMY_11_ 3_12.wav	1.0619	4.9737	9	3	2	2	
124	Spectrogram 1	1	1043.586192310	1044.926183939	46.063	298.559	4100.DSG_RAWD_HMS_ 8_10_ 0__DMY_11_ 3_12.wav	1.3400	0.4549	15	3	2	2	
125	Spectrogram 1	1	1099.284083725	1100.902186824	61.418	334.386	4105.DSG_RAWD_HMS_ 9_ 0_ 0__DMY_11_ 3_12.wav	1.6181	1.8796	15	3	2	2	
126	Spectrogram 1	1	1109.582588147	1111.495657956	32.415	279.793	4106.DSG_RAWD_HMS_ 9_10_ 0__DMY_11_ 3_12.wav	1.9131	1.3234	19	3	2	2	
127	Spectrogram 1	1	1129.985762206	1132.033673940	27.297	247.378	4108.DSG_RAWD_HMS_ 9_30_ 0__DMY_11_ 3_12.wav	2.0479	0.0173	17	3	1	2	
128	Spectrogram 1	1	1133.677059899	1135.219314415	46.063	250.790	4108.DSG_RAWD_HMS_ 9_30_ 0__DMY_11_ 3_12.wav	1.5423	3.7086	19	3	2	2	
129	Spectrogram 1	1	1158.243447256	1160.426200915	54.594	262.732	4110.DSG_RAWD_HMS_ 9_50_ 0__DMY_11_ 3_12.wav	2.1828	6.5657	17	3	2	2	
130	Spectrogram 1	1	1165.381596422	1166.856429976	44.357	298.559	4111.DSG_RAWD_HMS_10_ 0_ 0__DMY_11_ 3_12.wav	1.4748	2.8492	15	3	2	2	
131	Spectrogram 1	1	1178.815162829	1181.520428947	46.063	448.692	4112.DSG_RAWD_HMS_10_10_ 0__DMY_11_ 3_12.wav	2.7053	5.4281	9	1	2	2	
132	Spectrogram 1	1	1181.865961379	1184.234122685	58.006	423.101	4112.DSG_RAWD_HMS_10_10_ 0__DMY_11_ 3_12.wav	2.3682	8.4789	17	3	1	2	
133	Spectrogram 1	1	1186.796100953	1188.447914533	42.651	387.274	4113.DSG_RAWD_HMS_10_20_ 0__DMY_11_ 3_12.wav	1.6518	2.5544	19	3	2	2	
134	Spectrogram 1	1	1188.515335496	1190.150293835	44.357	370.214	4113.DSG_RAWD_HMS_10_20_ 0__DMY_11_ 3_12.wav	1.6350	4.2736	19	3	2	2	
135	Spectrogram 1	1	1193.234765440	1194.684316133	51.182	279.793	4113.DSG_RAWD_HMS_10_20_ 0__DMY_11_ 3_12.wav	1.4496	8.9931	19	3	2	2	
136	Spectrogram 1	1	1195.830472494	1197.389582251	44.357	344.623	4114.DSG_RAWD_HMS_10_30_ 0__DMY_11_ 3_12.wav	1.5591	0.4628	19	3	2	2	
137	Spectrogram 1	1	1211.227638246	1213.486240488	44.357	283.205	4115.DSG_RAWD_HMS_10_40_ 0__DMY_11_ 3_12.wav	2.2586	5.0053	17	3	2	2	
138	Spectrogram 1	1	1278.909567583	1280.713078329	49.476	320.738	4121.DSG_RAWD_HMS_11_40_ 0__DMY_11_ 3_12.wav	1.8035	7.5594	15	3	2	2	
140	Spectrogram 1	1	1282.887385828	1284.286370799	51.182	290.029	4122.DSG_RAWD_HMS_11_50_ 0__DMY_11_ 3_12.wav	1.3990	0.4112	15	3	2	2	
141	Spectrogram 1	1	1286.789345226	1288.491724528	61.418	319.032	4122.DSG_RAWD_HMS_11_50_ 0__DMY_11_ 3_12.wav	1.7024	4.3131	15	3	2	2	
142	Spectrogram 1	1	1288.828829340	1290.497498161	42.651	308.796	4122.DSG_RAWD_HMS_11_50_ 0__DMY_11_ 3_12.wav	1.6687	6.3526	15	3	2	2	
143	Spectrogram 1	1	1310.740535755	1312.173231207	49.476	233.729	4125.DSG_RAWD_HMS_12_20_ 0__DMY_11_ 3_12.wav	1.4327	6.5551	9	3	2	2	
144	Spectrogram 1	1	1327.696834046	1328.960977092	47.769	320.738	4127.DSG_RAWD_HMS_12_40_ 0__DMY_11_ 3_12.wav	1.2641	1.8020	9	3	2	2	
145	Spectrogram 1	1	1333.739413359	1335.273240254	54.594	305.384	4127.DSG_RAWD_HMS_12_40_ 0__DMY_11_ 3_12.wav	1.5338	7.8446	15	3	2	2	
146	Spectrogram 1	1	1335.349088837	1336.714363327	49.476	298.559	4127.DSG_RAWD_HMS_12_40_ 0__DMY_11_ 3_12.wav	1.3653	9.4543	15	3	2	2	
147	Spectrogram 1	1	1336.798625219	1338.298741633	51.182	298.559	4128.DSG_RAWD_HMS_12_50_ 0__DMY_11_ 3_12.wav	1.5001	0.0492	15	3	2	2	
148	Spectrogram 1	1	1339.579739920	1341.037718233	51.182	284.911	4128.DSG_RAWD_HMS_12_50_ 0__DMY_11_ 3_12.wav	1.4580	2.8303	15	3	2	2	
149	Spectrogram 1	1	1342.832787319	1344.391897076	58.006	327.562	4128.DSG_RAWD_HMS_12_50_ 0__DMY_11_ 3_12.wav	1.5591	6.0833	15	3	2	2	
150	Spectrogram 1	1	1345.192521005	1346.861189825	56.300	332.680	4128.DSG_RAWD_HMS_12_50_ 0__DMY_11_ 3_12.wav	1.6687	8.4431	15	3	2	2	
151	Spectrogram 1	1	1359.890242894	1361.348221207	83.597	301.971	4130.DSG_RAWD_HMS_13_10_ 0__DMY_11_ 3_12.wav	1.4580	1.4315	15	3	2	2	
152	Spectrogram 1	1	1361.483063132	1362.856765241	87.009	308.796	4130.DSG_RAWD_HMS_13_10_ 0__DMY_11_ 3_12.wav	1.3737	3.0243	15	3	2	2	
153	Spectrogram 1	1	1362.966324305	1364.340026415	81.891	310.502	4130.DSG_RAWD_HMS_13_10_ 0__DMY_11_ 3_12.wav	1.3737	4.5076	15	3	2	2	
154	Spectrogram 1	1	1385.960632263	1391.253177815	34.121	325.856	4132.DSG_RAWD_HMS_13_30_ 0__DMY_11_ 3_12.wav	5.2925	5.5213	10	2	1	2	
155	Spectrogram 1	1	1398.568315450	1399.950445180	59.712	293.441	4133.DSG_RAWD_HMS_13_40_ 0__DMY_11_ 3_12.wav	1.3821	7.2743	15	3	2	2	
156	Spectrogram 1	1	1406.161580046	1409.692752954	34.121	327.562	4134.DSG_RAWD_HMS_13_50_ 0__DMY_11_ 3_12.wav	3.5312	4.0129	10	3	2	2	
157	Spectrogram 1	1	1410.636646428	1412.010348538	35.827	305.384	4134.DSG_RAWD_HMS_13_50_ 0__DMY_11_ 3_12.wav	1.3737	8.4880	9	2	2	2	
158	Spectrogram 1	1	1413.055354577	1414.353208104	35.827	330.974	4135.DSG_RAWD_HMS_14_ 0_ 0__DMY_11_ 3_12.wav	1.2979	0.0521	9	2	1	2	
159	Spectrogram 1	1	1414.412201446	1415.718482593	52.888	325.856	4135.DSG_RAWD_HMS_14_ 0_ 0__DMY_11_ 3_12.wav	1.3063	1.4089	15	3	2	2	
160	Spectrogram 1	1	1417.184876424	1418.592289015	52.888	336.093	4135.DSG_RAWD_HMS_14_ 0_ 0__DMY_11_ 3_12.wav	1.4074	4.1816	15	3	2	2	
161	Spectrogram 1	1	1424.786564768	1426.421523107	35.827	284.911	4136.DSG_RAWD_HMS_14_10_ 0__DMY_11_ 3_12.wav	1.6350	0.9286	19	3	2	2	
162	Spectrogram 1	1	1428.873953355	1430.298221186	51.182	327.562	4136.DSG_RAWD_HMS_14_10_ 0__DMY_11_ 3_12.wav	1.4243	5.0160	15	3	2	2	
163	Spectrogram 1	1	1440.857992639	1442.577227181	56.300	370.214	4137.DSG_RAWD_HMS_14_20_ 0__DMY_11_ 3_12.wav	1.7192	6.1454	15	3	2	2	
164	Spectrogram 1	1	1460.924098497	1462.929872130	44.357	286.617	4139.DSG_RAWD_HMS_14_40_ 0__DMY_11_ 3_12.wav	2.0058	4.5022	17	3	2	2	
165	Spectrogram 1	1	1475.124599017	1476.826978319	56.300	368.508	4140.DSG_RAWD_HMS_14_50_ 0__DMY_11_ 3_12.wav	1.7024	7.8481	15	3	2	2	
166	Spectrogram 1	1	1496.505411706	1498.351060553	47.769	346.329	4142.DSG_RAWD_HMS_15_10_ 0__DMY_11_ 3_12.wav	1.8456	7.5196	15	3	2	2	
167	Spectrogram 1	1	1503.045226669	1504.907730756	51.182	365.095	4143.DSG_RAWD_HMS_15_20_ 0__DMY_11_ 3_12.wav	1.8625	3.2048	15	3	2	2	
168	Spectrogram 1	1	1515.003983576	1516.537810472	52.888	312.208	4144.DSG_RAWD_HMS_15_30_ 0__DMY_11_ 3_12.wav	1.5338	4.3089	9	1	2	2	
169	Spectrogram 1	1	1527.662228340	1529.398318123	52.888	397.510	4145.DSG_RAWD_HMS_15_40_ 0__DMY_11_ 3_12.wav	1.7361	6.1125	15	3	2	2	
170	Spectrogram 1	1	1529.701712454	1531.378808895	54.594	394.098	4145.DSG_RAWD_HMS_15_40_ 0__DMY_11_ 3_12.wav	1.6771	8.1520	15	3	2	2	
171	Spectrogram 1	1	1535.428261572	1537.105358013	52.888	339.505	4146.DSG_RAWD_HMS_15_50_ 0__DMY_11_ 3_12.wav	1.6771	3.0239	15	3	2	2	
172	Spectrogram 1	1	1537.176992786	1538.651826339	52.888	332.680	4146.DSG_RAWD_HMS_15_50_ 0__DMY_11_ 3_12.wav	1.4748	4.7726	15	3	2	2	
173	Spectrogram 1	1	1545.048362770	1546.700176350	52.888	353.153	4147.DSG_RAWD_HMS_16_ 0_ 0__DMY_11_ 3_12.wav	1.6518	1.7893	15	3	2	2	
174	Spectrogram 1	1	1550.838124366	1552.515220807	51.182	354.859	4147.DSG_RAWD_HMS_16_ 0_ 0__DMY_11_ 3_12.wav	1.6771	7.5791	15	3	2	2	
175	Spectrogram 1	1	1557.799314534	1562.914880060	46.063	353.153	4148.DSG_RAWD_HMS_16_10_ 0__DMY_11_ 3_12.wav	5.1156	3.6856	10	2	2	2	
176	Spectrogram 1	1	1581.801103890	1583.444489850	55.447	343.770	4150.DSG_RAWD_HMS_16_30_ 0__DMY_11_ 3_12.wav	1.6434	5.9781	15	3	2	2	
177	Spectrogram 1	1	1583.566690344	1585.235359165	58.006	339.505	4150.DSG_RAWD_HMS_16_30_ 0__DMY_11_ 3_12.wav	1.6687	7.7437	15	3	2	2	
178	Spectrogram 1	1	1587.847904033	1589.305882345	54.594	330.974	4151.DSG_RAWD_HMS_16_40_ 0__DMY_11_ 3_12.wav	1.4580	1.1703	15	3	2	2	
179	Spectrogram 1	1	1613.804898573	1615.338725469	63.124	346.329	4153.DSG_RAWD_HMS_17_ 0_ 0__DMY_11_ 3_12.wav	1.5338	5.1466	15	3	2	2	
180	Spectrogram 1	1	1624.996748326	1626.850824793	54.594	336.093	4154.DSG_RAWD_HMS_17_10_ 0__DMY_11_ 3_12.wav	1.8541	5.2125	15	3	2	2	
181	Spectrogram 1	1	1714.725363916	1716.638433725	47.769	317.326	4162.DSG_RAWD_HMS_18_30_ 0__DMY_11_ 3_12.wav	1.9131	6.4758	15	3	2	2	
182	Spectrogram 1	1	1723.978862662	1725.462123836	39.239	320.738	4163.DSG_RAWD_HMS_18_40_ 0__DMY_11_ 3_12.wav	1.4833	4.8746	9	2	2	2	
183	Spectrogram 1	1	1725.588538141	1727.172930758	51.182	317.326	4163.DSG_RAWD_HMS_18_40_ 0__DMY_11_ 3_12.wav	1.5844	6.4842	15	3	2	2	
184	Spectrogram 1	1	1731.765963493	1733.358783731	54.594	298.559	4164.DSG_RAWD_HMS_18_50_ 0__DMY_11_ 3_12.wav	1.5928	1.8070	15	3	2	2	
185	Spectrogram 1	1	1738.988414732	1740.749787376	51.182	291.735	4164.DSG_RAWD_HMS_18_50_ 0__DMY_11_ 3_12.wav	1.7614	9.0295	15	3	2	2	
186	Spectrogram 1	1	1744.845587820	1746.632243325	56.300	324.150	4165.DSG_RAWD_HMS_19_ 0_ 0__DMY_11_ 3_12.wav	1.7867	4.0320	15	3	2	2	
187	Spectrogram 1	1	1753.188908687	1754.866005127	61.418	332.680	4166.DSG_RAWD_HMS_19_10_ 0__DMY_11_ 3_12.wav	1.6771	1.5207	15	3	2	2	
188	Spectrogram 1	1	1755.961585117	1757.545977735	52.888	359.977	4166.DSG_RAWD_HMS_19_10_ 0__DMY_11_ 3_12.wav	1.5844	4.2934	15	3	2	2	
189	Spectrogram 1	1	1759.105080714	1760.790604775	61.418	332.680	4166.DSG_RAWD_HMS_19_10_ 0__DMY_11_ 3_12.wav	1.6855	7.4369	15	3	2	2	
190	Spectrogram 1	1	1764.330190297	1765.847161952	59.712	334.386	4167.DSG_RAWD_HMS_19_20_ 0__DMY_11_ 3_12.wav	1.5170	1.8073	15	3	2	2	
191	Spectrogram 1	1	1768.771533824	1769.824986362	59.712	230.317	4167.DSG_RAWD_HMS_19_20_ 0__DMY_11_ 3_12.wav	1.0535	6.2487	9	3	2	2	
192	Spectrogram 1	1	1770.153663554	1771.586359006	59.712	298.559	4167.DSG_RAWD_HMS_19_20_ 0__DMY_11_ 3_12.wav	1.4327	7.6308	15	3	2	2	
193	Spectrogram 1	1	1771.695918070	1773.153896383	58.006	291.735	4167.DSG_RAWD_HMS_19_20_ 0__DMY_11_ 3_12.wav	1.4580	9.1730	15	3	2	2	
194	Spectrogram 1	1	1774.704562544	1778.261018313	39.239	341.211	4168.DSG_RAWD_HMS_19_30_ 0__DMY_11_ 3_12.wav	3.5565	1.3271	17	3	2	2	
195	Spectrogram 1	1	1786.941429954	1787.278534766	98.951	257.614	4169.DSG_RAWD_HMS_19_40_ 0__DMY_11_ 3_12.wav	0.3371	2.7093	18	3	2	2	
196	Spectrogram 1	1	1787.548218616	1787.860040567	88.715	238.847	4169.DSG_RAWD_HMS_19_40_ 0__DMY_11_ 3_12.wav	0.3118	3.3161	18	3	2	2	
197	Spectrogram 1	1	1789.284308399	1789.503426527	93.833	235.435	4169.DSG_RAWD_HMS_19_40_ 0__DMY_11_ 3_12.wav	0.2191	5.0521	18	3	2	2	
198	Spectrogram 1	1	1789.705689414	1789.975373264	87.009	211.551	4169.DSG_RAWD_HMS_19_40_ 0__DMY_11_ 3_12.wav	0.2697	5.4736	18	3	2	2	
199	Spectrogram 1	1	1790.076504707	1790.354616177	92.127	209.845	4169.DSG_RAWD_HMS_19_40_ 0__DMY_11_ 3_12.wav	0.2781	5.8444	18	3	2	2	
200	Spectrogram 1	1	1790.413609520	1790.691720990	98.951	218.375	4169.DSG_RAWD_HMS_19_40_ 0__DMY_11_ 3_12.wav	0.2781	6.1815	18	3	2	2	
201	Spectrogram 1	1	1819.750061831	1821.309171588	49.476	336.093	4172.DSG_RAWD_HMS_20_10_ 0__DMY_11_ 3_12.wav	1.5591	2.6826	15	3	2	2	
202	Spectrogram 1	1	1845.968311360	1847.552703978	54.594	346.329	4174.DSG_RAWD_HMS_20_30_ 0__DMY_11_ 3_12.wav	1.5844	7.1916	15	3	2	2	
203	Spectrogram 1	1	1853.628992562	1855.137536597	49.476	334.386	4175.DSG_RAWD_HMS_20_40_ 0__DMY_11_ 3_12.wav	1.5085	3.9976	15	3	2	2	
204	Spectrogram 1	1	1860.699749055	1861.930181620	39.239	300.265	4176.DSG_RAWD_HMS_20_50_ 0__DMY_11_ 3_12.wav	1.2304	0.2137	9	3	2	2	
205	Spectrogram 1	1	1862.006030203	1863.464008516	51.182	305.384	4176.DSG_RAWD_HMS_20_50_ 0__DMY_11_ 3_12.wav	1.4580	1.5200	15	3	2	2	
206	Spectrogram 1	1	1878.498831072	1879.948381764	40.945	330.974	4177.DSG_RAWD_HMS_21_ 0_ 0__DMY_11_ 3_12.wav	1.4496	7.1581	9	1	2	2	
207	Spectrogram 1	1	1897.882307642	1899.475127880	44.357	349.741	4179.DSG_RAWD_HMS_21_20_ 0__DMY_11_ 3_12.wav	1.5928	4.8324	15	3	2	2	
208	Spectrogram 1	1	1901.531447387	1903.124267625	47.769	308.796	4179.DSG_RAWD_HMS_21_20_ 0__DMY_11_ 3_12.wav	1.5928	8.4815	9	2	2	2	
209	Spectrogram 1	1	1906.377329062	1908.079708364	46.063	312.208	4180.DSG_RAWD_HMS_21_30_ 0__DMY_11_ 3_12.wav	1.7024	2.4727	15	3	2	2	
210	Spectrogram 1	1	1927.311460660	1929.190819989	49.476	334.386	4182.DSG_RAWD_HMS_21_50_ 0__DMY_11_ 3_12.wav	1.8794	1.6976	9	3	2	2	
211	Spectrogram 1	1	1947.562918218	1950.554723426	47.769	317.326	4184.DSG_RAWD_HMS_22_10_ 0__DMY_11_ 3_12.wav	2.9918	0.2398	10	2	2	2	
212	Spectrogram 1	1	1950.933946773	1951.995826932	51.182	305.384	4184.DSG_RAWD_HMS_22_10_ 0__DMY_11_ 3_12.wav	1.0619	3.6108	9	3	2	2	
213	Spectrogram 1	1	1978.323632409	1979.815321203	49.476	278.087	4188.DSG_RAWD_HMS_22_50_ 0__DMY_11_ 3_12.wav	1.4917	9.0198	19	3	2	2	
214	Spectrogram 1	1	1997.639683932	1998.937537459	47.769	303.677	4190.DSG_RAWD_HMS_23_10_ 0__DMY_11_ 3_12.wav	1.2979	6.6265	9	2	2	2	
215	Spectrogram 1	1	2008.207889298	2009.514170446	39.239	363.389	4191.DSG_RAWD_HMS_23_20_ 0__DMY_11_ 3_12.wav	1.3063	6.3401	9	2	2	2	
216	Spectrogram 1	1	2176.901685227	2181.427317331	47.769	313.914	4207.DSG_RAWD_HMS_ 2_ 0_ 0__DMY_12_ 3_12.wav	4.5256	1.3596	10	3	2	2	
217	Spectrogram 1	1	2287.692409938	2289.074539668	54.594	300.265	4217.DSG_RAWD_HMS_ 3_40_ 0__DMY_12_ 3_12.wav	1.3821	3.6039	15	3	2	2	
218	Spectrogram 1	1	2289.175671111	2290.507235120	54.594	298.559	4217.DSG_RAWD_HMS_ 3_40_ 0__DMY_12_ 3_12.wav	1.3316	5.0872	15	3	2	2	
219	Spectrogram 1	1	2318.739648354	2319.498134181	49.476	249.084	4220.DSG_RAWD_HMS_ 4_10_ 0__DMY_12_ 3_12.wav	0.7585	2.0872	19	3	2	2	
220	Spectrogram 1	1	2319.498134181	2319.818383753	76.772	238.847	4220.DSG_RAWD_HMS_ 4_10_ 0__DMY_12_ 3_12.wav	0.3202	2.8457	18	3	2	2	
221	Spectrogram 1	1	2319.927942817	2320.163916186	92.127	221.787	4220.DSG_RAWD_HMS_ 4_10_ 0__DMY_12_ 3_12.wav	0.2360	3.2755	18	3	2	2	
222	Spectrogram 1	1	2320.635862923	2320.930829633	100.657	221.787	4220.DSG_RAWD_HMS_ 4_10_ 0__DMY_12_ 3_12.wav	0.2950	3.9834	18	3	2	2	
223	Spectrogram 1	1	2320.998250596	2321.284789686	88.715	206.432	4220.DSG_RAWD_HMS_ 4_10_ 0__DMY_12_ 3_12.wav	0.2865	4.3458	18	3	2	2	
224	Spectrogram 1	1	2321.369065889	2321.605039258	87.009	214.963	4220.DSG_RAWD_HMS_ 4_10_ 0__DMY_12_ 3_12.wav	0.2360	4.7166	18	3	2	2	
225	Spectrogram 1	1	2327.630758610	2329.611249382	64.830	341.211	4221.DSG_RAWD_HMS_ 4_20_ 0__DMY_12_ 3_12.wav	1.9805	0.1237	15	3	2	2	
226	Spectrogram 1	1	2329.897788472	2331.515891571	59.712	332.680	4221.DSG_RAWD_HMS_ 4_20_ 0__DMY_12_ 3_12.wav	1.6181	2.3907	15	3	2	2	
227	Spectrogram 1	1	2351.169016561	2352.551146291	44.357	312.208	4223.DSG_RAWD_HMS_ 4_40_ 0__DMY_12_ 3_12.wav	1.3821	1.9526	15	3	2	2	
228	Spectrogram 1	1	2364.552028683	2366.119566060	54.594	266.144	4224.DSG_RAWD_HMS_ 4_50_ 0__DMY_12_ 3_12.wav	1.5675	4.4810	17	3	2	2	
229	Spectrogram 1	1	2371.058132135	2372.878498121	59.712	346.329	4225.DSG_RAWD_HMS_ 5_ 0_ 0__DMY_12_ 3_12.wav	1.8204	0.1324	15	3	2	2	
230	Spectrogram 1	1	2436.245542232	2446.030009406	46.063	303.677	4231.DSG_RAWD_HMS_ 6_ 0_ 0__DMY_12_ 3_12.wav	9.7845	0.1920	10	2	2	2	
231	Spectrogram 1	1	2495.204974340	2495.516796291	93.833	218.375	4236.DSG_RAWD_HMS_ 6_50_ 0__DMY_12_ 3_12.wav	0.3118	4.8782	18	3	2	2	
232	Spectrogram 1	1	2510.062820288	2512.026455819	63.124	261.026	4237.DSG_RAWD_HMS_ 7_ 0_ 0__DMY_12_ 3_12.wav	1.9636	8.8814	17	3	1	2	
233	Spectrogram 1	1	2591.245796027	2592.788050543	58.006	344.623	4245.DSG_RAWD_HMS_ 8_20_ 0__DMY_12_ 3_12.wav	1.5423	2.9559	15	3	2	2	
234	Spectrogram 1	1	2636.754835460	2637.951557543	46.063	286.617	4249.DSG_RAWD_HMS_ 9_ 0_ 0__DMY_12_ 3_12.wav	1.1967	4.7749	9	2	2	2	
235	Spectrogram 1	1	2643.117688790	2644.584094723	39.239	283.205	4250.DSG_RAWD_HMS_ 9_10_ 0__DMY_12_ 3_12.wav	1.4664	0.2832	9	2	2	2	
