Selection	View	Channel	Begin Time (s)	End Time (s)	Low Freq (Hz)	High Freq (Hz)	Begin File	Delta Time (s)	File Offset (s)	call variant	level	call cutoff @ end	calls overlap	Notes
1	Spectrogram 1	1	15.429455025	15.557394730	0.000	347.217	1252.DSG_RAWD_HMS_12_30_ 0__DMY_19_ 2_12.wav	0.1279	4.5748	3	1	2	2	
2	Spectrogram 1	1	16.180034627	16.376208841	0.000	460.105	1252.DSG_RAWD_HMS_12_30_ 0__DMY_19_ 2_12.wav	0.1962	5.3254	3	1	2	2	
3	Spectrogram 1	1	22.243143686	23.804008084	30.788	189.857	1253.DSG_RAWD_HMS_12_40_ 0__DMY_19_ 2_12.wav	1.5609	0.5339	9	3	2	2	
4	Spectrogram 1	1	99.245507145	107.032770508	39.340	313.008	1260.DSG_RAWD_HMS_13_50_ 0__DMY_19_ 2_12.wav	7.7873	1.5537	10	1	2	2	
5	Spectrogram 1	1	120.196351045	120.375466632	0.000	280.510	1262.DSG_RAWD_HMS_14_10_ 0__DMY_19_ 2_12.wav	0.1791	0.7953	3	1	2	2	
6	Spectrogram 1	1	135.480818917	137.724028407	39.340	248.012	1263.DSG_RAWD_HMS_14_20_ 0__DMY_19_ 2_12.wav	2.2432	5.2251	17	3	2	2	
7	Spectrogram 1	1	158.541542633	159.803881053	49.602	324.981	1265.DSG_RAWD_HMS_14_40_ 0__DMY_19_ 2_12.wav	1.2623	6.5765	9	3	2	2	
8	Spectrogram 1	1	213.859037854	215.402843625	37.629	263.406	1270.DSG_RAWD_HMS_15_30_ 0__DMY_19_ 2_12.wav	1.5438	7.6208	9	2	2	2	
9	Spectrogram 1	1	260.522759275	262.416266906	56.444	367.742	1275.DSG_RAWD_HMS_16_20_ 0__DMY_19_ 2_12.wav	1.8935	0.0113	17	3	1	2	
10	Spectrogram 1	1	424.468845994	425.739713728	47.892	234.329	1290.DSG_RAWD_HMS_18_50_ 0__DMY_19_ 2_12.wav	1.2709	0.3236	9	3	2	2	
11	Spectrogram 1	1	487.116445010	487.952317747	42.761	263.406	1295.DSG_RAWD_HMS_19_40_ 0__DMY_19_ 2_12.wav	0.8359	8.6980	9	3	2	2	
12	Spectrogram 1	1	537.483229117	543.513453868	39.340	321.560	1300.DSG_RAWD_HMS_20_30_ 0__DMY_19_ 2_12.wav	6.0302	4.7916	10	2	2	2	
13	Spectrogram 1	1	549.918890076	552.605623876	42.761	326.692	1301.DSG_RAWD_HMS_20_40_ 0__DMY_19_ 2_12.wav	2.6867	6.3726	17	3	2	2	
14	Spectrogram 1	1	568.427404333	576.018493482	22.236	307.877	1303.DSG_RAWD_HMS_21_ 0_ 0__DMY_19_ 2_12.wav	7.5911	3.1718	10	2	1	2	
15	Spectrogram 1	1	593.187867832	594.680497721	35.919	282.221	1305.DSG_RAWD_HMS_21_20_ 0__DMY_19_ 2_12.wav	1.4926	6.2230	9	3	2	2	
16	Spectrogram 1	1	601.469796448	607.389140121	53.023	128.282	1306.DSG_RAWD_HMS_21_30_ 0__DMY_19_ 2_12.wav	5.9193	3.6503	1	3	2	2	
17	Spectrogram 1	1	598.322481885	599.943051478	37.629	314.719	1306.DSG_RAWD_HMS_21_30_ 0__DMY_19_ 2_12.wav	1.6206	0.5030	9	2	2	2	
18	Spectrogram 1	1	637.437711973	641.020023706	59.865	294.194	1309.DSG_RAWD_HMS_22_ 0_ 0__DMY_19_ 2_12.wav	3.5823	6.7829	17	3	2	2	
19	Spectrogram 1	1	657.993254586	659.426179279	51.313	319.850	1311.DSG_RAWD_HMS_22_20_ 0__DMY_19_ 2_12.wav	1.4329	5.6291	19	3	2	2	
20	Spectrogram 1	1	954.275735934	955.546603668	49.602	290.773	1339.DSG_RAWD_HMS_ 3_ 0_ 0__DMY_20_ 2_12.wav	1.2709	8.5649	9	2	2	2	
21	Spectrogram 1	1	1596.410794546	1597.647545025	44.471	275.379	1400.DSG_RAWD_HMS_13_10_ 0__DMY_20_ 2_12.wav	1.2368	8.9191	9	3	2	2	
22	Spectrogram 1	1	1622.996546478	1624.523293621	41.050	230.908	1403.DSG_RAWD_HMS_13_40_ 0__DMY_20_ 2_12.wav	1.5267	2.9409	9	3	2	2	
23	Spectrogram 1	1	1676.551894963	1676.918655450	78.680	230.908	1408.DSG_RAWD_HMS_14_30_ 0__DMY_20_ 2_12.wav	0.3668	2.2230	18	3	2	2	
24	Spectrogram 1	1	1677.140417605	1677.720410934	83.811	218.935	1408.DSG_RAWD_HMS_14_30_ 0__DMY_20_ 2_12.wav	0.5800	2.8115	18	3	2	2	
25	Spectrogram 1	1	1677.916585148	1678.488049162	73.548	225.776	1408.DSG_RAWD_HMS_14_30_ 0__DMY_20_ 2_12.wav	0.5715	3.5877	18	3	2	2	
26	Spectrogram 1	1	1921.035128384	1922.399818568	42.761	343.796	1430.DSG_RAWD_HMS_18_10_ 0__DMY_20_ 2_12.wav	1.3647	7.3613	9	2	2	2	
27	Spectrogram 1	1	2081.044375565	2085.803732582	37.629	321.560	1445.DSG_RAWD_HMS_20_40_ 0__DMY_20_ 2_12.wav	4.7594	4.2796	10	2	2	2	
28	Spectrogram 1	1	2105.676943640	2107.237808038	44.471	251.433	1447.DSG_RAWD_HMS_21_ 0_ 0__DMY_20_ 2_12.wav	1.5609	6.6601	9	3	2	2	
29	Spectrogram 1	1	2164.895775590	2166.456639988	59.865	328.402	1453.DSG_RAWD_HMS_22_ 0_ 0__DMY_20_ 2_12.wav	1.5609	0.4797	9	1	2	2	
30	Spectrogram 1	1	2194.722689309	2196.914722917	51.313	321.560	1455.DSG_RAWD_HMS_22_20_ 0__DMY_20_ 2_12.wav	2.1920	8.5973	9	2	2	2	
31	Spectrogram 1	1	2210.894203565	2212.565949040	37.629	360.900	1457.DSG_RAWD_HMS_22_40_ 0__DMY_20_ 2_12.wav	1.6717	3.0596	9	2	2	2	
32	Spectrogram 1	1	2222.835205319	2224.370481776	53.023	333.533	1458.DSG_RAWD_HMS_22_50_ 0__DMY_20_ 2_12.wav	1.5353	4.1460	9	2	2	2	
33	Spectrogram 1	1	2277.149693893	2278.787322114	68.417	311.298	1463.DSG_RAWD_HMS_23_40_ 0__DMY_20_ 2_12.wav	1.6376	4.1872	17	3	2	2	
34	Spectrogram 1	1	2278.923791132	2280.152012298	42.761	261.695	1463.DSG_RAWD_HMS_23_40_ 0__DMY_20_ 2_12.wav	1.2282	5.9613	19	3	2	2	
35	Spectrogram 1	1	2529.139275121	2530.145734131	56.444	246.302	1486.DSG_RAWD_HMS_ 3_30_ 0__DMY_21_ 2_12.wav	1.0065	6.5199	19	3	2	2	
36	Spectrogram 1	1	2530.222497954	2531.160722456	59.865	241.170	1486.DSG_RAWD_HMS_ 3_30_ 0__DMY_21_ 2_12.wav	0.9382	7.6032	18	3	2	2	
37	Spectrogram 1	1	2666.102880179	2668.039034378	44.471	242.881	1499.DSG_RAWD_HMS_ 5_40_ 0__DMY_21_ 2_12.wav	1.9362	2.1018	17	3	2	2	
