Selection	View	Channel	Begin Time (s)	End Time (s)	Low Freq (Hz)	High Freq (Hz)	Begin File	Delta Time (s)	File Offset (s)	call variant	level	call cutoff @ end	calls overlap	Notes
1	Spectrogram 1	1	116.686423757	118.580581190	41.050	283.931	2511.DSG_RAWD_HMS_ 6_20_ 0__DMY_28_ 2_12.wav	1.8942	8.1400	9	3	2	2	
2	Spectrogram 1	1	193.065268100	194.494342235	47.892	271.958	2518.DSG_RAWD_HMS_ 7_30_ 0__DMY_28_ 2_12.wav	1.4291	8.2649	9	3	2	2	
3	Spectrogram 1	1	262.244056044	263.833795318	66.707	369.452	2525.DSG_RAWD_HMS_ 8_40_ 0__DMY_28_ 2_12.wav	1.5897	1.4612	23	3	2	2	
4	Spectrogram 1	1	263.994460458	265.609567912	63.286	366.032	2525.DSG_RAWD_HMS_ 8_40_ 0__DMY_28_ 2_12.wav	1.6151	3.2116	23	3	2	2	
5	Spectrogram 1	1	265.702584572	267.038642047	66.707	372.873	2525.DSG_RAWD_HMS_ 8_40_ 0__DMY_28_ 2_12.wav	1.3361	4.9198	23	3	2	2	
6	Spectrogram 1	1	269.972874122	271.469596737	56.444	401.951	2525.DSG_RAWD_HMS_ 8_40_ 0__DMY_28_ 2_12.wav	1.4967	9.1901	23	3	2	2	
7	Spectrogram 1	1	337.561895315	339.616717888	44.471	273.668	2532.DSG_RAWD_HMS_ 9_50_ 0__DMY_28_ 2_12.wav	2.0548	0.7965	9	3	2	2	
8	Spectrogram 1	1	360.173339446	361.881463560	46.182	311.298	2534.DSG_RAWD_HMS_10_10_ 0__DMY_28_ 2_12.wav	1.7081	1.6987	9	3	2	2	
9	Spectrogram 1	1	378.269249708	380.078846542	37.629	314.719	2535.DSG_RAWD_HMS_10_20_ 0__DMY_28_ 2_12.wav	1.8096	8.9400	9	2	2	2	
10	Spectrogram 1	1	424.413833874	426.477112507	18.815	366.032	2540.DSG_RAWD_HMS_11_10_ 0__DMY_28_ 2_12.wav	2.0633	0.8113	9	2	2	2	
11	Spectrogram 1	1	516.167490224	518.146208257	70.128	405.371	2548.DSG_RAWD_HMS_12_30_ 0__DMY_28_ 2_12.wav	1.9787	5.4565	23	3	2	2	
12	Spectrogram 1	1	518.323785516	520.285591429	70.128	393.398	2548.DSG_RAWD_HMS_12_30_ 0__DMY_28_ 2_12.wav	1.9618	7.6128	23	3	2	2	
13	Spectrogram 1	1	528.555051333	530.719802686	58.155	372.873	2549.DSG_RAWD_HMS_12_40_ 0__DMY_28_ 2_12.wav	2.1648	6.9894	23	3	2	2	
14	Spectrogram 1	1	534.736399630	536.173929824	46.182	417.344	2550.DSG_RAWD_HMS_12_50_ 0__DMY_28_ 2_12.wav	1.4375	2.3161	23	3	2	2	
15	Spectrogram 1	1	538.262556115	540.063696889	66.707	427.607	2550.DSG_RAWD_HMS_12_50_ 0__DMY_28_ 2_12.wav	1.8011	5.8423	23	3	2	2	
16	Spectrogram 1	1	540.182081728	541.974766442	61.575	432.738	2550.DSG_RAWD_HMS_12_50_ 0__DMY_28_ 2_12.wav	1.7927	7.7618	23	3	2	2	
17	Spectrogram 1	1	551.639996540	554.066885752	66.707	456.684	2551.DSG_RAWD_HMS_13_ 0_ 0__DMY_28_ 2_12.wav	2.4269	8.3650	23	3	2	2	
18	Spectrogram 1	1	566.827018620	568.771912413	53.023	413.924	2553.DSG_RAWD_HMS_13_20_ 0__DMY_28_ 2_12.wav	1.9449	1.8428	23	3	2	2	
19	Spectrogram 1	1	568.890297252	570.632245606	54.734	408.792	2553.DSG_RAWD_HMS_13_20_ 0__DMY_28_ 2_12.wav	1.7419	3.9061	23	3	2	2	
20	Spectrogram 1	1	570.759086506	572.484122740	54.734	403.661	2553.DSG_RAWD_HMS_13_20_ 0__DMY_28_ 2_12.wav	1.7250	5.7749	23	3	2	2	
21	Spectrogram 1	1	579.265831258	581.193812931	51.313	388.267	2554.DSG_RAWD_HMS_13_30_ 0__DMY_28_ 2_12.wav	1.9280	3.4269	23	3	2	2	
22	Spectrogram 1	1	582.386103938	583.958931092	32.498	261.695	2554.DSG_RAWD_HMS_13_30_ 0__DMY_28_ 2_12.wav	1.5728	6.5472	9	3	2	2	
23	Spectrogram 1	1	584.593135590	586.132138505	41.050	324.981	2554.DSG_RAWD_HMS_13_30_ 0__DMY_28_ 2_12.wav	1.5390	8.7543	9	2	2	2	
24	Spectrogram 1	1	587.738763488	589.920426960	44.471	403.661	2555.DSG_RAWD_HMS_13_40_ 0__DMY_28_ 2_12.wav	2.1817	1.0452	23	3	2	2	
25	Spectrogram 1	1	595.383017020	597.437839592	59.865	420.765	2555.DSG_RAWD_HMS_13_40_ 0__DMY_28_ 2_12.wav	2.0548	8.6895	23	3	2	2	
26	Spectrogram 1	1	593.937030765	595.340736720	34.209	263.406	2555.DSG_RAWD_HMS_13_40_ 0__DMY_28_ 2_12.wav	1.4037	7.2435	9	3	2	2	
27	Spectrogram 1	1	605.767011669	608.278461480	54.734	441.290	2556.DSG_RAWD_HMS_13_50_ 0__DMY_28_ 2_12.wav	2.5114	8.2188	23	3	2	2	
28	Spectrogram 1	1	608.472936166	610.434742079	49.602	439.580	2557.DSG_RAWD_HMS_14_ 0_ 0__DMY_28_ 2_12.wav	1.9618	0.0701	23	3	2	2	
29	Spectrogram 1	1	610.489706469	610.739160238	32.498	196.699	2557.DSG_RAWD_HMS_14_ 0_ 0__DMY_28_ 2_12.wav	0.2495	2.0869	3	1	2	2	
30	Spectrogram 1	1	612.261251032	614.256881185	58.155	436.159	2557.DSG_RAWD_HMS_14_ 0_ 0__DMY_28_ 2_12.wav	1.9956	3.8584	23	3	2	2	
31	Spectrogram 1	1	620.708814384	621.960311260	43.616	288.207	2558.DSG_RAWD_HMS_14_10_ 0__DMY_28_ 2_12.wav	1.2515	1.4514	9	2	2	2	
32	Spectrogram 1	1	622.040643830	623.926345203	49.602	425.897	2558.DSG_RAWD_HMS_14_10_ 0__DMY_28_ 2_12.wav	1.8857	2.7832	23	3	2	2	
33	Spectrogram 1	1	624.032045952	626.061500345	54.734	420.765	2558.DSG_RAWD_HMS_14_10_ 0__DMY_28_ 2_12.wav	2.0295	4.7746	23	3	2	2	
34	Spectrogram 1	1	627.879526342	630.018909514	61.575	449.843	2558.DSG_RAWD_HMS_14_10_ 0__DMY_28_ 2_12.wav	2.1394	8.6221	23	3	2	2	
35	Spectrogram 1	1	633.367482851	635.185535744	51.313	403.661	2559.DSG_RAWD_HMS_14_20_ 0__DMY_28_ 2_12.wav	1.8181	3.2554	23	3	2	2	
36	Spectrogram 1	1	635.363113004	637.350287097	47.892	405.371	2559.DSG_RAWD_HMS_14_20_ 0__DMY_28_ 2_12.wav	1.9872	5.2510	23	3	2	2	
37	Spectrogram 1	1	645.569529483	647.666632355	61.575	408.792	2560.DSG_RAWD_HMS_14_30_ 0__DMY_28_ 2_12.wav	2.0971	4.6028	23	3	2	2	
38	Spectrogram 1	1	647.751192955	649.763735228	58.155	419.055	2560.DSG_RAWD_HMS_14_30_ 0__DMY_28_ 2_12.wav	2.0125	6.7845	23	3	2	2	
39	Spectrogram 1	1	657.856138658	660.063170310	54.734	270.248	2561.DSG_RAWD_HMS_14_40_ 0__DMY_28_ 2_12.wav	2.2070	6.0348	17	3	2	2	
40	Spectrogram 1	1	660.604358148	662.625356480	54.734	420.765	2561.DSG_RAWD_HMS_14_40_ 0__DMY_28_ 2_12.wav	2.0210	8.7830	23	3	2	2	
41	Spectrogram 1	1	662.709898987	664.815457919	59.865	407.082	2562.DSG_RAWD_HMS_14_50_ 0__DMY_28_ 2_12.wav	2.1056	0.0339	23	3	2	2	
42	Spectrogram 1	1	667.157772111	669.838343122	63.286	333.533	2562.DSG_RAWD_HMS_14_50_ 0__DMY_28_ 2_12.wav	2.6806	4.4817	17	3	2	2	
43	Spectrogram 1	1	671.385780542	673.508251594	59.865	458.395	2562.DSG_RAWD_HMS_14_50_ 0__DMY_28_ 2_12.wav	2.1225	8.7098	23	3	2	2	
44	Spectrogram 1	1	673.888767979	676.045063271	59.865	441.290	2563.DSG_RAWD_HMS_15_ 0_ 0__DMY_28_ 2_12.wav	2.1563	0.3581	23	3	2	2	
45	Spectrogram 1	1	679.266809218	681.228615131	61.575	366.032	2563.DSG_RAWD_HMS_15_ 0_ 0__DMY_28_ 2_12.wav	1.9618	5.7361	23	3	2	2	
46	Spectrogram 1	1	682.716871000	684.315066334	58.155	343.796	2563.DSG_RAWD_HMS_15_ 0_ 0__DMY_28_ 2_12.wav	1.5982	9.1862	23	3	2	2	
47	Spectrogram 1	1	691.130628327	693.126258480	64.996	307.877	2564.DSG_RAWD_HMS_15_10_ 0__DMY_28_ 2_12.wav	1.9956	6.4740	23	3	2	2	
48	Spectrogram 1	1	695.586954931	697.667145684	54.734	304.456	2565.DSG_RAWD_HMS_15_20_ 0__DMY_28_ 2_12.wav	2.0802	0.0756	23	3	2	2	
49	Spectrogram 1	1	697.734794163	699.848809156	49.602	297.614	2565.DSG_RAWD_HMS_15_20_ 0__DMY_28_ 2_12.wav	2.1140	2.2235	23	3	2	2	
50	Spectrogram 1	1	699.984088356	701.903613969	53.023	295.904	2565.DSG_RAWD_HMS_15_20_ 0__DMY_28_ 2_12.wav	1.9195	4.4728	23	3	2	2	
51	Spectrogram 1	1	708.922120430	710.790909683	68.417	304.456	2566.DSG_RAWD_HMS_15_30_ 0__DMY_28_ 2_12.wav	1.8688	2.5561	23	3	2	2	
52	Spectrogram 1	1	710.926206643	712.778083776	58.155	299.325	2566.DSG_RAWD_HMS_15_30_ 0__DMY_28_ 2_12.wav	1.8519	4.5602	23	3	2	2	
53	Spectrogram 1	1	714.883628137	716.346526512	63.286	285.641	2566.DSG_RAWD_HMS_15_30_ 0__DMY_28_ 2_12.wav	1.4629	8.5176	23	3	2	2	
54	Spectrogram 1	1	725.436755249	727.407017222	46.182	241.170	2567.DSG_RAWD_HMS_15_40_ 0__DMY_28_ 2_12.wav	1.9703	8.2161	9	3	2	2	
55	Spectrogram 1	1	730.679498345	732.979546657	54.734	283.931	2568.DSG_RAWD_HMS_15_50_ 0__DMY_28_ 2_12.wav	2.3000	2.6042	23	3	2	2	
56	Spectrogram 1	1	736.818586226	738.873408799	51.313	265.116	2568.DSG_RAWD_HMS_15_50_ 0__DMY_28_ 2_12.wav	2.0548	8.7433	23	3	2	2	
57	Spectrogram 1	1	742.188168278	743.625698473	56.444	295.904	2569.DSG_RAWD_HMS_16_ 0_ 0__DMY_28_ 2_12.wav	1.4375	3.2582	9	3	2	2	
58	Spectrogram 1	1	745.409914498	747.219511332	66.707	278.800	2569.DSG_RAWD_HMS_16_ 0_ 0__DMY_28_ 2_12.wav	1.8096	6.4800	23	3	2	2	
59	Spectrogram 1	1	748.191958228	749.730961143	49.602	273.668	2569.DSG_RAWD_HMS_16_ 0_ 0__DMY_28_ 2_12.wav	1.5390	9.2620	23	3	2	2	
60	Spectrogram 1	1	751.502485033	753.134504607	47.892	270.248	2570.DSG_RAWD_HMS_16_10_ 0__DMY_28_ 2_12.wav	1.6320	1.7180	23	3	2	2	
61	Spectrogram 1	1	753.231749297	754.813032511	51.313	270.248	2570.DSG_RAWD_HMS_16_10_ 0__DMY_28_ 2_12.wav	1.5813	3.4472	23	3	2	2	
62	Spectrogram 1	1	755.168187030	756.445052085	53.023	292.483	2570.DSG_RAWD_HMS_16_10_ 0__DMY_28_ 2_12.wav	1.2769	5.3837	23	3	2	2	
63	Spectrogram 1	1	757.992492117	759.709072291	58.155	328.402	2570.DSG_RAWD_HMS_16_10_ 0__DMY_28_ 2_12.wav	1.7166	8.2080	23	3	2	2	
64	Spectrogram 1	1	760.842184327	762.474203901	63.286	345.506	2571.DSG_RAWD_HMS_16_20_ 0__DMY_28_ 2_12.wav	1.6320	0.2030	23	3	2	2	
65	Spectrogram 1	1	762.964641294	764.774238127	56.444	345.506	2571.DSG_RAWD_HMS_16_20_ 0__DMY_28_ 2_12.wav	1.8096	2.3254	23	3	2	2	
66	Spectrogram 1	1	765.247777486	767.099654619	54.734	280.510	2571.DSG_RAWD_HMS_16_20_ 0__DMY_28_ 2_12.wav	1.8519	4.6086	23	3	2	2	
67	Spectrogram 1	1	767.683107700	769.239022734	58.155	249.722	2571.DSG_RAWD_HMS_16_20_ 0__DMY_28_ 2_12.wav	1.5559	7.0439	23	3	2	2	
68	Spectrogram 1	1	770.253745073	771.725099508	56.444	263.406	2571.DSG_RAWD_HMS_16_20_ 0__DMY_28_ 2_12.wav	1.4714	9.6145	23	3	2	2	
69	Spectrogram 1	1	772.207094926	773.999779640	51.313	266.827	2572.DSG_RAWD_HMS_16_30_ 0__DMY_28_ 2_12.wav	1.7927	0.4419	23	3	2	2	
70	Spectrogram 1	1	777.458289923	779.377815536	53.023	258.275	2572.DSG_RAWD_HMS_16_30_ 0__DMY_28_ 2_12.wav	1.9195	5.6931	23	3	2	2	
71	Spectrogram 1	1	782.734853858	784.637467352	46.182	258.275	2573.DSG_RAWD_HMS_16_40_ 0__DMY_28_ 2_12.wav	1.9026	0.1150	23	3	2	2	
72	Spectrogram 1	1	784.713571891	786.421696005	46.182	256.564	2573.DSG_RAWD_HMS_16_40_ 0__DMY_28_ 2_12.wav	1.7081	2.0937	23	3	2	2	
73	Spectrogram 1	1	788.383486861	789.871753416	44.471	246.302	2573.DSG_RAWD_HMS_16_40_ 0__DMY_28_ 2_12.wav	1.4883	5.7636	23	3	2	2	
74	Spectrogram 1	1	790.277633609	792.121054682	58.155	263.406	2573.DSG_RAWD_HMS_16_40_ 0__DMY_28_ 2_12.wav	1.8434	7.6578	23	3	2	2	
75	Spectrogram 1	1	799.139566486	800.780042120	57.299	288.207	2574.DSG_RAWD_HMS_16_50_ 0__DMY_28_ 2_12.wav	1.6405	5.6651	23	3	2	2	
76	Spectrogram 1	1	800.864602719	803.071634372	58.155	282.221	2574.DSG_RAWD_HMS_16_50_ 0__DMY_28_ 2_12.wav	2.2070	7.3901	23	3	2	2	
77	Spectrogram 1	1	809.396727613	809.506656393	5.131	311.298	2576.DSG_RAWD_HMS_17_10_ 0__DMY_28_ 2_12.wav	0.1099	5.0676	3	2	2	2	
78	Spectrogram 1	1	809.794162432	810.910362348	49.602	277.089	2576.DSG_RAWD_HMS_17_10_ 0__DMY_28_ 2_12.wav	1.1162	5.4650	19	3	2	2	
79	Spectrogram 1	1	810.978010827	813.278059139	44.471	268.537	2576.DSG_RAWD_HMS_17_10_ 0__DMY_28_ 2_12.wav	2.3000	6.6489	17	3	2	1	
80	Spectrogram 1	1	811.299341106	811.392357766	1.710	309.587	2576.DSG_RAWD_HMS_17_10_ 0__DMY_28_ 2_12.wav	0.0930	6.9702	3	2	2	2	
81	Spectrogram 1	1	813.337243788	815.129928501	51.313	256.564	2576.DSG_RAWD_HMS_17_10_ 0__DMY_28_ 2_12.wav	1.7927	9.0081	23	3	2	2	
82	Spectrogram 1	1	818.114910870	819.899139524	49.602	280.510	2577.DSG_RAWD_HMS_17_20_ 0__DMY_28_ 2_12.wav	1.7842	2.9311	23	3	2	2	
83	Spectrogram 1	1	820.245822440	822.131523813	54.734	283.931	2577.DSG_RAWD_HMS_17_20_ 0__DMY_28_ 2_12.wav	1.8857	5.0620	23	3	2	2	
84	Spectrogram 1	1	822.478222272	824.237082746	54.734	280.510	2577.DSG_RAWD_HMS_17_20_ 0__DMY_28_ 2_12.wav	1.7589	7.2944	19	3	2	2	
85	Spectrogram 1	1	828.025374996	829.725043050	61.575	287.352	2578.DSG_RAWD_HMS_17_30_ 0__DMY_28_ 2_12.wav	1.6997	1.9869	23	3	2	2	
86	Spectrogram 1	1	829.825051584	831.583912058	56.444	280.510	2578.DSG_RAWD_HMS_17_30_ 0__DMY_28_ 2_12.wav	1.7589	3.7866	23	3	2	2	
87	Spectrogram 1	1	832.471798355	833.824767950	47.892	256.564	2578.DSG_RAWD_HMS_17_30_ 0__DMY_28_ 2_12.wav	1.3530	6.4334	9	3	2	2	
88	Spectrogram 1	1	835.025528465	836.801301059	56.444	277.089	2578.DSG_RAWD_HMS_17_30_ 0__DMY_28_ 2_12.wav	1.7758	8.9871	23	3	2	2	
89	Spectrogram 1	1	836.978857433	838.822278506	64.996	277.089	2579.DSG_RAWD_HMS_17_40_ 0__DMY_28_ 2_12.wav	1.8434	0.0858	23	3	2	2	
90	Spectrogram 1	1	838.974487586	840.843276839	59.865	275.379	2579.DSG_RAWD_HMS_17_40_ 0__DMY_28_ 2_12.wav	1.8688	2.0814	23	3	2	2	
91	Spectrogram 1	1	841.604322236	843.659144809	63.286	290.773	2579.DSG_RAWD_HMS_17_40_ 0__DMY_28_ 2_12.wav	2.0548	4.7113	23	3	2	2	
92	Spectrogram 1	1	844.547011677	846.212855491	59.865	253.143	2579.DSG_RAWD_HMS_17_40_ 0__DMY_28_ 2_12.wav	1.6658	7.6540	23	3	2	2	
93	Spectrogram 1	1	846.305872151	847.701122046	58.155	253.143	2579.DSG_RAWD_HMS_17_40_ 0__DMY_28_ 2_12.wav	1.3952	9.4128	23	3	2	2	
94	Spectrogram 1	1	848.233853824	850.043440458	56.444	256.564	2580.DSG_RAWD_HMS_17_50_ 0__DMY_28_ 2_12.wav	1.8096	0.4862	23	3	2	2	
95	Spectrogram 1	1	850.990519174	852.318120589	46.182	345.506	2580.DSG_RAWD_HMS_17_50_ 0__DMY_28_ 2_12.wav	1.3276	3.2428	9	2	2	2	
96	Spectrogram 1	1	852.377305238	854.263006611	61.575	283.931	2580.DSG_RAWD_HMS_17_50_ 0__DMY_28_ 2_12.wav	1.8857	4.6296	23	3	2	2	
97	Spectrogram 1	1	858.685504604	860.537381737	58.155	283.931	2581.DSG_RAWD_HMS_18_ 0_ 0__DMY_28_ 2_12.wav	1.8519	0.0831	23	3	2	2	
98	Spectrogram 1	1	860.647310517	862.456907350	49.602	270.248	2581.DSG_RAWD_HMS_18_ 0_ 0__DMY_28_ 2_12.wav	1.8096	2.0450	23	3	2	2	
99	Spectrogram 1	1	864.198845019	866.059178212	58.155	256.564	2581.DSG_RAWD_HMS_18_ 0_ 0__DMY_28_ 2_12.wav	1.8603	5.5965	23	3	2	2	
100	Spectrogram 1	1	867.648903886	868.951137122	49.602	259.985	2581.DSG_RAWD_HMS_18_ 0_ 0__DMY_28_ 2_12.wav	1.3022	9.0466	9	3	2	2	
101	Spectrogram 1	1	871.293456019	872.984668013	54.734	234.329	2582.DSG_RAWD_HMS_18_10_ 0__DMY_28_ 2_12.wav	1.6912	1.8364	23	3	2	2	
102	Spectrogram 1	1	875.310069933	877.068930407	44.471	258.275	2582.DSG_RAWD_HMS_18_10_ 0__DMY_28_ 2_12.wav	1.7589	5.8531	23	3	2	2	
103	Spectrogram 1	1	877.204227366	878.937719660	53.023	256.564	2582.DSG_RAWD_HMS_18_10_ 0__DMY_28_ 2_12.wav	1.7335	7.7473	23	3	2	2	
104	Spectrogram 1	1	883.106540225	885.127538558	56.444	249.722	2583.DSG_RAWD_HMS_18_20_ 0__DMY_28_ 2_12.wav	2.0210	2.7949	23	3	2	2	
105	Spectrogram 1	1	888.180160664	890.108142338	54.734	268.537	2583.DSG_RAWD_HMS_18_20_ 0__DMY_28_ 2_12.wav	1.9280	7.8685	23	3	2	2	
106	Spectrogram 1	1	891.300446793	893.363725426	54.734	270.248	2584.DSG_RAWD_HMS_18_30_ 0__DMY_28_ 2_12.wav	2.0633	0.1342	23	3	2	2	
107	Spectrogram 1	1	893.490548354	895.147936108	54.734	265.116	2584.DSG_RAWD_HMS_18_30_ 0__DMY_28_ 2_12.wav	1.6574	2.3242	23	3	2	2	
108	Spectrogram 1	1	895.520002747	897.363423820	49.602	261.695	2584.DSG_RAWD_HMS_18_30_ 0__DMY_28_ 2_12.wav	1.8434	4.3537	23	3	2	2	
109	Spectrogram 1	1	899.638089593	901.938137905	59.865	273.668	2584.DSG_RAWD_HMS_18_30_ 0__DMY_28_ 2_12.wav	2.3000	8.4718	23	3	2	2	
110	Spectrogram 1	1	902.606157414	904.331193648	68.417	304.456	2586.DSG_RAWD_HMS_18_50_ 0__DMY_28_ 2_12.wav	1.7250	0.5852	23	3	2	2	
111	Spectrogram 1	1	909.590836721	911.518818394	51.313	265.116	2586.DSG_RAWD_HMS_18_50_ 0__DMY_28_ 2_12.wav	1.9280	7.5699	23	3	2	2	
112	Spectrogram 1	1	914.190920230	916.288023102	59.865	256.564	2587.DSG_RAWD_HMS_19_ 0_ 0__DMY_28_ 2_12.wav	2.0971	1.3154	23	3	2	2	
113	Spectrogram 1	1	916.423315691	918.596523103	53.023	256.564	2587.DSG_RAWD_HMS_19_ 0_ 0__DMY_28_ 2_12.wav	2.1732	3.5478	23	3	2	2	
114	Spectrogram 1	1	921.293990417	923.230428150	53.023	248.012	2587.DSG_RAWD_HMS_19_ 0_ 0__DMY_28_ 2_12.wav	1.9364	8.4184	23	3	2	2	
115	Spectrogram 1	1	923.796984168	925.699597661	53.023	258.275	2588.DSG_RAWD_HMS_19_10_ 0__DMY_28_ 2_12.wav	1.9026	0.0668	23	3	2	2	
116	Spectrogram 1	1	927.652930029	929.606279882	63.286	271.958	2588.DSG_RAWD_HMS_19_10_ 0__DMY_28_ 2_12.wav	1.9533	3.9227	23	3	2	2	
117	Spectrogram 1	1	929.961434400	931.838679714	51.313	263.406	2588.DSG_RAWD_HMS_19_10_ 0__DMY_28_ 2_12.wav	1.8772	6.2312	23	3	2	2	
118	Spectrogram 1	1	934.679895949	936.895383661	70.128	278.800	2589.DSG_RAWD_HMS_19_20_ 0__DMY_28_ 2_12.wav	2.2155	0.0950	23	3	2	2	
119	Spectrogram 1	1	938.146866451	938.239883111	0.000	220.645	2589.DSG_RAWD_HMS_19_20_ 0__DMY_28_ 2_12.wav	0.0930	3.5620	3	2	2	2	
120	Spectrogram 1	1	938.375180070	940.303161743	56.444	249.722	2589.DSG_RAWD_HMS_19_20_ 0__DMY_28_ 2_12.wav	1.9280	3.7903	23	3	2	2	
121	Spectrogram 1	1	940.548387483	942.569385815	59.865	244.591	2589.DSG_RAWD_HMS_19_20_ 0__DMY_28_ 2_12.wav	2.0210	5.9635	23	3	2	2	
122	Spectrogram 1	1	945.512072554	947.617631487	54.734	258.275	2590.DSG_RAWD_HMS_19_30_ 0__DMY_28_ 2_12.wav	2.1056	0.0725	23	3	2	2	
123	Spectrogram 1	1	957.113758176	958.525920191	46.182	330.113	2591.DSG_RAWD_HMS_19_40_ 0__DMY_28_ 2_12.wav	1.4122	0.8196	9	2	2	2	
124	Spectrogram 1	1	967.176436026	969.256626778	58.155	290.773	2592.DSG_RAWD_HMS_19_50_ 0__DMY_28_ 2_12.wav	2.0802	0.0276	23	3	2	2	
125	Spectrogram 1	1	969.408835858	971.675059930	63.286	295.904	2592.DSG_RAWD_HMS_19_50_ 0__DMY_28_ 2_12.wav	2.2662	2.2600	23	3	2	2	
126	Spectrogram 1	1	979.978876547	982.152083959	49.602	289.062	2593.DSG_RAWD_HMS_20_ 0_ 0__DMY_28_ 2_12.wav	2.1732	1.9754	23	3	2	2	
127	Spectrogram 1	1	985.213160182	987.276438815	58.155	265.116	2593.DSG_RAWD_HMS_20_ 0_ 0__DMY_28_ 2_12.wav	2.0633	7.2097	23	3	2	2	
128	Spectrogram 1	1	996.214458959	998.260825471	58.155	261.695	2594.DSG_RAWD_HMS_20_10_ 0__DMY_28_ 2_12.wav	2.0464	7.3564	23	3	2	2	
129	Spectrogram 1	1	1002.666423487	1004.543668800	51.313	273.668	2595.DSG_RAWD_HMS_20_20_ 0__DMY_28_ 2_12.wav	1.8772	2.9537	23	3	2	2	
130	Spectrogram 1	1	1010.961788203	1013.481694074	61.575	309.587	2596.DSG_RAWD_HMS_20_30_ 0__DMY_28_ 2_12.wav	2.5199	0.3944	23	3	2	2	
131	Spectrogram 1	1	1013.549342554	1015.257466668	35.919	364.321	2596.DSG_RAWD_HMS_20_30_ 0__DMY_28_ 2_12.wav	1.7081	2.9820	9	1	2	2	
132	Spectrogram 1	1	1015.426573781	1017.540588774	54.734	340.375	2596.DSG_RAWD_HMS_20_30_ 0__DMY_28_ 2_12.wav	2.1140	4.8592	23	3	2	2	
133	Spectrogram 1	1	1017.709709973	1019.367097727	64.996	331.823	2596.DSG_RAWD_HMS_20_30_ 0__DMY_28_ 2_12.wav	1.6574	7.1423	23	3	2	2	
134	Spectrogram 1	1	1019.536218927	1021.362727880	66.707	324.981	2596.DSG_RAWD_HMS_20_30_ 0__DMY_28_ 2_12.wav	1.8265	8.9689	23	3	2	2	
135	Spectrogram 1	1	1024.212397474	1026.165747327	63.286	331.823	2597.DSG_RAWD_HMS_20_40_ 0__DMY_28_ 2_12.wav	1.9533	2.7904	23	3	2	2	
136	Spectrogram 1	1	1026.241851867	1028.296674439	49.602	319.850	2597.DSG_RAWD_HMS_20_40_ 0__DMY_28_ 2_12.wav	2.0548	4.8199	23	3	2	2	
137	Spectrogram 1	1	1035.983189966	1037.640577720	54.734	278.800	2598.DSG_RAWD_HMS_20_50_ 0__DMY_28_ 2_12.wav	1.6574	3.7065	23	3	2	2	
138	Spectrogram 1	1	1037.716682259	1039.467086673	47.892	270.248	2598.DSG_RAWD_HMS_20_50_ 0__DMY_28_ 2_12.wav	1.7504	5.4400	23	3	2	2	
139	Spectrogram 1	1	1043.196179035	1045.073424348	54.734	321.560	2599.DSG_RAWD_HMS_21_ 0_ 0__DMY_28_ 2_12.wav	1.8772	0.0649	23	3	2	2	
140	Spectrogram 1	1	1045.132616768	1046.620883323	49.602	311.298	2599.DSG_RAWD_HMS_21_ 0_ 0__DMY_28_ 2_12.wav	1.4883	2.0013	23	3	2	2	
141	Spectrogram 1	1	1047.128226399	1048.701053554	51.313	254.854	2599.DSG_RAWD_HMS_21_ 0_ 0__DMY_28_ 2_12.wav	1.5728	3.9969	9	3	2	2	
142	Spectrogram 1	1	1057.672876108	1059.364088102	54.734	283.931	2600.DSG_RAWD_HMS_21_10_ 0__DMY_28_ 2_12.wav	1.6912	3.6869	23	3	2	2	
143	Spectrogram 1	1	1059.448648702	1061.664136414	58.155	280.510	2600.DSG_RAWD_HMS_21_10_ 0__DMY_28_ 2_12.wav	2.2155	5.4627	23	3	2	2	
144	Spectrogram 1	1	1062.442093931	1064.293971064	49.602	271.958	2600.DSG_RAWD_HMS_21_10_ 0__DMY_28_ 2_12.wav	1.8519	8.4561	23	3	2	2	
145	Spectrogram 1	1	1065.376318387	1067.067530381	44.471	444.711	2601.DSG_RAWD_HMS_21_20_ 0__DMY_28_ 2_12.wav	1.6912	0.5357	9	1	2	2	
146	Spectrogram 1	1	1068.445868156	1068.606533295	0.000	290.773	2601.DSG_RAWD_HMS_21_20_ 0__DMY_28_ 2_12.wav	0.1607	3.6053	3	1	2	2	
147	Spectrogram 1	1	1079.692370934	1081.958595006	54.734	275.379	2603.DSG_RAWD_HMS_21_40_ 0__DMY_28_ 2_12.wav	2.2662	3.9972	23	3	2	2	
148	Spectrogram 1	1	1088.224497314	1090.042550208	47.892	278.800	2604.DSG_RAWD_HMS_21_50_ 0__DMY_28_ 2_12.wav	1.8181	1.4033	23	3	2	2	
149	Spectrogram 1	1	1091.885971281	1093.534902975	51.313	313.008	2604.DSG_RAWD_HMS_21_50_ 0__DMY_28_ 2_12.wav	1.6489	5.0647	9	3	2	2	
150	Spectrogram 1	1	1102.016280033	1104.071102606	64.996	263.406	2605.DSG_RAWD_HMS_22_ 0_ 0__DMY_28_ 2_12.wav	2.0548	4.3404	23	3	2	2	
151	Spectrogram 1	1	1105.111197982	1107.225212974	59.865	285.641	2605.DSG_RAWD_HMS_22_ 0_ 0__DMY_28_ 2_12.wav	2.1140	7.4353	23	3	2	2	
152	Spectrogram 1	1	1111.850640134	1113.440379409	49.602	302.746	2606.DSG_RAWD_HMS_22_10_ 0__DMY_28_ 2_12.wav	1.5897	3.0488	9	3	2	2	
153	Spectrogram 1	1	1115.038574743	1117.127221555	47.892	285.641	2606.DSG_RAWD_HMS_22_10_ 0__DMY_28_ 2_12.wav	2.0886	6.2367	23	3	2	2	
154	Spectrogram 1	1	1117.220216449	1118.936796623	56.444	290.773	2606.DSG_RAWD_HMS_22_10_ 0__DMY_28_ 2_12.wav	1.7166	8.4183	23	3	2	2	
155	Spectrogram 1	1	1124.576977876	1126.361206529	53.023	287.352	2607.DSG_RAWD_HMS_22_20_ 0__DMY_28_ 2_12.wav	1.7842	4.9204	23	3	2	2	
156	Spectrogram 1	1	1129.185504148	1130.504649503	46.182	287.352	2607.DSG_RAWD_HMS_22_20_ 0__DMY_28_ 2_12.wav	1.3191	9.5290	9	2	1	2	
157	Spectrogram 1	1	1130.589195683	1133.396607593	61.575	283.931	2608.DSG_RAWD_HMS_22_30_ 0__DMY_28_ 2_12.wav	2.8074	0.0780	23	3	2	2	
158	Spectrogram 1	1	1133.591096973	1135.586727125	61.575	282.221	2608.DSG_RAWD_HMS_22_30_ 0__DMY_28_ 2_12.wav	1.9956	3.0799	23	3	2	2	
159	Spectrogram 1	1	1148.067803427	1149.488421502	41.050	348.927	2609.DSG_RAWD_HMS_22_40_ 0__DMY_28_ 2_12.wav	1.4206	6.7019	9	1	2	2	
160	Spectrogram 1	1	1149.564526042	1151.551700135	58.155	297.614	2609.DSG_RAWD_HMS_22_40_ 0__DMY_28_ 2_12.wav	1.9872	8.1987	23	3	2	2	
161	Spectrogram 1	1	1152.295811646	1154.189969079	53.023	323.271	2610.DSG_RAWD_HMS_22_50_ 0__DMY_28_ 2_12.wav	1.8942	0.0753	23	3	2	2	
162	Spectrogram 1	1	1156.980448833	1159.948525882	41.050	251.433	2610.DSG_RAWD_HMS_22_50_ 0__DMY_28_ 2_12.wav	2.9681	4.7600	17	3	2	2	
163	Spectrogram 1	1	1163.144906776	1165.453411147	63.286	318.140	2611.DSG_RAWD_HMS_23_ 0_ 0__DMY_28_ 2_12.wav	2.3085	0.0698	23	3	2	2	
164	Spectrogram 1	1	1166.662610601	1168.962658913	53.023	297.614	2611.DSG_RAWD_HMS_23_ 0_ 0__DMY_28_ 2_12.wav	2.3000	3.5875	23	3	2	2	
165	Spectrogram 1	1	1169.196146427	1170.532203902	37.629	253.143	2611.DSG_RAWD_HMS_23_ 0_ 0__DMY_28_ 2_12.wav	1.3361	6.1210	9	3	2	2	
166	Spectrogram 1	1	1178.455487377	1180.569502370	56.444	278.800	2612.DSG_RAWD_HMS_23_10_ 0__DMY_28_ 2_12.wav	2.1140	4.5257	23	3	2	2	
167	Spectrogram 1	1	1180.654062970	1182.345274963	58.155	278.800	2612.DSG_RAWD_HMS_23_10_ 0__DMY_28_ 2_12.wav	1.6912	6.7243	23	3	2	2	
168	Spectrogram 1	1	1182.379083812	1183.605212508	46.182	265.116	2612.DSG_RAWD_HMS_23_10_ 0__DMY_28_ 2_12.wav	1.2261	8.4493	9	3	2	2	
169	Spectrogram 1	1	1188.966330333	1190.158634789	47.892	289.062	2613.DSG_RAWD_HMS_23_20_ 0__DMY_28_ 2_12.wav	1.1923	4.1819	19	3	2	2	
170	Spectrogram 1	1	1190.192459029	1192.407946741	53.023	319.850	2613.DSG_RAWD_HMS_23_20_ 0__DMY_28_ 2_12.wav	2.2155	5.4080	17	2	2	2	
171	Spectrogram 1	1	1193.075962728	1194.149882345	58.155	318.140	2613.DSG_RAWD_HMS_23_20_ 0__DMY_28_ 2_12.wav	1.0739	8.2916	23	3	2	2	
172	Spectrogram 1	1	1198.090376965	1203.781305325	51.313	338.665	2614.DSG_RAWD_HMS_23_30_ 0__DMY_28_ 2_12.wav	5.6909	2.4513	10	3	2	2	
173	Spectrogram 1	1	1204.001162884	1206.461876335	44.471	324.981	2614.DSG_RAWD_HMS_23_30_ 0__DMY_28_ 2_12.wav	2.4607	8.3621	10	3	1	2	
174	Spectrogram 1	1	1209.193146760	1210.241698196	44.471	306.167	2615.DSG_RAWD_HMS_23_40_ 0__DMY_28_ 2_12.wav	1.0486	2.6994	23	3	2	2	
175	Spectrogram 1	1	1210.368539096	1211.603123851	53.023	304.456	2615.DSG_RAWD_HMS_23_40_ 0__DMY_28_ 2_12.wav	1.2346	3.8749	23	3	2	2	
176	Spectrogram 1	1	1211.992102610	1213.446544925	30.788	278.800	2615.DSG_RAWD_HMS_23_40_ 0__DMY_28_ 2_12.wav	1.4544	5.4984	9	2	2	2	
177	Spectrogram 1	1	1215.755026134	1217.294029048	47.892	304.456	2615.DSG_RAWD_HMS_23_40_ 0__DMY_28_ 2_12.wav	1.5390	9.2613	23	3	2	2	
178	Spectrogram 1	1	1224.236415395	1226.164397068	61.575	342.086	2616.DSG_RAWD_HMS_23_50_ 0__DMY_28_ 2_12.wav	1.9280	6.8880	23	3	2	2	
179	Spectrogram 1	1	1233.554942481	1237.461642187	37.629	275.379	2617.DSG_RAWD_HMS_ 0_ 0_ 0__DMY_29_ 2_12.wav	3.9067	5.3519	10	3	2	2	
180	Spectrogram 1	1	1342.948412285	1344.580431859	56.444	311.298	2628.DSG_RAWD_HMS_ 1_50_ 0__DMY_29_ 2_12.wav	1.6320	6.1990	23	3	2	2	
181	Spectrogram 1	1	1344.800289418	1346.652166552	51.313	304.456	2628.DSG_RAWD_HMS_ 1_50_ 0__DMY_29_ 2_12.wav	1.8519	8.0509	23	3	2	2	
182	Spectrogram 1	1	1347.903650040	1350.338995311	37.629	328.402	2629.DSG_RAWD_HMS_ 2_ 0_ 0__DMY_29_ 2_12.wav	2.4353	0.0282	17	3	2	2	
183	Spectrogram 1	1	1355.352913688	1357.272439302	53.023	299.325	2629.DSG_RAWD_HMS_ 2_ 0_ 0__DMY_29_ 2_12.wav	1.9195	7.4775	19	3	2	2	
184	Spectrogram 1	1	1358.786074036	1362.126217724	66.707	297.614	2630.DSG_RAWD_HMS_ 2_10_ 0__DMY_29_ 2_12.wav	3.3401	0.0560	23	3	2	2	
185	Spectrogram 1	1	1364.020350872	1365.500161367	49.602	283.931	2630.DSG_RAWD_HMS_ 2_10_ 0__DMY_29_ 2_12.wav	1.4798	5.2902	23	3	2	2	
186	Spectrogram 1	1	1365.838403765	1367.884770278	53.023	290.773	2630.DSG_RAWD_HMS_ 2_10_ 0__DMY_29_ 2_12.wav	2.0464	7.1083	23	3	2	2	
187	Spectrogram 1	1	1368.070803597	1369.525245912	51.313	290.773	2630.DSG_RAWD_HMS_ 2_10_ 0__DMY_29_ 2_12.wav	1.4544	9.3407	23	3	2	2	
188	Spectrogram 1	1	1369.762000534	1371.774542807	56.444	285.641	2631.DSG_RAWD_HMS_ 2_20_ 0__DMY_29_ 2_12.wav	2.0125	0.1773	23	3	2	2	
189	Spectrogram 1	1	1371.867559467	1373.863189619	54.734	289.062	2631.DSG_RAWD_HMS_ 2_20_ 0__DMY_29_ 2_12.wav	1.9956	2.2828	23	3	2	2	
190	Spectrogram 1	1	1373.973106256	1375.892631869	51.313	283.931	2631.DSG_RAWD_HMS_ 2_20_ 0__DMY_29_ 2_12.wav	1.9195	4.3884	23	3	2	2	
191	Spectrogram 1	1	1375.994104589	1377.355530244	56.444	289.062	2631.DSG_RAWD_HMS_ 2_20_ 0__DMY_29_ 2_12.wav	1.3614	6.4094	23	3	2	2	
192	Spectrogram 1	1	1377.905166371	1380.399696776	53.023	273.668	2631.DSG_RAWD_HMS_ 2_20_ 0__DMY_29_ 2_12.wav	2.4945	8.3205	23	3	2	2	
193	Spectrogram 1	1	1388.574517981	1389.809102736	47.892	270.248	2632.DSG_RAWD_HMS_ 2_30_ 0__DMY_29_ 2_12.wav	1.2346	8.1352	23	3	2	2	
194	Spectrogram 1	1	1389.927484662	1391.246630017	47.892	265.116	2632.DSG_RAWD_HMS_ 2_30_ 0__DMY_29_ 2_12.wav	1.3191	9.4881	23	3	2	2	
195	Spectrogram 1	1	1396.252600519	1398.950083649	54.734	289.062	2633.DSG_RAWD_HMS_ 2_40_ 0__DMY_29_ 2_12.wav	2.6975	4.9586	17	3	2	2	
196	Spectrogram 1	1	1400.117004383	1402.129546655	54.734	259.985	2633.DSG_RAWD_HMS_ 2_40_ 0__DMY_29_ 2_12.wav	2.0125	8.8230	23	3	2	2	
197	Spectrogram 1	1	1403.389499591	1405.791020622	53.023	251.433	2634.DSG_RAWD_HMS_ 2_50_ 0__DMY_29_ 2_12.wav	2.4015	1.2408	23	3	2	2	
198	Spectrogram 1	1	1406.095422753	1408.099508965	41.050	249.722	2634.DSG_RAWD_HMS_ 2_50_ 0__DMY_29_ 2_12.wav	2.0041	3.9467	23	3	2	2	
199	Spectrogram 1	1	1419.312209241	1421.925131771	56.444	277.089	2635.DSG_RAWD_HMS_ 3_ 0_ 0__DMY_29_ 2_12.wav	2.6129	6.3089	23	3	2	2	
200	Spectrogram 1	1	1423.920743953	1426.567490723	58.155	314.719	2636.DSG_RAWD_HMS_ 3_10_ 0__DMY_29_ 2_12.wav	2.6467	0.0628	23	3	2	2	
201	Spectrogram 1	1	1443.716321783	1445.534374677	46.182	248.012	2637.DSG_RAWD_HMS_ 3_20_ 0__DMY_29_ 2_12.wav	1.8181	9.0037	9	3	1	2	
202	Spectrogram 1	1	1446.320788254	1448.341786587	54.734	290.773	2638.DSG_RAWD_HMS_ 3_30_ 0__DMY_29_ 2_12.wav	2.0210	0.7535	23	3	2	2	
203	Spectrogram 1	1	1448.451715366	1450.827868218	53.023	292.483	2638.DSG_RAWD_HMS_ 3_30_ 0__DMY_29_ 2_12.wav	2.3762	2.8845	23	3	2	2	
204	Spectrogram 1	1	1451.521241821	1453.483047734	53.023	271.958	2638.DSG_RAWD_HMS_ 3_30_ 0__DMY_29_ 2_12.wav	1.9618	5.9540	23	3	2	2	
205	Spectrogram 1	1	1453.550696214	1455.943761185	54.734	266.827	2638.DSG_RAWD_HMS_ 3_30_ 0__DMY_29_ 2_12.wav	2.3931	7.9834	23	3	2	2	
206	Spectrogram 1	1	1456.789352611	1459.064032743	66.707	278.800	2639.DSG_RAWD_HMS_ 3_40_ 0__DMY_29_ 2_12.wav	2.2747	0.3674	23	3	2	2	
207	Spectrogram 1	1	1459.157049403	1461.397905294	63.286	278.800	2639.DSG_RAWD_HMS_ 3_40_ 0__DMY_29_ 2_12.wav	2.2409	2.7352	23	3	2	2	
208	Spectrogram 1	1	1461.702311037	1463.985447229	61.575	282.221	2639.DSG_RAWD_HMS_ 3_40_ 0__DMY_29_ 2_12.wav	2.2831	5.2804	23	3	2	2	
209	Spectrogram 1	1	1464.103832069	1467.241030317	51.313	282.221	2639.DSG_RAWD_HMS_ 3_40_ 0__DMY_29_ 2_12.wav	3.1372	7.6819	23	3	2	2	
210	Spectrogram 1	1	1467.418589120	1469.837022271	59.865	275.379	2640.DSG_RAWD_HMS_ 3_50_ 0__DMY_29_ 2_12.wav	2.4184	0.1420	23	3	2	2	
211	Spectrogram 1	1	1471.739635764	1474.310277995	54.734	271.958	2640.DSG_RAWD_HMS_ 3_50_ 0__DMY_29_ 2_12.wav	2.5706	4.4631	23	3	2	2	
212	Spectrogram 1	1	1474.386365049	1476.720237601	54.734	266.827	2640.DSG_RAWD_HMS_ 3_50_ 0__DMY_29_ 2_12.wav	2.3339	7.1098	23	3	2	2	
213	Spectrogram 1	1	1485.074788635	1487.780727825	44.471	283.931	2641.DSG_RAWD_HMS_ 4_ 0_ 0__DMY_29_ 2_12.wav	2.7059	6.9436	23	3	2	2	
214	Spectrogram 1	1	1489.057592881	1491.695883591	56.444	271.958	2642.DSG_RAWD_HMS_ 4_10_ 0__DMY_29_ 2_12.wav	2.6383	0.0718	23	3	2	2	
215	Spectrogram 1	1	1496.777949890	1499.788307240	56.444	258.275	2642.DSG_RAWD_HMS_ 4_10_ 0__DMY_29_ 2_12.wav	3.0104	7.7921	23	3	2	2	
216	Spectrogram 1	1	1500.456322377	1502.561881310	58.155	251.433	2643.DSG_RAWD_HMS_ 4_20_ 0__DMY_29_ 2_12.wav	2.1056	0.6159	23	3	2	2	
217	Spectrogram 1	1	1521.613321006	1523.862632958	53.023	265.116	2646.DSG_RAWD_HMS_ 4_50_ 0__DMY_29_ 2_12.wav	2.2493	0.0635	23	3	2	2	
218	Spectrogram 1	1	1524.234699596	1526.754605467	41.050	256.564	2646.DSG_RAWD_HMS_ 4_50_ 0__DMY_29_ 2_12.wav	2.5199	2.6850	23	3	2	2	
219	Spectrogram 1	1	1529.215299490	1531.388506902	56.444	273.668	2646.DSG_RAWD_HMS_ 4_50_ 0__DMY_29_ 2_12.wav	2.1732	7.6656	23	3	2	2	
220	Spectrogram 1	1	1532.437046196	1534.770918747	56.444	282.221	2647.DSG_RAWD_HMS_ 5_ 0_ 0__DMY_29_ 2_12.wav	2.3339	0.0327	23	3	2	2	
221	Spectrogram 1	1	1534.855473518	1537.578324829	51.313	283.931	2647.DSG_RAWD_HMS_ 5_ 0_ 0__DMY_29_ 2_12.wav	2.7229	2.4511	23	3	2	2	
222	Spectrogram 1	1	1543.590554537	1546.448702807	49.602	283.931	2648.DSG_RAWD_HMS_ 5_10_ 0__DMY_29_ 2_12.wav	2.8581	0.0602	23	3	2	2	
223	Spectrogram 1	1	1546.626277152	1548.867133044	53.023	270.248	2648.DSG_RAWD_HMS_ 5_10_ 0__DMY_29_ 2_12.wav	2.2409	3.0959	23	3	2	2	
224	Spectrogram 1	1	1549.010886063	1551.201005595	63.286	266.827	2648.DSG_RAWD_HMS_ 5_10_ 0__DMY_29_ 2_12.wav	2.1901	5.4805	23	3	2	2	
225	Spectrogram 1	1	1552.215716763	1553.966121177	53.023	265.116	2648.DSG_RAWD_HMS_ 5_10_ 0__DMY_29_ 2_12.wav	1.7504	8.6853	23	3	2	2	
226	Spectrogram 1	1	1556.570572105	1559.242687055	59.865	283.931	2649.DSG_RAWD_HMS_ 5_20_ 0__DMY_29_ 2_12.wav	2.6721	2.1855	23	3	2	2	
227	Spectrogram 1	1	1562.971799302	1565.195743074	51.313	254.854	2649.DSG_RAWD_HMS_ 5_20_ 0__DMY_29_ 2_12.wav	2.2239	8.5867	23	3	2	2	
228	Spectrogram 1	1	1570.768260092	1573.398094743	59.865	246.302	2650.DSG_RAWD_HMS_ 5_30_ 0__DMY_29_ 2_12.wav	2.6298	5.5286	23	3	2	2	
229	Spectrogram 1	1	1573.499567462	1576.027929393	63.286	237.749	2650.DSG_RAWD_HMS_ 5_30_ 0__DMY_29_ 2_12.wav	2.5284	8.2598	23	3	2	2	
230	Spectrogram 1	1	1576.163202553	1578.108096346	71.838	249.722	2651.DSG_RAWD_HMS_ 5_40_ 0__DMY_29_ 2_12.wav	1.9449	0.0688	23	3	2	2	
231	Spectrogram 1	1	1578.285673605	1580.222111339	70.128	249.722	2651.DSG_RAWD_HMS_ 5_40_ 0__DMY_29_ 2_12.wav	1.9364	2.1913	23	3	2	2	
232	Spectrogram 1	1	1580.399688598	1582.293846031	56.444	254.854	2651.DSG_RAWD_HMS_ 5_40_ 0__DMY_29_ 2_12.wav	1.8942	4.3054	23	3	2	2	
233	Spectrogram 1	1	1582.665896156	1584.678438428	66.707	253.143	2651.DSG_RAWD_HMS_ 5_40_ 0__DMY_29_ 2_12.wav	2.0125	6.5716	23	3	2	2	
234	Spectrogram 1	1	1585.016680827	1586.877014021	63.286	239.460	2651.DSG_RAWD_HMS_ 5_40_ 0__DMY_29_ 2_12.wav	1.8603	8.9224	23	3	2	2	
235	Spectrogram 1	1	1587.020751710	1588.331441005	66.707	270.248	2652.DSG_RAWD_HMS_ 5_50_ 0__DMY_29_ 2_12.wav	1.3107	0.0718	23	3	2	2	
236	Spectrogram 1	1	1589.024837922	1591.164221095	70.128	258.275	2652.DSG_RAWD_HMS_ 5_50_ 0__DMY_29_ 2_12.wav	2.1394	2.0759	23	3	2	2	
237	Spectrogram 1	1	1591.358710474	1593.557286066	59.865	251.433	2652.DSG_RAWD_HMS_ 5_50_ 0__DMY_29_ 2_12.wav	2.1986	4.4097	23	3	2	2	
238	Spectrogram 1	1	1594.149197150	1596.618366661	58.155	244.591	2652.DSG_RAWD_HMS_ 5_50_ 0__DMY_29_ 2_12.wav	2.4692	7.2002	23	3	2	2	
239	Spectrogram 1	1	1599.831648564	1601.362195418	30.788	313.008	2653.DSG_RAWD_HMS_ 6_ 0_ 0__DMY_29_ 2_12.wav	1.5305	2.0280	9	3	2	2	
240	Spectrogram 1	1	1605.547931504	1608.600569153	64.996	261.695	2653.DSG_RAWD_HMS_ 6_ 0_ 0__DMY_29_ 2_12.wav	3.0526	7.7443	23	3	2	2	
241	Spectrogram 1	1	1608.727393538	1611.627822108	51.313	258.275	2654.DSG_RAWD_HMS_ 6_10_ 0__DMY_29_ 2_12.wav	2.9004	0.0691	23	3	2	2	
242	Spectrogram 1	1	1616.932625444	1619.460987375	61.575	275.379	2654.DSG_RAWD_HMS_ 6_10_ 0__DMY_29_ 2_12.wav	2.5284	8.2743	23	3	2	2	
243	Spectrogram 1	1	1619.579372215	1621.668019027	58.155	275.379	2655.DSG_RAWD_HMS_ 6_20_ 0__DMY_29_ 2_12.wav	2.0886	0.0665	23	3	2	2	
244	Spectrogram 1	1	1623.579074495	1625.946771286	56.444	236.039	2655.DSG_RAWD_HMS_ 6_20_ 0__DMY_29_ 2_12.wav	2.3677	4.0662	23	3	2	2	
245	Spectrogram 1	1	1630.420002239	1632.770786911	63.286	270.248	2656.DSG_RAWD_HMS_ 6_30_ 0__DMY_29_ 2_12.wav	2.3508	0.0525	23	3	2	2	
246	Spectrogram 1	1	1633.210502029	1635.087747342	58.155	251.433	2656.DSG_RAWD_HMS_ 6_30_ 0__DMY_29_ 2_12.wav	1.8772	2.8429	23	3	2	2	
247	Spectrogram 1	1	1635.223036045	1637.201754078	70.128	249.722	2656.DSG_RAWD_HMS_ 6_30_ 0__DMY_29_ 2_12.wav	1.9787	4.8555	23	3	2	2	
248	Spectrogram 1	1	1637.328594977	1639.231208470	54.734	244.591	2656.DSG_RAWD_HMS_ 6_30_ 0__DMY_29_ 2_12.wav	1.9026	6.9610	23	3	2	2	
249	Spectrogram 1	1	1639.332681190	1641.159190143	53.023	239.460	2656.DSG_RAWD_HMS_ 6_30_ 0__DMY_29_ 2_12.wav	1.8265	8.9651	23	3	2	2	
250	Spectrogram 1	1	1641.294464760	1643.721353972	58.155	263.406	2657.DSG_RAWD_HMS_ 6_40_ 0__DMY_29_ 2_12.wav	2.4269	0.0723	23	3	2	2	
251	Spectrogram 1	1	1656.050246665	1658.384119216	53.023	258.275	2658.DSG_RAWD_HMS_ 6_50_ 0__DMY_29_ 2_12.wav	2.3339	3.9734	23	3	2	2	
252	Spectrogram 1	1	1659.390379181	1661.622779013	70.128	275.379	2658.DSG_RAWD_HMS_ 6_50_ 0__DMY_29_ 2_12.wav	2.2324	7.3135	23	3	2	2	
253	Spectrogram 1	1	1663.009572848	1664.996746941	53.023	265.116	2659.DSG_RAWD_HMS_ 7_ 0_ 0__DMY_29_ 2_12.wav	1.9872	0.0780	23	3	2	2	
254	Spectrogram 1	1	1665.225044532	1668.159297342	54.734	263.406	2659.DSG_RAWD_HMS_ 7_ 0_ 0__DMY_29_ 2_12.wav	2.9343	2.2936	23	3	2	2	
255	Spectrogram 1	1	1668.303050361	1670.290224454	56.444	261.695	2659.DSG_RAWD_HMS_ 7_ 0_ 0__DMY_29_ 2_12.wav	1.9872	5.3715	23	3	2	2	
256	Spectrogram 1	1	1679.600322681	1681.968019472	59.865	248.012	2660.DSG_RAWD_HMS_ 7_10_ 0__DMY_29_ 2_12.wav	2.3677	5.8142	23	3	2	2	
257	Spectrogram 1	1	1682.086384883	1684.580922574	54.734	242.881	2660.DSG_RAWD_HMS_ 7_10_ 0__DMY_29_ 2_12.wav	2.4945	8.3003	23	3	2	2	
258	Spectrogram 1	1	1684.716207391	1686.483523925	63.286	242.881	2661.DSG_RAWD_HMS_ 7_20_ 0__DMY_29_ 2_12.wav	1.7673	0.0754	23	3	2	2	
259	Spectrogram 1	1	1688.952693436	1691.151269028	42.761	227.487	2661.DSG_RAWD_HMS_ 7_20_ 0__DMY_29_ 2_12.wav	2.1986	4.3119	23	3	2	2	
260	Spectrogram 1	1	1691.269639296	1693.485127008	47.892	224.066	2661.DSG_RAWD_HMS_ 7_20_ 0__DMY_29_ 2_12.wav	2.2155	6.6289	23	3	2	2	
261	Spectrogram 1	1	1696.605393709	1699.378981379	49.602	256.564	2662.DSG_RAWD_HMS_ 7_30_ 0__DMY_29_ 2_12.wav	2.7736	1.1100	23	3	2	2	
262	Spectrogram 1	1	1703.522430364	1706.270649854	58.155	249.722	2662.DSG_RAWD_HMS_ 7_30_ 0__DMY_29_ 2_12.wav	2.7482	8.0270	23	3	2	2	
263	Spectrogram 1	1	1706.380578634	1708.790555725	49.602	258.275	2663.DSG_RAWD_HMS_ 7_40_ 0__DMY_29_ 2_12.wav	2.4100	0.0305	23	3	2	2	
264	Spectrogram 1	1	1708.951205808	1711.141325340	61.575	215.514	2663.DSG_RAWD_HMS_ 7_40_ 0__DMY_29_ 2_12.wav	2.1901	2.6012	23	3	2	2	
265	Spectrogram 1	1	1711.251254119	1713.686599391	64.996	265.116	2663.DSG_RAWD_HMS_ 7_40_ 0__DMY_29_ 2_12.wav	2.4353	4.9012	23	3	2	2	
266	Spectrogram 1	1	1713.779616050	1717.145127918	59.865	256.564	2663.DSG_RAWD_HMS_ 7_40_ 0__DMY_29_ 2_12.wav	3.3655	7.4296	23	3	2	2	
267	Spectrogram 1	1	1717.737028316	1726.336841305	51.313	313.008	2664.DSG_RAWD_HMS_ 7_50_ 0__DMY_29_ 2_12.wav	8.5998	0.5323	10	3	2	2	
268	Spectrogram 1	1	1731.317429724	1733.439900777	54.734	249.722	2665.DSG_RAWD_HMS_ 8_ 0_ 0__DMY_29_ 2_12.wav	2.1225	3.2580	23	3	2	2	
269	Spectrogram 1	1	1733.541373496	1735.672300609	46.182	241.170	2665.DSG_RAWD_HMS_ 8_ 0_ 0__DMY_29_ 2_12.wav	2.1309	5.4820	23	3	2	2	
270	Spectrogram 1	1	1745.371368366	1748.128043916	56.444	239.460	2666.DSG_RAWD_HMS_ 8_10_ 0__DMY_29_ 2_12.wav	2.7567	6.4573	23	3	2	2	
271	Spectrogram 1	1	1749.869967498	1752.516714269	63.286	266.827	2667.DSG_RAWD_HMS_ 8_20_ 0__DMY_29_ 2_12.wav	2.6467	0.1013	23	3	2	2	
272	Spectrogram 1	1	1752.728104111	1755.298746342	59.865	275.379	2667.DSG_RAWD_HMS_ 8_20_ 0__DMY_29_ 2_12.wav	2.5706	2.9595	23	3	2	2	
273	Spectrogram 1	1	1755.450955421	1757.666443133	71.838	273.668	2667.DSG_RAWD_HMS_ 8_20_ 0__DMY_29_ 2_12.wav	2.2155	5.6823	23	3	2	2	
274	Spectrogram 1	1	1757.801740093	1760.516135343	61.575	266.827	2667.DSG_RAWD_HMS_ 8_20_ 0__DMY_29_ 2_12.wav	2.7144	8.0331	23	3	2	2	
275	Spectrogram 1	1	1760.676777654	1763.044474446	61.575	266.827	2668.DSG_RAWD_HMS_ 8_30_ 0__DMY_29_ 2_12.wav	2.3677	0.0535	23	3	2	2	
276	Spectrogram 1	1	1763.188227465	1764.431268281	58.155	270.248	2668.DSG_RAWD_HMS_ 8_30_ 0__DMY_29_ 2_12.wav	1.2430	2.5649	23	3	2	2	
277	Spectrogram 1	1	1772.109342562	1774.341742394	47.892	256.564	2669.DSG_RAWD_HMS_ 8_40_ 0__DMY_29_ 2_12.wav	2.2324	0.6314	23	3	2	2	
278	Spectrogram 1	1	1776.472657363	1778.087764818	42.761	340.375	2669.DSG_RAWD_HMS_ 8_40_ 0__DMY_29_ 2_12.wav	1.6151	4.9947	9	2	2	2	
279	Spectrogram 1	1	1780.709133694	1782.273504788	37.629	290.773	2669.DSG_RAWD_HMS_ 8_40_ 0__DMY_29_ 2_12.wav	1.5644	9.2312	23	3	2	2	
280	Spectrogram 1	1	1782.400345688	1784.776498539	51.313	251.433	2670.DSG_RAWD_HMS_ 8_50_ 0__DMY_29_ 2_12.wav	2.3762	0.0678	23	3	2	2	
281	Spectrogram 1	1	1784.903322439	1787.583893450	49.602	246.302	2670.DSG_RAWD_HMS_ 8_50_ 0__DMY_29_ 2_12.wav	2.6806	2.5708	23	3	2	2	
282	Spectrogram 1	1	1788.759275100	1791.583599130	68.417	256.564	2670.DSG_RAWD_HMS_ 8_50_ 0__DMY_29_ 2_12.wav	2.8243	6.4267	23	3	2	2	
283	Spectrogram 1	1	1793.207150987	1794.805346321	49.602	254.854	2671.DSG_RAWD_HMS_ 9_ 0_ 0__DMY_29_ 2_12.wav	1.5982	0.0199	23	3	2	2	
284	Spectrogram 1	1	1794.915275101	1796.547294675	59.865	248.012	2671.DSG_RAWD_HMS_ 9_ 0_ 0__DMY_29_ 2_12.wav	1.6320	1.7280	23	3	2	2	
285	Spectrogram 1	1	1796.581118915	1798.475276348	42.761	396.819	2671.DSG_RAWD_HMS_ 9_ 0_ 0__DMY_29_ 2_12.wav	1.8942	3.3939	9	2	2	2	
286	Spectrogram 1	1	1800.031170982	1802.187466275	56.444	266.827	2671.DSG_RAWD_HMS_ 9_ 0_ 0__DMY_29_ 2_12.wav	2.1563	6.8439	23	3	2	2	
287	Spectrogram 1	1	1802.280482934	1804.030887348	51.313	265.116	2671.DSG_RAWD_HMS_ 9_ 0_ 0__DMY_29_ 2_12.wav	1.7504	9.0933	23	3	2	2	
288	Spectrogram 1	1	1814.922247904	1817.239208335	54.734	275.379	2673.DSG_RAWD_HMS_ 9_20_ 0__DMY_29_ 2_12.wav	2.3170	0.0257	23	3	2	2	
289	Spectrogram 1	1	1817.416785595	1819.699921786	56.444	268.537	2673.DSG_RAWD_HMS_ 9_20_ 0__DMY_29_ 2_12.wav	2.2831	2.5203	23	3	2	2	
290	Spectrogram 1	1	1819.945136840	1822.152168492	53.023	270.248	2673.DSG_RAWD_HMS_ 9_20_ 0__DMY_29_ 2_12.wav	2.2070	5.0486	23	3	2	2	
291	Spectrogram 1	1	1822.262097272	1824.875019802	63.286	263.406	2673.DSG_RAWD_HMS_ 9_20_ 0__DMY_29_ 2_12.wav	2.6129	7.3656	23	3	2	2	
292	Spectrogram 1	1	1828.003738191	1830.151577423	59.865	266.827	2674.DSG_RAWD_HMS_ 9_30_ 0__DMY_29_ 2_12.wav	2.1478	2.2526	23	3	2	2	
293	Spectrogram 1	1	1830.337610743	1832.460081795	56.444	256.564	2674.DSG_RAWD_HMS_ 9_30_ 0__DMY_29_ 2_12.wav	2.1225	4.5865	23	3	2	2	
294	Spectrogram 1	1	1834.827763044	1836.586623518	58.155	259.985	2674.DSG_RAWD_HMS_ 9_30_ 0__DMY_29_ 2_12.wav	1.7589	9.0766	23	3	2	2	
295	Spectrogram 1	1	1836.696540640	1839.639249510	66.707	256.564	2675.DSG_RAWD_HMS_ 9_40_ 0__DMY_29_ 2_12.wav	2.9427	0.0908	23	3	2	2	
296	Spectrogram 1	1	1839.833738889	1842.116875081	49.602	251.433	2675.DSG_RAWD_HMS_ 9_40_ 0__DMY_29_ 2_12.wav	2.2831	3.2279	23	3	2	2	
297	Spectrogram 1	1	1847.672475395	1849.794946448	49.602	230.908	2676.DSG_RAWD_HMS_ 9_50_ 0__DMY_29_ 2_12.wav	2.1225	0.2120	23	3	2	2	
298	Spectrogram 1	1	1850.632096385	1853.321123455	49.602	212.093	2676.DSG_RAWD_HMS_ 9_50_ 0__DMY_29_ 2_12.wav	2.6890	3.1717	23	3	2	2	
299	Spectrogram 1	1	1853.371842815	1855.342104788	58.155	251.433	2676.DSG_RAWD_HMS_ 9_50_ 0__DMY_29_ 2_12.wav	1.9703	5.9114	23	3	2	2	
300	Spectrogram 1	1	1855.722627487	1858.250989418	66.707	254.854	2676.DSG_RAWD_HMS_ 9_50_ 0__DMY_29_ 2_12.wav	2.5284	8.2622	23	3	2	2	
301	Spectrogram 1	1	1860.035202043	1862.343706414	59.865	271.958	2677.DSG_RAWD_HMS_10_ 0_ 0__DMY_29_ 2_12.wav	2.3085	1.7201	23	3	2	2	
302	Spectrogram 1	1	1862.445169906	1864.855146997	63.286	268.537	2677.DSG_RAWD_HMS_10_ 0_ 0__DMY_29_ 2_12.wav	2.4100	4.1301	23	3	2	2	
303	Spectrogram 1	1	1865.024260911	1867.222836503	63.286	270.248	2677.DSG_RAWD_HMS_10_ 0_ 0__DMY_29_ 2_12.wav	2.1986	6.7092	23	3	2	2	
304	Spectrogram 1	1	1867.307397102	1869.412956035	54.734	270.248	2677.DSG_RAWD_HMS_10_ 0_ 0__DMY_29_ 2_12.wav	2.1056	8.9923	23	3	2	2	
305	Spectrogram 1	1	1870.030231899	1872.423296870	54.734	253.143	2678.DSG_RAWD_HMS_10_10_ 0__DMY_29_ 2_12.wav	2.3931	0.5891	23	3	2	2	
306	Spectrogram 1	1	1872.507857470	1874.139877044	49.602	304.456	2678.DSG_RAWD_HMS_10_10_ 0__DMY_29_ 2_12.wav	1.6320	3.0668	9	2	2	2	
307	Spectrogram 1	1	1874.207525524	1876.389188996	59.865	273.668	2678.DSG_RAWD_HMS_10_10_ 0__DMY_29_ 2_12.wav	2.1817	4.7664	23	3	2	2	
308	Spectrogram 1	1	1876.659763699	1879.484087729	58.155	270.248	2678.DSG_RAWD_HMS_10_10_ 0__DMY_29_ 2_12.wav	2.8243	7.2186	23	3	2	2	
309	Spectrogram 1	1	1880.701747250	1882.705833463	54.734	229.197	2679.DSG_RAWD_HMS_10_20_ 0__DMY_29_ 2_12.wav	2.0041	0.4060	23	3	2	2	
310	Spectrogram 1	1	1882.790394063	1884.752199975	46.182	220.645	2679.DSG_RAWD_HMS_10_20_ 0__DMY_29_ 2_12.wav	1.9618	2.4946	23	3	2	2	
311	Spectrogram 1	1	1891.254879007	1893.901625777	49.602	249.722	2680.DSG_RAWD_HMS_10_30_ 0__DMY_29_ 2_12.wav	2.6467	0.1045	23	3	2	2	
312	Spectrogram 1	1	1894.003098497	1896.328514988	51.313	225.776	2680.DSG_RAWD_HMS_10_30_ 0__DMY_29_ 2_12.wav	2.3254	2.8527	23	3	2	2	
313	Spectrogram 1	1	1897.503891296	1899.499521449	61.575	290.773	2680.DSG_RAWD_HMS_10_30_ 0__DMY_29_ 2_12.wav	1.9956	6.3535	23	3	2	2	
314	Spectrogram 1	1	1899.600994168	1901.943322780	63.286	283.931	2680.DSG_RAWD_HMS_10_30_ 0__DMY_29_ 2_12.wav	2.3423	8.4506	23	3	2	2	
315	Spectrogram 1	1	1902.103987919	1904.657718030	54.734	282.221	2681.DSG_RAWD_HMS_10_40_ 0__DMY_29_ 2_12.wav	2.5537	0.0990	23	3	2	2	
316	Spectrogram 1	1	1904.750714988	1907.456654178	54.734	271.958	2681.DSG_RAWD_HMS_10_40_ 0__DMY_29_ 2_12.wav	2.7059	2.7457	23	3	2	2	
317	Spectrogram 1	1	1945.686382029	1954.328475318	44.471	277.089	2685.DSG_RAWD_HMS_11_20_ 0__DMY_29_ 2_12.wav	8.6421	0.2628	10	2	2	2	
318	Spectrogram 1	1	1961.059459719	1962.666111113	47.892	307.877	2686.DSG_RAWD_HMS_11_30_ 0__DMY_29_ 2_12.wav	1.6067	4.7812	9	2	2	2	
319	Spectrogram 1	1	1967.160482216	1969.147656309	58.155	280.510	2687.DSG_RAWD_HMS_11_40_ 0__DMY_29_ 2_12.wav	1.9872	0.0276	23	3	2	2	
320	Spectrogram 1	1	1970.200435775	1972.635781046	51.313	259.985	2687.DSG_RAWD_HMS_11_40_ 0__DMY_29_ 2_12.wav	2.4353	3.0675	23	3	2	2	
321	Spectrogram 1	1	1972.779523380	1975.172588351	54.734	256.564	2687.DSG_RAWD_HMS_11_40_ 0__DMY_29_ 2_12.wav	2.3931	5.6466	23	3	2	2	
322	Spectrogram 1	1	1975.874441329	1977.591021503	51.313	256.564	2687.DSG_RAWD_HMS_11_40_ 0__DMY_29_ 2_12.wav	1.7166	8.7416	23	3	2	2	
323	Spectrogram 1	1	1981.286296608	1983.358031300	68.417	290.773	2688.DSG_RAWD_HMS_11_50_ 0__DMY_29_ 2_12.wav	2.0717	3.2987	23	3	2	2	
324	Spectrogram 1	1	1983.391855540	1984.609528176	54.734	277.089	2688.DSG_RAWD_HMS_11_50_ 0__DMY_29_ 2_12.wav	1.2177	5.4043	19	3	2	2	
325	Spectrogram 1	1	1985.480488753	1986.385287170	58.155	282.221	2688.DSG_RAWD_HMS_11_50_ 0__DMY_29_ 2_12.wav	0.9048	7.4929	19	3	2	2	
326	Spectrogram 1	1	1986.419111409	1986.951843188	61.575	280.510	2688.DSG_RAWD_HMS_11_50_ 0__DMY_29_ 2_12.wav	0.5327	8.4316	18	3	2	2	
327	Spectrogram 1	1	1989.590122727	1991.222142301	59.865	249.722	2689.DSG_RAWD_HMS_12_ 0_ 0__DMY_29_ 2_12.wav	1.6320	0.7479	23	3	2	2	
328	Spectrogram 1	1	1993.446074416	1994.790587951	73.548	263.406	2689.DSG_RAWD_HMS_12_ 0_ 0__DMY_29_ 2_12.wav	1.3445	4.6039	23	3	2	2	
329	Spectrogram 1	1	1995.957515970	1996.980699226	53.023	249.722	2689.DSG_RAWD_HMS_12_ 0_ 0__DMY_29_ 2_12.wav	1.0232	7.1153	23	3	2	2	
330	Spectrogram 1	1	2007.313974122	2009.326516394	47.892	290.773	2690.DSG_RAWD_HMS_12_10_ 0__DMY_29_ 2_12.wav	2.0125	7.6171	23	3	2	2	
331	Spectrogram 1	1	2012.226925536	2013.892769350	44.471	285.641	2691.DSG_RAWD_HMS_12_20_ 0__DMY_29_ 2_12.wav	1.6658	1.6754	9	3	2	2	
332	Spectrogram 1	1	2021.452458791	2022.999917766	64.996	294.194	2692.DSG_RAWD_HMS_12_30_ 0__DMY_29_ 2_12.wav	1.5475	0.0463	23	3	2	2	
333	Spectrogram 1	1	2028.589353977	2030.644176550	56.444	313.008	2692.DSG_RAWD_HMS_12_30_ 0__DMY_29_ 2_12.wav	2.0548	7.1833	23	3	2	2	
334	Spectrogram 1	1	2036.538023361	2038.592845934	53.023	326.692	2693.DSG_RAWD_HMS_12_40_ 0__DMY_29_ 2_12.wav	2.0548	4.2773	23	3	2	2	
335	Spectrogram 1	1	2043.192917118	2044.283748854	54.734	294.194	2694.DSG_RAWD_HMS_12_50_ 0__DMY_29_ 2_12.wav	1.0908	0.0775	23	3	2	2	
336	Spectrogram 1	1	2044.342941274	2045.425316950	56.444	289.062	2694.DSG_RAWD_HMS_12_50_ 0__DMY_29_ 2_12.wav	1.0824	1.2275	23	3	2	2	
337	Spectrogram 1	1	2059.284746296	2060.874485570	44.471	342.086	2695.DSG_RAWD_HMS_13_ 0_ 0__DMY_29_ 2_12.wav	1.5897	5.3147	9	2	2	2	
338	Spectrogram 1	1	2065.339232442	2066.506168718	56.444	331.823	2696.DSG_RAWD_HMS_13_10_ 0__DMY_29_ 2_12.wav	1.1669	0.5145	23	3	2	2	
339	Spectrogram 1	1	2067.791489833	2068.730112490	51.313	318.140	2696.DSG_RAWD_HMS_13_10_ 0__DMY_29_ 2_12.wav	0.9386	2.9668	23	3	2	2	
340	Spectrogram 1	1	2069.068335763	2070.057694779	61.575	314.719	2696.DSG_RAWD_HMS_13_10_ 0__DMY_29_ 2_12.wav	0.9894	4.2436	23	3	2	2	
341	Spectrogram 1	1	2070.108431139	2070.911756836	53.023	313.008	2696.DSG_RAWD_HMS_13_10_ 0__DMY_29_ 2_12.wav	0.8033	5.2838	23	3	2	2	
342	Spectrogram 1	1	2079.012617388	2080.196465784	53.023	314.719	2697.DSG_RAWD_HMS_13_20_ 0__DMY_29_ 2_12.wav	1.1838	3.3332	23	3	2	2	
343	Spectrogram 1	1	2080.492427883	2081.684732338	56.444	311.298	2697.DSG_RAWD_HMS_13_20_ 0__DMY_29_ 2_12.wav	1.1923	4.8131	23	3	2	2	
344	Spectrogram 1	1	2086.572290526	2087.832243462	66.707	302.746	2698.DSG_RAWD_HMS_13_30_ 0__DMY_29_ 2_12.wav	1.2600	0.0383	23	3	2	2	
345	Spectrogram 1	1	2088.069013141	2089.345878196	49.602	302.746	2698.DSG_RAWD_HMS_13_30_ 0__DMY_29_ 2_12.wav	1.2769	1.5350	23	3	2	2	
346	Spectrogram 1	1	2091.180843210	2092.576093105	37.629	290.773	2698.DSG_RAWD_HMS_13_30_ 0__DMY_29_ 2_12.wav	1.3952	4.6469	19	3	2	2	
347	Spectrogram 1	1	2093.277917606	2094.588606902	49.602	282.221	2698.DSG_RAWD_HMS_13_30_ 0__DMY_29_ 2_12.wav	1.3107	6.7439	23	3	2	2	
348	Spectrogram 1	1	2094.673167501	2095.933120437	39.340	273.668	2698.DSG_RAWD_HMS_13_30_ 0__DMY_29_ 2_12.wav	1.2600	8.1392	19	3	2	2	
349	Spectrogram 1	1	2096.009210222	2097.379091937	29.077	263.406	2698.DSG_RAWD_HMS_13_30_ 0__DMY_29_ 2_12.wav	1.3699	9.4752	17	3	1	2	
350	Spectrogram 1	1	2097.455196477	2098.537572153	42.761	265.116	2699.DSG_RAWD_HMS_13_40_ 0__DMY_29_ 2_12.wav	1.0824	0.0666	23	3	2	2	
351	Spectrogram 1	1	2099.002655452	2100.076575068	46.182	253.143	2699.DSG_RAWD_HMS_13_40_ 0__DMY_29_ 2_12.wav	1.0739	1.6140	23	3	2	2	
352	Spectrogram 1	1	2100.279520507	2101.370352243	44.471	290.773	2699.DSG_RAWD_HMS_13_40_ 0__DMY_29_ 2_12.wav	1.0908	2.8909	23	3	2	2	
353	Spectrogram 1	1	2101.454884094	2102.664100669	64.996	289.062	2699.DSG_RAWD_HMS_13_40_ 0__DMY_29_ 2_12.wav	1.2092	4.0663	23	3	2	2	
354	Spectrogram 1	1	2108.862353192	2110.105394008	47.892	323.271	2700.DSG_RAWD_HMS_13_50_ 0__DMY_29_ 2_12.wav	1.2430	0.6191	23	3	2	2	
355	Spectrogram 1	1	2110.223778848	2111.331522704	56.444	299.325	2700.DSG_RAWD_HMS_13_50_ 0__DMY_29_ 2_12.wav	1.1077	1.9805	23	3	2	2	
356	Spectrogram 1	1	2111.449907543	2112.608387759	53.023	290.773	2700.DSG_RAWD_HMS_13_50_ 0__DMY_29_ 2_12.wav	1.1585	3.2066	23	3	2	2	
357	Spectrogram 1	1	2112.760596838	2113.910620994	58.155	290.773	2700.DSG_RAWD_HMS_13_50_ 0__DMY_29_ 2_12.wav	1.1500	4.5173	23	3	2	2	
358	Spectrogram 1	1	2119.305532732	2120.573941727	58.155	290.773	2701.DSG_RAWD_HMS_14_ 0_ 0__DMY_29_ 2_12.wav	1.2684	0.2076	23	3	2	2	
359	Spectrogram 1	1	2120.726150807	2122.028384042	51.313	285.641	2701.DSG_RAWD_HMS_14_ 0_ 0__DMY_29_ 2_12.wav	1.3022	1.6283	23	3	2	2	
360	Spectrogram 1	1	2122.155224942	2123.516650597	58.155	285.641	2701.DSG_RAWD_HMS_14_ 0_ 0__DMY_29_ 2_12.wav	1.3614	3.0573	23	3	2	2	
361	Spectrogram 1	1	2127.101979223	2128.218179139	56.444	283.931	2701.DSG_RAWD_HMS_14_ 0_ 0__DMY_29_ 2_12.wav	1.1162	8.0040	23	3	2	2	
362	Spectrogram 1	1	2128.404212458	2129.926303253	71.838	309.587	2701.DSG_RAWD_HMS_14_ 0_ 0__DMY_29_ 2_12.wav	1.5221	9.3063	23	3	2	2	
363	Spectrogram 1	1	2130.184213082	2131.528726617	54.734	307.877	2702.DSG_RAWD_HMS_14_10_ 0__DMY_29_ 2_12.wav	1.3445	0.2317	23	3	2	2	
364	Spectrogram 1	1	2134.035917979	2135.718673913	47.892	357.479	2702.DSG_RAWD_HMS_14_10_ 0__DMY_29_ 2_12.wav	1.6828	4.0833	9	2	2	2	
365	Spectrogram 1	1	2135.760954213	2137.020907149	63.286	292.483	2702.DSG_RAWD_HMS_14_10_ 0__DMY_29_ 2_12.wav	1.2600	5.8084	23	3	2	2	
366	Spectrogram 1	1	2137.198484408	2138.373876744	61.575	295.904	2702.DSG_RAWD_HMS_14_10_ 0__DMY_29_ 2_12.wav	1.1754	7.2459	23	3	2	2	
367	Spectrogram 1	1	2138.500691596	2139.709908172	59.865	297.614	2702.DSG_RAWD_HMS_14_10_ 0__DMY_29_ 2_12.wav	1.2092	8.5481	23	3	2	2	
368	Spectrogram 1	1	2140.893741813	2142.128326569	54.734	307.877	2703.DSG_RAWD_HMS_14_20_ 0__DMY_29_ 2_12.wav	1.2346	0.0865	23	3	2	2	
369	Spectrogram 1	1	2143.422103744	2144.715880920	70.128	313.008	2703.DSG_RAWD_HMS_14_20_ 0__DMY_29_ 2_12.wav	1.2938	2.6149	23	3	2	2	
370	Spectrogram 1	1	2145.282417600	2146.652299315	70.128	321.560	2703.DSG_RAWD_HMS_14_20_ 0__DMY_29_ 2_12.wav	1.3699	4.4752	23	3	2	2	
371	Spectrogram 1	1	2146.812964454	2148.698665827	56.444	319.850	2703.DSG_RAWD_HMS_14_20_ 0__DMY_29_ 2_12.wav	1.8857	6.0058	23	3	2	2	
372	Spectrogram 1	1	2162.854013223	2163.851828299	54.734	323.271	2705.DSG_RAWD_HMS_14_40_ 0__DMY_29_ 2_12.wav	0.9978	0.3375	23	3	2	2	
373	Spectrogram 1	1	2165.221706341	2166.490115337	70.128	314.719	2705.DSG_RAWD_HMS_14_40_ 0__DMY_29_ 2_12.wav	1.2684	2.7052	23	3	2	2	
374	Spectrogram 1	1	2167.978381891	2169.246790887	61.575	302.746	2705.DSG_RAWD_HMS_14_40_ 0__DMY_29_ 2_12.wav	1.2684	5.4619	23	3	2	2	
375	Spectrogram 1	1	2173.407133382	2174.624806017	54.734	297.614	2706.DSG_RAWD_HMS_14_50_ 0__DMY_29_ 2_12.wav	1.2177	0.0360	23	3	2	2	
376	Spectrogram 1	1	2175.910127133	2177.170080068	64.996	304.456	2706.DSG_RAWD_HMS_14_50_ 0__DMY_29_ 2_12.wav	1.2600	2.5390	23	3	2	2	
377	Spectrogram 1	1	2177.288442595	2178.582219770	58.155	301.035	2706.DSG_RAWD_HMS_14_50_ 0__DMY_29_ 2_12.wav	1.2938	3.9173	23	3	2	2	
378	Spectrogram 1	1	2178.683692490	2179.842172706	51.313	297.614	2706.DSG_RAWD_HMS_14_50_ 0__DMY_29_ 2_12.wav	1.1585	5.3126	23	3	2	2	
379	Spectrogram 1	1	2179.943645425	2181.440368040	51.313	301.035	2706.DSG_RAWD_HMS_14_50_ 0__DMY_29_ 2_12.wav	1.4967	6.5725	23	3	2	2	
380	Spectrogram 1	1	2186.674619829	2188.188254564	47.892	324.981	2707.DSG_RAWD_HMS_15_ 0_ 0__DMY_29_ 2_12.wav	1.5136	2.4489	9	2	2	2	
381	Spectrogram 1	1	2189.566592339	2190.758896795	64.996	313.008	2707.DSG_RAWD_HMS_15_ 0_ 0__DMY_29_ 2_12.wav	1.1923	5.3408	23	3	2	2	
382	Spectrogram 1	1	2190.911086475	2192.382440910	59.865	314.719	2707.DSG_RAWD_HMS_15_ 0_ 0__DMY_29_ 2_12.wav	1.4714	6.6853	23	3	2	2	
383	Spectrogram 1	1	2192.509281810	2193.819971105	58.155	307.877	2707.DSG_RAWD_HMS_15_ 0_ 0__DMY_29_ 2_12.wav	1.3107	8.2835	23	3	2	2	
384	Spectrogram 1	1	2193.938355945	2195.037643741	63.286	309.587	2707.DSG_RAWD_HMS_15_ 0_ 0__DMY_29_ 2_12.wav	1.0993	9.7126	23	3	2	2	
385	Spectrogram 1	1	2195.528067715	2196.813388830	59.865	295.904	2708.DSG_RAWD_HMS_15_10_ 0__DMY_29_ 2_12.wav	1.2853	0.4477	23	3	2	2	
386	Spectrogram 1	1	2196.914861550	2198.081797825	54.734	283.931	2708.DSG_RAWD_HMS_15_10_ 0__DMY_29_ 2_12.wav	1.1669	1.8344	23	3	2	2	
387	Spectrogram 1	1	2198.276287205	2199.637712860	63.286	285.641	2708.DSG_RAWD_HMS_15_10_ 0__DMY_29_ 2_12.wav	1.3614	3.1958	23	3	2	2	
388	Spectrogram 1	1	2199.679969329	2200.821537424	63.286	271.958	2708.DSG_RAWD_HMS_15_10_ 0__DMY_29_ 2_12.wav	1.1416	4.5995	23	3	2	2	
389	Spectrogram 1	1	2201.709423721	2202.834079697	51.313	253.143	2708.DSG_RAWD_HMS_15_10_ 0__DMY_29_ 2_12.wav	1.1247	6.6290	23	3	2	2	
390	Spectrogram 1	1	2205.979699853	2208.076802726	63.286	319.850	2709.DSG_RAWD_HMS_15_20_ 0__DMY_29_ 2_12.wav	2.0971	0.0447	23	3	2	2	
391	Spectrogram 1	1	2208.516517844	2209.894855619	73.548	328.402	2709.DSG_RAWD_HMS_15_20_ 0__DMY_29_ 2_12.wav	1.3783	2.5814	23	3	2	2	
392	Spectrogram 1	1	2210.047064699	2211.120984315	64.996	319.850	2709.DSG_RAWD_HMS_15_20_ 0__DMY_29_ 2_12.wav	1.0739	4.1120	23	3	2	2	
393	Spectrogram 1	1	2211.205544914	2212.524690270	58.155	328.402	2709.DSG_RAWD_HMS_15_20_ 0__DMY_29_ 2_12.wav	1.3191	5.2704	23	3	2	2	
394	Spectrogram 1	1	2212.651498534	2213.801522690	70.128	301.035	2709.DSG_RAWD_HMS_15_20_ 0__DMY_29_ 2_12.wav	1.1500	6.7164	23	3	2	2	
395	Spectrogram 1	1	2213.869171170	2215.086843806	70.128	270.248	2709.DSG_RAWD_HMS_15_20_ 0__DMY_29_ 2_12.wav	1.2177	7.9341	23	3	2	2	
396	Spectrogram 1	1	2220.650889220	2223.145426911	56.444	321.560	2710.DSG_RAWD_HMS_15_30_ 0__DMY_29_ 2_12.wav	2.4945	3.5898	17	3	2	2	
397	Spectrogram 1	1	2223.213075391	2225.639964602	59.865	311.298	2710.DSG_RAWD_HMS_15_30_ 0__DMY_29_ 2_12.wav	2.4269	6.1520	23	3	2	2	
398	Spectrogram 1	1	2230.434503762	2232.666903594	70.128	321.560	2711.DSG_RAWD_HMS_15_40_ 0__DMY_29_ 2_12.wav	2.2324	2.5187	23	3	2	2	
399	Spectrogram 1	1	2234.493388990	2236.066216144	59.865	299.325	2711.DSG_RAWD_HMS_15_40_ 0__DMY_29_ 2_12.wav	1.5728	6.5776	23	3	2	2	
400	Spectrogram 1	1	2237.309256960	2239.101941674	72.693	310.443	2711.DSG_RAWD_HMS_15_40_ 0__DMY_29_ 2_12.wav	1.7927	9.3935	23	3	2	2	
401	Spectrogram 1	1	2243.947232858	2247.329656846	53.023	301.035	2712.DSG_RAWD_HMS_15_50_ 0__DMY_29_ 2_12.wav	3.3824	4.9055	17	3	2	2	
402	Spectrogram 1	1	2253.510989781	2255.202201775	53.023	295.904	2713.DSG_RAWD_HMS_16_ 0_ 0__DMY_29_ 2_12.wav	1.6912	3.6146	23	3	2	2	
403	Spectrogram 1	1	2256.081632012	2257.840492486	58.155	282.221	2713.DSG_RAWD_HMS_16_ 0_ 0__DMY_29_ 2_12.wav	1.7589	6.1852	23	3	2	2	
404	Spectrogram 1	1	2257.975758541	2259.624690235	54.734	278.800	2713.DSG_RAWD_HMS_16_ 0_ 0__DMY_29_ 2_12.wav	1.6489	8.0794	23	3	2	2	
405	Spectrogram 1	1	2266.347217231	2268.131445885	47.892	372.873	2714.DSG_RAWD_HMS_16_10_ 0__DMY_29_ 2_12.wav	1.7842	5.5962	9	2	2	2	
406	Spectrogram 1	1	2268.249830724	2270.160900278	71.838	309.587	2714.DSG_RAWD_HMS_16_10_ 0__DMY_29_ 2_12.wav	1.9111	7.4988	23	3	2	2	
407	Spectrogram 1	1	2271.682962111	2273.323437745	51.313	311.298	2715.DSG_RAWD_HMS_16_20_ 0__DMY_29_ 2_12.wav	1.6405	0.0773	23	3	2	2	
408	Spectrogram 1	1	2277.868558959	2279.699295942	47.037	281.365	2715.DSG_RAWD_HMS_16_20_ 0__DMY_29_ 2_12.wav	1.8307	6.2629	23	3	2	2	
409	Spectrogram 1	1	2279.944521681	2281.373595816	47.892	266.827	2715.DSG_RAWD_HMS_16_20_ 0__DMY_29_ 2_12.wav	1.4291	8.3389	9	3	2	2	
410	Spectrogram 1	1	2295.325988422	2297.253970095	54.734	268.537	2717.DSG_RAWD_HMS_16_40_ 0__DMY_29_ 2_12.wav	1.9280	2.0110	23	3	2	2	
411	Spectrogram 1	1	2298.725310049	2300.906973521	53.023	290.773	2717.DSG_RAWD_HMS_16_40_ 0__DMY_29_ 2_12.wav	2.1817	5.4104	23	3	2	2	
412	Spectrogram 1	1	2301.262128040	2303.283126372	56.444	277.089	2717.DSG_RAWD_HMS_16_40_ 0__DMY_29_ 2_12.wav	2.0210	7.9472	23	3	2	2	
413	Spectrogram 1	1	2306.107408903	2307.874725437	61.575	285.641	2718.DSG_RAWD_HMS_16_50_ 0__DMY_29_ 2_12.wav	1.7673	1.9378	23	3	2	2	
414	Spectrogram 1	1	2317.041025470	2318.571572324	61.575	280.510	2719.DSG_RAWD_HMS_17_ 0_ 0__DMY_29_ 2_12.wav	1.5305	2.0168	23	3	2	2	
415	Spectrogram 1	1	2318.647676864	2320.093663119	56.444	275.379	2719.DSG_RAWD_HMS_17_ 0_ 0__DMY_29_ 2_12.wav	1.4460	3.6234	23	3	2	2	
416	Spectrogram 1	1	2320.135943418	2321.742594813	44.471	304.456	2719.DSG_RAWD_HMS_17_ 0_ 0__DMY_29_ 2_12.wav	1.6067	5.1117	9	2	2	2	
417	Spectrogram 1	1	2321.827130397	2323.374589372	46.182	294.194	2719.DSG_RAWD_HMS_17_ 0_ 0__DMY_29_ 2_12.wav	1.5475	6.8029	23	3	2	2	
418	Spectrogram 1	1	2323.442237852	2324.634542307	49.602	290.773	2719.DSG_RAWD_HMS_17_ 0_ 0__DMY_29_ 2_12.wav	1.1923	8.4180	23	3	2	2	
419	Spectrogram 1	1	2329.437546271	2330.849708286	51.313	271.958	2720.DSG_RAWD_HMS_17_10_ 0__DMY_29_ 2_12.wav	1.4122	3.5586	23	3	2	2	
420	Spectrogram 1	1	2332.718468092	2335.779561801	53.023	273.668	2720.DSG_RAWD_HMS_17_10_ 0__DMY_29_ 2_12.wav	3.0611	6.8396	23	3	2	2	
421	Spectrogram 1	1	2336.777355323	2338.688424876	51.313	271.958	2721.DSG_RAWD_HMS_17_20_ 0__DMY_29_ 2_12.wav	1.9111	0.0438	23	3	2	2	
422	Spectrogram 1	1	2338.739161236	2340.007570232	49.602	266.827	2721.DSG_RAWD_HMS_17_20_ 0__DMY_29_ 2_12.wav	1.2684	2.0056	23	3	2	2	
423	Spectrogram 1	1	2352.547826111	2355.067731982	63.286	265.116	2722.DSG_RAWD_HMS_17_30_ 0__DMY_29_ 2_12.wav	2.5199	4.9597	23	3	2	2	
424	Spectrogram 1	1	2359.050508511	2361.485853782	71.838	290.773	2723.DSG_RAWD_HMS_17_40_ 0__DMY_29_ 2_12.wav	2.4353	0.6077	23	3	2	2	
425	Spectrogram 1	1	2364.310156197	2366.162033330	49.602	297.614	2723.DSG_RAWD_HMS_17_40_ 0__DMY_29_ 2_12.wav	1.8519	5.8673	23	3	2	2	
426	Spectrogram 1	1	2367.261321126	2368.944077060	44.471	324.981	2723.DSG_RAWD_HMS_17_40_ 0__DMY_29_ 2_12.wav	1.6828	8.8185	9	2	2	2	
427	Spectrogram 1	1	2371.024225342	2373.087503974	58.155	306.167	2724.DSG_RAWD_HMS_17_50_ 0__DMY_29_ 2_12.wav	2.0633	1.7268	23	3	2	2	
428	Spectrogram 1	1	2373.197432754	2374.981661408	63.286	299.325	2724.DSG_RAWD_HMS_17_50_ 0__DMY_29_ 2_12.wav	1.7842	3.9000	23	3	2	2	
429	Spectrogram 1	1	2375.108502307	2377.171780940	70.128	297.614	2724.DSG_RAWD_HMS_17_50_ 0__DMY_29_ 2_12.wav	2.0633	5.8111	23	3	2	2	
430	Spectrogram 1	1	2378.786850568	2380.072171683	46.182	294.194	2724.DSG_RAWD_HMS_17_50_ 0__DMY_29_ 2_12.wav	1.2853	9.4894	9	3	2	2	
431	Spectrogram 1	1	2380.190556523	2381.492789758	47.892	299.325	2725.DSG_RAWD_HMS_18_ 0_ 0__DMY_29_ 2_12.wav	1.3022	0.0384	23	3	2	2	
432	Spectrogram 1	1	2381.695718774	2383.902750426	49.602	299.325	2725.DSG_RAWD_HMS_18_ 0_ 0__DMY_29_ 2_12.wav	2.2070	1.5436	23	3	2	2	
433	Spectrogram 1	1	2384.384745844	2386.177430558	41.050	304.456	2725.DSG_RAWD_HMS_18_ 0_ 0__DMY_29_ 2_12.wav	1.7927	4.2326	23	3	2	2	
434	Spectrogram 1	1	2393.627165566	2395.851109338	56.444	277.089	2726.DSG_RAWD_HMS_18_10_ 0__DMY_29_ 2_12.wav	2.2239	2.6204	23	3	2	2	
435	Spectrogram 1	1	2397.804425797	2400.358155908	51.313	249.722	2726.DSG_RAWD_HMS_18_10_ 0__DMY_29_ 2_12.wav	2.5537	6.7977	23	3	2	2	
436	Spectrogram 1	1	2403.478416141	2405.550150834	53.023	242.881	2727.DSG_RAWD_HMS_18_20_ 0__DMY_29_ 2_12.wav	2.0717	1.6170	23	3	2	2	
437	Spectrogram 1	1	2414.200631665	2416.745905716	59.865	266.827	2728.DSG_RAWD_HMS_18_30_ 0__DMY_29_ 2_12.wav	2.5453	1.4846	23	3	2	2	
438	Spectrogram 1	1	2416.965763275	2418.673887389	59.865	249.722	2728.DSG_RAWD_HMS_18_30_ 0__DMY_29_ 2_12.wav	1.7081	4.2497	23	3	2	2	
439	Spectrogram 1	1	2418.809184348	2420.584956942	47.892	253.143	2728.DSG_RAWD_HMS_18_30_ 0__DMY_29_ 2_12.wav	1.7758	6.0931	23	3	2	2	
440	Spectrogram 1	1	2420.796321586	2423.130194138	63.286	254.854	2728.DSG_RAWD_HMS_18_30_ 0__DMY_29_ 2_12.wav	2.3339	8.0803	23	3	2	2	
441	Spectrogram 1	1	2423.637557736	2425.328769730	64.996	256.564	2729.DSG_RAWD_HMS_18_40_ 0__DMY_29_ 2_12.wav	1.6912	0.0668	23	3	2	2	
442	Spectrogram 1	1	2425.430242450	2427.163734744	54.734	251.433	2729.DSG_RAWD_HMS_18_40_ 0__DMY_29_ 2_12.wav	1.7335	1.8595	23	3	2	2	
443	Spectrogram 1	1	2432.161210205	2434.266769138	53.023	263.406	2729.DSG_RAWD_HMS_18_40_ 0__DMY_29_ 2_12.wav	2.1056	8.5905	23	3	2	2	
444	Spectrogram 1	1	2434.486626697	2436.642921989	59.865	263.406	2730.DSG_RAWD_HMS_18_50_ 0__DMY_29_ 2_12.wav	2.1563	0.0613	23	3	2	2	
445	Spectrogram 1	1	2445.344140152	2447.280577885	56.444	285.641	2731.DSG_RAWD_HMS_19_ 0_ 0__DMY_29_ 2_12.wav	1.9364	0.0641	23	3	2	2	
446	Spectrogram 1	1	2447.449699084	2449.529889837	61.575	282.221	2731.DSG_RAWD_HMS_19_ 0_ 0__DMY_29_ 2_12.wav	2.0802	2.1697	23	3	2	2	
447	Spectrogram 1	1	2449.648252363	2451.466305257	56.444	277.089	2731.DSG_RAWD_HMS_19_ 0_ 0__DMY_29_ 2_12.wav	1.8181	4.3683	23	3	2	2	
448	Spectrogram 1	1	2454.510486846	2456.117138240	47.892	230.908	2731.DSG_RAWD_HMS_19_ 0_ 0__DMY_29_ 2_12.wav	1.6067	9.2305	23	3	2	2	
449	Spectrogram 1	1	2461.461321723	2463.465407936	41.050	246.302	2732.DSG_RAWD_HMS_19_10_ 0__DMY_29_ 2_12.wav	2.0041	5.3267	23	3	2	2	
450	Spectrogram 1	1	2505.559416117	2508.172338647	56.444	218.935	2736.DSG_RAWD_HMS_19_50_ 0__DMY_29_ 2_12.wav	2.6129	6.0062	23	3	2	2	
451	Spectrogram 1	1	2511.410967479	2513.550350651	44.471	265.116	2737.DSG_RAWD_HMS_20_ 0_ 0__DMY_29_ 2_12.wav	2.1394	1.0031	23	3	2	2	
452	Spectrogram 1	1	2513.668735491	2515.757382304	54.734	256.564	2737.DSG_RAWD_HMS_20_ 0_ 0__DMY_29_ 2_12.wav	2.0886	3.2609	23	3	2	2	
453	Spectrogram 1	1	2515.875767143	2517.600803377	51.313	249.722	2737.DSG_RAWD_HMS_20_ 0_ 0__DMY_29_ 2_12.wav	1.7250	5.4679	23	3	2	2	
454	Spectrogram 1	1	2519.325798870	2521.211500244	53.023	254.854	2737.DSG_RAWD_HMS_20_ 0_ 0__DMY_29_ 2_12.wav	1.8857	8.9180	23	3	2	2	
455	Spectrogram 1	1	2532.187398872	2539.857045264	51.313	343.796	2739.DSG_RAWD_HMS_20_20_ 0__DMY_29_ 2_12.wav	7.6696	0.0703	10	2	2	2	
456	Spectrogram 1	1	2543.729869395	2549.547638654	47.892	253.143	2740.DSG_RAWD_HMS_20_30_ 0__DMY_29_ 2_12.wav	5.8178	0.7581	10	3	2	2	
457	Spectrogram 1	1	2549.978857367	2551.746173901	46.182	246.302	2740.DSG_RAWD_HMS_20_30_ 0__DMY_29_ 2_12.wav	1.7673	7.0071	23	3	2	2	
458	Spectrogram 1	1	2556.473080246	2557.919066501	49.602	225.776	2741.DSG_RAWD_HMS_20_40_ 0__DMY_29_ 2_12.wav	1.4460	2.6467	23	3	2	2	
459	Spectrogram 1	1	2562.848918498	2564.616235032	68.417	266.827	2741.DSG_RAWD_HMS_20_40_ 0__DMY_29_ 2_12.wav	1.7673	9.0225	23	3	2	2	
460	Spectrogram 1	1	2564.747285534	2566.700635387	61.575	266.827	2742.DSG_RAWD_HMS_20_50_ 0__DMY_29_ 2_12.wav	1.9533	0.0663	23	3	2	2	
461	Spectrogram 1	1	2566.806336136	2568.582108730	53.023	263.406	2742.DSG_RAWD_HMS_20_50_ 0__DMY_29_ 2_12.wav	1.7758	2.1253	23	3	2	2	
462	Spectrogram 1	1	2570.121111644	2571.913796358	46.182	256.564	2742.DSG_RAWD_HMS_20_50_ 0__DMY_29_ 2_12.wav	1.7927	5.4400	23	3	2	2	
463	Spectrogram 1	1	2576.987385437	2578.374179272	49.602	261.695	2743.DSG_RAWD_HMS_21_ 0_ 0__DMY_29_ 2_12.wav	1.3868	1.4517	23	3	2	2	
464	Spectrogram 1	1	2579.752517047	2581.443729041	44.471	261.695	2743.DSG_RAWD_HMS_21_ 0_ 0__DMY_29_ 2_12.wav	1.6912	4.2168	23	3	2	2	
465	Spectrogram 1	1	2582.864306861	2584.428677955	68.417	270.248	2743.DSG_RAWD_HMS_21_ 0_ 0__DMY_29_ 2_12.wav	1.5644	7.3286	23	3	2	2	
466	Spectrogram 1	1	2589.307790132	2591.015914246	66.707	304.456	2744.DSG_RAWD_HMS_21_10_ 0__DMY_29_ 2_12.wav	1.7081	2.6461	23	3	2	2	
467	Spectrogram 1	1	2593.975507032	2595.861208406	63.286	290.773	2744.DSG_RAWD_HMS_21_10_ 0__DMY_29_ 2_12.wav	1.8857	7.3138	23	3	2	2	
468	Spectrogram 1	1	2598.228876934	2600.241419207	61.575	277.089	2745.DSG_RAWD_HMS_21_20_ 0__DMY_29_ 2_12.wav	2.0125	0.7125	23	3	2	2	
469	Spectrogram 1	1	2608.426838688	2610.160330982	44.471	263.406	2746.DSG_RAWD_HMS_21_30_ 0__DMY_29_ 2_12.wav	1.7335	0.0559	23	3	2	2	
470	Spectrogram 1	1	2611.623229357	2613.255248931	56.444	229.197	2746.DSG_RAWD_HMS_21_30_ 0__DMY_29_ 2_12.wav	1.6320	3.2522	23	3	2	2	
471	Spectrogram 1	1	2620.315998867	2621.998754800	53.023	246.302	2747.DSG_RAWD_HMS_21_40_ 0__DMY_29_ 2_12.wav	1.6828	1.0904	23	3	2	2	
472	Spectrogram 1	1	2623.436284995	2625.212057589	61.575	283.931	2747.DSG_RAWD_HMS_21_40_ 0__DMY_29_ 2_12.wav	1.7758	4.2106	23	3	2	2	
473	Spectrogram 1	1	2625.279706069	2626.734148383	53.023	278.800	2747.DSG_RAWD_HMS_21_40_ 0__DMY_29_ 2_12.wav	1.4544	6.0541	23	3	2	2	
474	Spectrogram 1	1	2632.450389975	2634.031673189	63.286	321.560	2748.DSG_RAWD_HMS_21_50_ 0__DMY_29_ 2_12.wav	1.5813	2.3701	23	3	2	2	
475	Spectrogram 1	1	2653.235276608	2655.087153741	59.865	294.194	2750.DSG_RAWD_HMS_22_10_ 0__DMY_29_ 2_12.wav	1.8519	1.4457	23	3	2	2	
476	Spectrogram 1	1	2655.230906761	2657.285729333	51.313	283.931	2750.DSG_RAWD_HMS_22_10_ 0__DMY_29_ 2_12.wav	2.0548	3.4413	23	3	2	2	
477	Spectrogram 1	1	2658.342736830	2659.535041285	49.602	297.614	2750.DSG_RAWD_HMS_22_10_ 0__DMY_29_ 2_12.wav	1.1923	6.5531	9	2	2	2	
478	Spectrogram 1	1	2660.253791690	2662.477735462	44.471	323.271	2750.DSG_RAWD_HMS_22_10_ 0__DMY_29_ 2_12.wav	2.2239	8.4642	23	3	2	2	
