Selection	View	Channel	Begin Time (s)	End Time (s)	Low Freq (Hz)	High Freq (Hz)	Begin File	Delta Time (s)	File Offset (s)	call variant	level	call cutoff @ end	calls overlap	Notes
1	Spectrogram 1	1	37.584760925	37.900600626	85.521	232.618	6504.DSG_RAWD_HMS_ 2_50_ 0__DMY_ 9_11_11.wav	0.3158	4.7494	18	3	2	2	
2	Spectrogram 1	1	435.361425379	437.546694656	64.996	318.140	6541.DSG_RAWD_HMS_ 9_ 0_ 0__DMY_ 9_11_11.wav	2.1853	0.3615	17	3	2	2	
3	Spectrogram 1	1	537.326103038	538.333375595	54.734	318.140	6550.DSG_RAWD_HMS_10_30_ 0__DMY_ 9_11_11.wav	1.0073	4.3631	19	3	2	2	
4	Spectrogram 1	1	539.852820640	540.996672527	46.182	316.429	6550.DSG_RAWD_HMS_10_30_ 0__DMY_ 9_11_11.wav	1.1439	6.8898	19	3	2	2	
5	Spectrogram 1	1	581.295936992	582.542223377	46.182	364.321	6555.DSG_RAWD_HMS_11_20_ 0__DMY_ 9_11_11.wav	1.2463	4.6430	19	3	2	2	
6	Spectrogram 1	1	594.117249441	595.457434115	37.629	330.113	6556.DSG_RAWD_HMS_11_30_ 0__DMY_ 9_11_11.wav	1.3402	6.6096	9	2	2	2	
7	Spectrogram 1	1	596.029360058	597.804891346	56.444	313.008	6556.DSG_RAWD_HMS_11_30_ 0__DMY_ 9_11_11.wav	1.7755	8.5217	17	3	2	2	
8	Spectrogram 1	1	627.374184081	629.747249937	49.602	340.375	6559.DSG_RAWD_HMS_12_ 0_ 0__DMY_ 9_11_11.wav	2.3731	7.0313	10	2	2	2	
9	Spectrogram 1	1	765.515170730	766.991934734	56.444	359.190	6572.DSG_RAWD_HMS_14_10_ 0__DMY_ 9_11_11.wav	1.4768	2.4337	9	2	2	2	
10	Spectrogram 1	1	856.254812099	857.552315732	51.313	338.665	6580.DSG_RAWD_HMS_15_30_ 0__DMY_ 9_11_11.wav	1.2975	6.3362	9	2	2	2	
11	Spectrogram 1	1	1005.544746641	1007.311741721	47.892	256.564	6594.DSG_RAWD_HMS_17_50_ 0__DMY_ 9_11_11.wav	1.7670	2.8470	17	3	2	2	
12	Spectrogram 1	1	1011.596900053	1012.655389859	44.471	301.035	6594.DSG_RAWD_HMS_17_50_ 0__DMY_ 9_11_11.wav	1.0585	8.8992	9	3	2	2	
13	Spectrogram 1	1	1036.351818453	1037.674930711	41.050	287.352	6597.DSG_RAWD_HMS_18_20_ 0__DMY_ 9_11_11.wav	1.3231	1.0901	9	3	2	2	
14	Spectrogram 1	1	1041.396691278	1042.839310449	47.892	283.931	6597.DSG_RAWD_HMS_18_20_ 0__DMY_ 9_11_11.wav	1.4426	6.1350	9	3	2	2	
15	Spectrogram 1	1	1064.990666403	1066.364995910	27.367	311.298	6599.DSG_RAWD_HMS_18_40_ 0__DMY_ 9_11_11.wav	1.3743	8.0197	9	2	2	2	
16	Spectrogram 1	1	1153.408342369	1154.697309794	42.761	331.823	6607.DSG_RAWD_HMS_20_ 0_ 0__DMY_ 9_11_11.wav	1.2890	9.3289	9	3	2	2	
17	Spectrogram 1	1	1291.702859861	1293.034508327	25.656	318.140	6620.DSG_RAWD_HMS_22_10_ 0__DMY_ 9_11_11.wav	1.3316	6.2416	9	2	2	2	
18	Spectrogram 1	1	1298.600076424	1299.761000727	44.471	331.823	6621.DSG_RAWD_HMS_22_20_ 0__DMY_ 9_11_11.wav	1.1609	2.2842	9	3	2	2	
19	Spectrogram 1	1	1347.683068983	1350.576843534	49.602	318.140	6625.DSG_RAWD_HMS_23_ 0_ 0__DMY_ 9_11_11.wav	2.8938	7.9486	10	2	1	2	
20	Spectrogram 1	1	1429.126792493	1430.646237538	37.629	304.456	6633.DSG_RAWD_HMS_ 0_20_ 0__DMY_10_11_11.wav	1.5194	2.2838	9	2	2	2	
21	Spectrogram 1	1	1566.166670908	1567.694652160	37.629	359.190	6645.DSG_RAWD_HMS_ 2_20_ 0__DMY_10_11_11.wav	1.5280	8.7966	9	2	2	2	
22	Spectrogram 1	1	1702.856572911	1704.794292153	61.575	275.379	6659.DSG_RAWD_HMS_ 4_40_ 0__DMY_10_11_11.wav	1.9377	3.8334	17	3	2	2	
23	Spectrogram 1	1	1846.213236014	1847.416841358	58.155	306.167	6672.DSG_RAWD_HMS_ 6_50_ 0__DMY_10_11_11.wav	1.2036	6.0797	9	2	2	2	
24	Spectrogram 1	1	1938.753987600	1940.000273985	59.865	249.722	6681.DSG_RAWD_HMS_ 8_20_ 0__DMY_10_11_11.wav	1.2463	0.9286	9	3	2	2	
25	Spectrogram 1	1	2039.702889960	2040.915031512	44.471	318.140	6690.DSG_RAWD_HMS_ 9_50_ 0__DMY_10_11_11.wav	1.2121	4.1857	9	3	2	2	
26	Spectrogram 1	1	2183.466248347	2184.550346777	30.788	331.823	6703.DSG_RAWD_HMS_12_ 0_ 0__DMY_10_11_11.wav	1.0841	6.8387	9	3	2	2	
27	Spectrogram 1	1	2245.822962087	2247.069248471	32.498	287.352	6709.DSG_RAWD_HMS_13_ 0_ 0__DMY_10_11_11.wav	1.2463	3.7962	9	3	2	2	
28	Spectrogram 1	1	2280.223716957	2280.565165281	75.259	234.329	6712.DSG_RAWD_HMS_13_30_ 0__DMY_10_11_11.wav	0.3414	5.6330	18	3	2	2	
29	Spectrogram 1	1	2389.085484390	2390.289089734	41.050	265.116	6723.DSG_RAWD_HMS_15_20_ 0__DMY_10_11_11.wav	1.2036	5.6770	9	2	2	2	
30	Spectrogram 1	1	2440.148837882	2441.318298394	37.629	258.275	6728.DSG_RAWD_HMS_16_10_ 0__DMY_10_11_11.wav	1.1695	1.9244	9	3	2	2	
31	Spectrogram 1	1	2463.008703737	2464.203772873	25.656	307.877	6730.DSG_RAWD_HMS_16_30_ 0__DMY_10_11_11.wav	1.1951	3.0749	9	2	2	2	
