Selection	View	Channel	Begin Time (s)	End Time (s)	Low Freq (Hz)	High Freq (Hz)	Begin File	Delta Time (s)	File Offset (s)	call variant	level	call cutoff @ end	calls overlap	Notes
1	Spectrogram 1	1	31.448830901	32.536501525	37.629	340.375	9253.DSG_RAWD_HMS_ 3_ 0_ 0__DMY_16_ 4_12.wav	1.0877	9.7396	19	3	1	2	
2	Spectrogram 1	1	60.051065543	61.300187276	47.892	355.769	9256.DSG_RAWD_HMS_ 3_30_ 0__DMY_16_ 4_12.wav	1.2491	5.7779	19	3	2	2	
3	Spectrogram 1	1	179.583916173	182.107651919	53.023	371.163	9267.DSG_RAWD_HMS_ 5_20_ 0__DMY_16_ 4_12.wav	2.5237	5.0955	17	3	2	2	
4	Spectrogram 1	1	178.300804733	179.447957345	56.444	311.298	9267.DSG_RAWD_HMS_ 5_20_ 0__DMY_16_ 4_12.wav	1.1472	3.8124	19	3	2	2	
5	Spectrogram 1	1	321.583918209	324.184130796	46.182	326.692	9280.DSG_RAWD_HMS_ 7_30_ 0__DMY_16_ 4_12.wav	2.6002	5.7138	17	3	2	2	
6	Spectrogram 1	1	400.448285310	401.663417336	75.259	413.924	9287.DSG_RAWD_HMS_ 8_40_ 0__DMY_16_ 4_12.wav	1.2151	8.5956	19	3	2	2	
7	Spectrogram 1	1	403.090985030	404.561039859	53.023	354.059	9288.DSG_RAWD_HMS_ 8_50_ 0__DMY_16_ 4_12.wav	1.4701	0.3837	19	3	2	2	
8	Spectrogram 1	1	444.362859811	445.637473824	53.023	328.402	9291.DSG_RAWD_HMS_ 9_20_ 0__DMY_16_ 4_12.wav	1.2746	8.8203	19	3	2	2	
9	Spectrogram 1	1	454.559745071	457.091978244	46.182	338.665	9292.DSG_RAWD_HMS_ 9_30_ 0__DMY_16_ 4_12.wav	2.5322	8.1625	17	3	2	2	
10	Spectrogram 1	1	501.422914454	502.731518174	68.417	328.402	9297.DSG_RAWD_HMS_10_20_ 0__DMY_16_ 4_12.wav	1.3086	0.7524	19	3	2	2	
11	Spectrogram 1	1	502.994938404	504.159085869	56.444	352.348	9297.DSG_RAWD_HMS_10_20_ 0__DMY_16_ 4_12.wav	1.1641	2.3245	19	3	2	2	
12	Spectrogram 1	1	583.558750554	585.258235905	41.050	311.298	9305.DSG_RAWD_HMS_11_40_ 0__DMY_16_ 4_12.wav	1.6995	6.6344	19	3	2	2	
13	Spectrogram 1	1	586.286424543	587.756479371	61.575	354.059	9305.DSG_RAWD_HMS_11_40_ 0__DMY_16_ 4_12.wav	1.4701	9.3621	17	3	1	2	
14	Spectrogram 1	1	648.980199876	650.229321609	46.182	360.900	9311.DSG_RAWD_HMS_12_40_ 0__DMY_16_ 4_12.wav	1.2491	6.9280	9	1	2	2	
15	Spectrogram 1	1	664.385968597	665.550116062	56.444	307.877	9313.DSG_RAWD_HMS_13_ 0_ 0__DMY_16_ 4_12.wav	1.1641	0.6245	19	3	2	2	
16	Spectrogram 1	1	665.626592903	667.793436725	56.444	335.244	9313.DSG_RAWD_HMS_13_ 0_ 0__DMY_16_ 4_12.wav	2.1668	1.8651	17	3	2	2	
17	Spectrogram 1	1	748.799156101	750.124754675	56.444	366.032	9320.DSG_RAWD_HMS_14_10_ 0__DMY_16_ 4_12.wav	1.3256	9.0551	17	3	2	2	
18	Spectrogram 1	1	781.879543979	783.120168285	61.575	311.298	9323.DSG_RAWD_HMS_14_40_ 0__DMY_16_ 4_12.wav	1.2406	9.5716	19	3	1	2	
19	Spectrogram 1	1	875.036560033	876.591589129	53.023	331.823	9332.DSG_RAWD_HMS_16_10_ 0__DMY_16_ 4_12.wav	1.5550	5.0368	19	3	2	2	
20	Spectrogram 1	1	997.241938406	999.077382585	37.629	270.248	9343.DSG_RAWD_HMS_18_ 0_ 0__DMY_16_ 4_12.wav	1.8354	7.5698	19	3	2	2	
21	Spectrogram 1	1	1013.684413783	1015.485868255	35.919	311.298	9345.DSG_RAWD_HMS_18_20_ 0__DMY_16_ 4_12.wav	1.8015	2.3030	17	3	2	2	
22	Spectrogram 1	1	1038.437342294	1042.550096843	58.155	140.255	9347.DSG_RAWD_HMS_18_40_ 0__DMY_16_ 4_12.wav	4.1128	5.3466	1	3	2	2	
23	Spectrogram 1	1	1056.995647067	1058.304250787	56.444	306.167	9349.DSG_RAWD_HMS_19_ 0_ 0__DMY_16_ 4_12.wav	1.3086	2.1956	19	3	2	2	
24	Spectrogram 1	1	1059.689331348	1060.692027705	39.340	324.981	9349.DSG_RAWD_HMS_19_ 0_ 0__DMY_16_ 4_12.wav	1.0027	4.8893	19	3	2	2	
25	Spectrogram 1	1	1062.187574813	1063.989029285	41.050	352.348	9349.DSG_RAWD_HMS_19_ 0_ 0__DMY_16_ 4_12.wav	1.8015	7.3875	17	3	2	2	
26	Spectrogram 1	1	1077.916236843	1079.377794245	63.286	266.827	9351.DSG_RAWD_HMS_19_20_ 0__DMY_16_ 4_12.wav	1.4616	1.4069	19	3	2	2	
27	Spectrogram 1	1	1082.096970806	1084.161845507	68.417	318.140	9351.DSG_RAWD_HMS_19_20_ 0__DMY_16_ 4_12.wav	2.0649	5.5877	17	3	2	2	
28	Spectrogram 1	1	1094.698596630	1095.956215789	51.313	342.086	9352.DSG_RAWD_HMS_19_30_ 0__DMY_16_ 4_12.wav	1.2576	7.3346	9	3	2	2	
29	Spectrogram 1	1	1120.284256123	1121.482393295	30.788	357.479	9355.DSG_RAWD_HMS_20_ 0_ 0__DMY_16_ 4_12.wav	1.1981	0.3564	19	3	2	2	
30	Spectrogram 1	1	1166.731019287	1168.532473759	51.313	311.298	9359.DSG_RAWD_HMS_20_40_ 0__DMY_16_ 4_12.wav	1.8015	3.3845	17	3	2	2	
31	Spectrogram 1	1	1165.167494442	1166.263662493	58.155	277.089	9359.DSG_RAWD_HMS_20_40_ 0__DMY_16_ 4_12.wav	1.0962	1.8210	19	3	2	2	
32	Spectrogram 1	1	1172.024898034	1174.438167232	37.629	384.846	9359.DSG_RAWD_HMS_20_40_ 0__DMY_16_ 4_12.wav	2.4133	8.6784	17	3	1	2	
33	Spectrogram 1	1	1174.769566876	1176.001693755	37.629	304.456	9360.DSG_RAWD_HMS_20_50_ 0__DMY_16_ 4_12.wav	1.2321	0.2971	19	3	2	2	
34	Spectrogram 1	1	1176.545514302	1179.417644545	47.892	314.719	9360.DSG_RAWD_HMS_20_50_ 0__DMY_16_ 4_12.wav	2.8721	2.0730	17	3	2	2	
35	Spectrogram 1	1	1186.512955465	1188.144461401	58.155	347.217	9361.DSG_RAWD_HMS_21_ 0_ 0__DMY_16_ 4_12.wav	1.6315	1.1858	9	3	2	2	
36	Spectrogram 1	1	1200.457188657	1201.986725472	39.340	331.823	9362.DSG_RAWD_HMS_21_10_ 0__DMY_16_ 4_12.wav	1.5295	4.2754	9	2	2	2	
37	Spectrogram 1	1	1203.320821473	1204.493466365	51.313	302.746	9362.DSG_RAWD_HMS_21_10_ 0__DMY_16_ 4_12.wav	1.1726	7.1390	19	3	2	2	
38	Spectrogram 1	1	1214.205969136	1215.438096015	46.182	316.429	9363.DSG_RAWD_HMS_21_20_ 0__DMY_16_ 4_12.wav	1.2321	7.1695	19	3	2	2	
39	Spectrogram 1	1	1300.259106554	1301.499730860	51.313	311.298	9371.DSG_RAWD_HMS_22_40_ 0__DMY_16_ 4_12.wav	1.2406	6.3855	9	2	2	2	
40	Spectrogram 1	1	1322.700728672	1323.779901870	44.471	359.190	9374.DSG_RAWD_HMS_23_10_ 0__DMY_16_ 4_12.wav	1.0792	7.1179	9	2	2	2	
41	Spectrogram 1	1	1646.258022932	1647.473154958	42.761	336.954	9404.DSG_RAWD_HMS_ 4_10_ 0__DMY_17_ 4_12.wav	1.2151	4.4931	19	3	2	2	
42	Spectrogram 1	1	1704.218800205	1705.289475976	63.286	290.773	9409.DSG_RAWD_HMS_ 5_ 0_ 0__DMY_17_ 4_12.wav	1.0707	6.5525	19	3	2	2	
43	Spectrogram 1	1	1740.247788059	1741.072038454	49.602	338.665	9412.DSG_RAWD_HMS_ 5_30_ 0__DMY_17_ 4_12.wav	0.8243	10.0175	19	3	1	2	
44	Spectrogram 1	1	1813.325442074	1814.719020062	54.734	259.985	9419.DSG_RAWD_HMS_ 6_40_ 0__DMY_17_ 4_12.wav	1.3936	6.8413	19	3	2	2	
45	Spectrogram 1	1	1815.084409412	1816.622443655	58.155	338.665	9419.DSG_RAWD_HMS_ 6_40_ 0__DMY_17_ 4_12.wav	1.5380	8.6002	19	3	2	2	
46	Spectrogram 1	1	1837.645010088	1838.503250190	41.050	249.722	9422.DSG_RAWD_HMS_ 7_10_ 0__DMY_17_ 4_12.wav	0.8582	9.4516	19	3	2	2	
47	Spectrogram 1	1	1838.554234751	1838.792162700	70.128	266.827	9422.DSG_RAWD_HMS_ 7_10_ 0__DMY_17_ 4_12.wav	0.2379	10.3608	18	2	2	2	
48	Spectrogram 1	1	1862.754827015	1863.850995066	49.602	289.062	9425.DSG_RAWD_HMS_ 7_40_ 0__DMY_17_ 4_12.wav	1.0962	1.9974	19	3	2	2	
49	Spectrogram 1	1	1864.751722302	1865.066127092	56.444	256.564	9425.DSG_RAWD_HMS_ 7_40_ 0__DMY_17_ 4_12.wav	0.3144	3.9943	18	2	2	2	
50	Spectrogram 1	1	1865.567475271	1865.881880061	68.417	275.379	9425.DSG_RAWD_HMS_ 7_40_ 0__DMY_17_ 4_12.wav	0.3144	4.8101	18	2	2	2	
51	Spectrogram 1	1	1889.062785782	1890.524343184	56.444	261.695	9427.DSG_RAWD_HMS_ 8_ 0_ 0__DMY_17_ 4_12.wav	1.4616	6.3248	19	3	2	2	
52	Spectrogram 1	1	1919.092599408	1919.933844657	53.023	283.931	9430.DSG_RAWD_HMS_ 8_30_ 0__DMY_17_ 4_12.wav	0.8412	3.7906	19	3	2	2	
53	Spectrogram 1	1	1919.950839510	1920.197264886	76.969	232.618	9430.DSG_RAWD_HMS_ 8_30_ 0__DMY_17_ 4_12.wav	0.2464	4.6489	18	3	2	2	
54	Spectrogram 1	1	1920.613638797	1920.860064173	95.784	239.460	9430.DSG_RAWD_HMS_ 8_30_ 0__DMY_17_ 4_12.wav	0.2464	5.3116	18	3	2	2	
55	Spectrogram 1	1	1920.987525574	1921.216956096	82.101	212.093	9430.DSG_RAWD_HMS_ 8_30_ 0__DMY_17_ 4_12.wav	0.2294	5.6856	18	3	2	2	
56	Spectrogram 1	1	1921.344417498	1921.607837727	73.548	220.645	9430.DSG_RAWD_HMS_ 8_30_ 0__DMY_17_ 4_12.wav	0.2634	6.0425	18	3	2	2	
57	Spectrogram 1	1	1931.158910256	1932.153109187	53.023	309.587	9431.DSG_RAWD_HMS_ 8_40_ 0__DMY_17_ 4_12.wav	0.9942	5.0023	19	3	2	2	
58	Spectrogram 1	1	1938.220250139	1939.783776661	56.444	263.406	9432.DSG_RAWD_HMS_ 8_50_ 0__DMY_17_ 4_12.wav	1.5635	1.2090	19	3	2	2	
59	Spectrogram 1	1	1939.894243209	1941.049893248	42.761	340.375	9432.DSG_RAWD_HMS_ 8_50_ 0__DMY_17_ 4_12.wav	1.1557	2.8830	19	3	2	2	
60	Spectrogram 1	1	1941.865636942	1942.103564892	73.548	239.460	9432.DSG_RAWD_HMS_ 8_50_ 0__DMY_17_ 4_12.wav	0.2379	4.8544	18	3	2	2	
61	Spectrogram 1	1	1942.231026293	1942.477451669	85.521	229.197	9432.DSG_RAWD_HMS_ 8_50_ 0__DMY_17_ 4_12.wav	0.2464	5.2198	18	3	2	2	
62	Spectrogram 1	1	1942.604913070	1942.910820433	76.969	217.224	9432.DSG_RAWD_HMS_ 8_50_ 0__DMY_17_ 4_12.wav	0.3059	5.5937	18	3	2	2	
63	Spectrogram 1	1	1943.199732943	1943.429163465	80.390	236.039	9432.DSG_RAWD_HMS_ 8_50_ 0__DMY_17_ 4_12.wav	0.2294	6.1885	18	3	2	2	
64	Spectrogram 1	1	1993.223935316	1994.634508158	64.996	381.425	9437.DSG_RAWD_HMS_ 9_40_ 0__DMY_17_ 4_12.wav	1.4106	1.9394	19	3	2	2	
65	Spectrogram 1	1	2029.057485558	2030.400078985	75.259	446.422	9440.DSG_RAWD_HMS_10_10_ 0__DMY_17_ 4_12.wav	1.3426	5.2091	19	3	2	2	
66	Spectrogram 1	1	2033.467650044	2034.470346401	46.182	343.796	9440.DSG_RAWD_HMS_10_10_ 0__DMY_17_ 4_12.wav	1.0027	9.6193	19	3	2	2	
67	Spectrogram 1	1	2119.078940584	2120.761431081	58.155	319.850	9448.DSG_RAWD_HMS_11_30_ 0__DMY_17_ 4_12.wav	1.6825	8.3934	19	3	2	2	
68	Spectrogram 1	1	2194.705810728	2197.017110805	53.023	372.873	9455.DSG_RAWD_HMS_12_40_ 0__DMY_17_ 4_12.wav	2.3113	8.0378	17	3	2	2	
69	Spectrogram 1	1	2201.410261615	2208.157218457	51.313	289.062	9456.DSG_RAWD_HMS_12_50_ 0__DMY_17_ 4_12.wav	6.7470	3.8875	10	3	2	2	
70	Spectrogram 1	1	2261.478393369	2262.608551128	32.498	331.823	9461.DSG_RAWD_HMS_13_40_ 0__DMY_17_ 4_12.wav	1.1302	9.6825	19	3	2	2	
71	Spectrogram 1	1	2313.074608344	2316.745496702	54.734	311.298	9466.DSG_RAWD_HMS_14_30_ 0__DMY_17_ 4_12.wav	3.6709	7.0054	17	3	2	2	
72	Spectrogram 1	1	2318.207054104	2319.439180983	49.602	301.035	9467.DSG_RAWD_HMS_14_40_ 0__DMY_17_ 4_12.wav	1.2321	1.2832	9	2	2	2	
73	Spectrogram 1	1	2322.617191744	2323.653877808	59.865	323.271	9467.DSG_RAWD_HMS_14_40_ 0__DMY_17_ 4_12.wav	1.0367	5.6934	19	3	2	2	
74	Spectrogram 1	1	2328.845783316	2331.369519062	56.444	268.537	9468.DSG_RAWD_HMS_14_50_ 0__DMY_17_ 4_12.wav	2.5237	1.0673	17	3	2	2	
75	Spectrogram 1	1	2336.425465529	2337.963499772	49.602	311.298	9468.DSG_RAWD_HMS_14_50_ 0__DMY_17_ 4_12.wav	1.5380	8.6470	19	3	2	2	
76	Spectrogram 1	1	2393.315569623	2394.539199076	42.761	290.773	9474.DSG_RAWD_HMS_15_50_ 0__DMY_17_ 4_12.wav	1.2236	0.4092	9	3	2	2	
77	Spectrogram 1	1	2456.230324485	2457.870327848	41.050	297.614	9480.DSG_RAWD_HMS_16_50_ 0__DMY_17_ 4_12.wav	1.6400	9.0508	19	3	2	2	
78	Spectrogram 1	1	2471.576634465	2471.823059840	99.205	282.221	9482.DSG_RAWD_HMS_17_10_ 0__DMY_17_ 4_12.wav	0.2464	2.6878	18	3	2	2	
79	Spectrogram 1	1	2472.094977497	2472.307413165	102.626	248.012	9482.DSG_RAWD_HMS_17_10_ 0__DMY_17_ 4_12.wav	0.2124	3.2062	18	3	2	2	
80	Spectrogram 1	1	2472.485859127	2472.774771637	82.101	261.695	9482.DSG_RAWD_HMS_17_10_ 0__DMY_17_ 4_12.wav	0.2889	3.5971	18	2	2	2	
81	Spectrogram 1	1	2497.485210483	2499.516095477	49.602	357.479	9484.DSG_RAWD_HMS_17_30_ 0__DMY_17_ 4_12.wav	2.0309	6.6157	19	3	2	2	
82	Spectrogram 1	1	2504.062200243	2504.342615326	80.390	254.854	9485.DSG_RAWD_HMS_17_40_ 0__DMY_17_ 4_12.wav	0.2804	2.3381	18	3	2	2	
83	Spectrogram 1	1	2505.030906893	2505.302824549	82.101	227.487	9485.DSG_RAWD_HMS_17_40_ 0__DMY_17_ 4_12.wav	0.2719	3.3068	18	3	2	2	
84	Spectrogram 1	1	2505.464275657	2505.736193314	92.363	229.197	9485.DSG_RAWD_HMS_17_40_ 0__DMY_17_ 4_12.wav	0.2719	3.7402	18	3	2	2	
85	Spectrogram 1	1	2606.566353665	2607.577547449	44.471	294.194	9494.DSG_RAWD_HMS_19_10_ 0__DMY_17_ 4_12.wav	1.0112	6.8791	9	2	2	2	
86	Spectrogram 1	1	2612.123658560	2613.687185083	56.444	277.089	9495.DSG_RAWD_HMS_19_20_ 0__DMY_17_ 4_12.wav	1.5635	1.5818	19	3	2	2	
87	Spectrogram 1	1	2621.870175047	2624.529869621	37.629	364.321	9496.DSG_RAWD_HMS_19_30_ 0__DMY_17_ 4_12.wav	2.6597	0.4736	17	3	2	2	
88	Spectrogram 1	1	2641.048809850	2642.365910997	58.155	283.931	9497.DSG_RAWD_HMS_19_40_ 0__DMY_17_ 4_12.wav	1.3171	8.7976	19	3	2	2	
89	Spectrogram 1	1	2645.943313658	2646.189739034	73.548	241.170	9498.DSG_RAWD_HMS_19_50_ 0__DMY_17_ 4_12.wav	0.2464	2.8374	18	2	2	2	
90	Spectrogram 1	1	2649.231817812	2649.452750907	83.811	236.039	9498.DSG_RAWD_HMS_19_50_ 0__DMY_17_ 4_12.wav	0.2209	6.1259	18	3	2	2	
