Selection	View	Channel	Begin Time (s)	End Time (s)	Low Freq (Hz)	High Freq (Hz)	Begin File	Delta Time (s)	File Offset (s)	call variant	level	call cutoff @ end	calls overlap	Notes
1	Spectrogram 1	1	7.025786197	8.192553558	42.761	273.668	5751.DSG_RAWD_HMS_19_20_ 0__DMY_22_ 3_12.wav	1.1668	7.0258	9	2	2	2	
2	Spectrogram 1	1	21.731973224	23.906021760	41.050	172.753	5754.DSG_RAWD_HMS_19_50_ 0__DMY_22_ 3_12.wav	2.1740	0.0227	10	3	1	2	
3	Spectrogram 1	1	24.401268338	25.568035699	42.761	292.483	5754.DSG_RAWD_HMS_19_50_ 0__DMY_22_ 3_12.wav	1.1668	2.6920	9	3	2	2	
4	Spectrogram 1	1	33.315653218	34.860151020	42.761	354.059	5755.DSG_RAWD_HMS_20_ 0_ 0__DMY_22_ 3_12.wav	1.5445	0.7517	9	2	2	2	
5	Spectrogram 1	1	64.012438004	65.086871258	39.340	348.927	5757.DSG_RAWD_HMS_20_20_ 0__DMY_22_ 3_12.wav	1.0744	9.7392	9	2	1	2	
6	Spectrogram 1	1	65.162417346	66.471882873	42.761	306.167	5758.DSG_RAWD_HMS_20_30_ 0__DMY_22_ 3_12.wav	1.3095	0.0346	19	3	2	2	
7	Spectrogram 1	1	70.643705741	71.802079092	46.182	277.089	5758.DSG_RAWD_HMS_20_30_ 0__DMY_22_ 3_12.wav	1.1584	5.5158	19	3	2	2	
8	Spectrogram 1	1	73.019210514	73.313000857	82.101	230.908	5758.DSG_RAWD_HMS_20_30_ 0__DMY_22_ 3_12.wav	0.2938	7.8913	18	3	2	2	
9	Spectrogram 1	1	73.472487043	73.741095356	88.942	224.066	5758.DSG_RAWD_HMS_20_30_ 0__DMY_22_ 3_12.wav	0.2686	8.3446	18	3	2	2	
10	Spectrogram 1	1	73.976127630	74.303494012	99.205	208.672	5758.DSG_RAWD_HMS_20_30_ 0__DMY_22_ 3_12.wav	0.3274	8.8483	18	3	2	2	
11	Spectrogram 1	1	74.370646091	74.647648414	95.784	213.803	5758.DSG_RAWD_HMS_20_30_ 0__DMY_22_ 3_12.wav	0.2770	9.2428	18	3	2	2	
12	Spectrogram 1	1	76.628616282	78.122750026	44.471	263.406	5759.DSG_RAWD_HMS_20_40_ 0__DMY_22_ 3_12.wav	1.4941	0.6461	19	3	2	2	
13	Spectrogram 1	1	81.027077414	82.412089030	64.996	249.722	5759.DSG_RAWD_HMS_20_40_ 0__DMY_22_ 3_12.wav	1.3850	5.0446	19	3	2	2	
14	Spectrogram 1	1	83.948165701	85.224055189	49.602	258.275	5759.DSG_RAWD_HMS_20_40_ 0__DMY_22_ 3_12.wav	1.2759	7.9657	19	3	2	2	
15	Spectrogram 1	1	98.906249356	100.249290923	51.313	289.062	5761.DSG_RAWD_HMS_21_ 0_ 0__DMY_22_ 3_12.wav	1.3430	1.2145	9	2	2	2	
16	Spectrogram 1	1	117.263885913	118.380289215	56.444	283.931	5762.DSG_RAWD_HMS_21_10_ 0__DMY_22_ 3_12.wav	1.1164	8.7174	19	3	2	2	
17	Spectrogram 1	1	159.519136478	160.736267898	39.340	275.379	5766.DSG_RAWD_HMS_21_50_ 0__DMY_22_ 3_12.wav	1.2171	7.5541	9	3	2	2	
18	Spectrogram 1	1	174.896910166	176.340679850	44.471	259.985	5768.DSG_RAWD_HMS_22_10_ 0__DMY_22_ 3_12.wav	1.4438	0.9512	9	3	2	2	
19	Spectrogram 1	1	176.500166036	177.398325084	20.525	295.904	5768.DSG_RAWD_HMS_22_10_ 0__DMY_22_ 3_12.wav	0.8982	2.5545	9	2	2	2	
20	Spectrogram 1	1	185.943392068	187.001037301	54.734	153.939	5769.DSG_RAWD_HMS_22_20_ 0__DMY_22_ 3_12.wav	1.0576	1.1431	1	3	2	2	
21	Spectrogram 1	1	194.379348706	195.655238195	37.629	330.113	5769.DSG_RAWD_HMS_22_20_ 0__DMY_22_ 3_12.wav	1.2759	9.5790	9	2	1	2	
22	Spectrogram 1	1	198.181835142	200.666462041	49.602	313.008	5770.DSG_RAWD_HMS_22_30_ 0__DMY_22_ 3_12.wav	2.4846	2.5269	17	3	2	2	
23	Spectrogram 1	1	200.683228304	202.194150066	37.629	335.244	5770.DSG_RAWD_HMS_22_30_ 0__DMY_22_ 3_12.wav	1.5109	5.0283	9	2	2	2	
24	Spectrogram 1	1	224.429804412	225.579783754	39.340	321.560	5772.DSG_RAWD_HMS_22_50_ 0__DMY_22_ 3_12.wav	1.1500	7.0655	9	2	2	2	
25	Spectrogram 1	1	253.758379886	255.126603483	37.629	316.429	5775.DSG_RAWD_HMS_23_20_ 0__DMY_22_ 3_12.wav	1.3682	3.8302	9	2	2	2	
26	Spectrogram 1	1	295.996885196	297.214016616	37.629	302.746	5779.DSG_RAWD_HMS_ 0_ 0_ 0__DMY_23_ 3_12.wav	1.2171	2.6501	9	2	2	2	
27	Spectrogram 1	1	320.012057051	320.289059374	85.521	227.487	5781.DSG_RAWD_HMS_ 0_20_ 0__DMY_23_ 3_12.wav	0.2770	4.9560	18	3	2	2	
28	Spectrogram 1	1	1029.527159426	1031.071657228	44.471	302.746	5847.DSG_RAWD_HMS_11_20_ 0__DMY_23_ 3_12.wav	1.5445	7.0197	9	2	2	2	
29	Spectrogram 1	1	1037.341948973	1044.199854974	42.761	352.348	5848.DSG_RAWD_HMS_11_30_ 0__DMY_23_ 3_12.wav	6.8579	3.9798	10	2	1	2	
30	Spectrogram 1	1	1189.281248648	1190.523562097	29.077	278.800	5863.DSG_RAWD_HMS_14_ 0_ 0__DMY_23_ 3_12.wav	1.2423	3.6827	9	2	2	2	
31	Spectrogram 1	1	1276.007761313	1283.789008391	35.919	343.796	5871.DSG_RAWD_HMS_15_20_ 0__DMY_23_ 3_12.wav	7.7812	3.3007	10	2	1	2	
32	Spectrogram 1	1	1303.313352309	1304.891426150	37.629	309.587	5873.DSG_RAWD_HMS_15_40_ 0__DMY_23_ 3_12.wav	1.5781	8.6257	9	2	2	2	
33	Spectrogram 1	1	1472.955757813	1476.330149749	56.444	159.070	5889.DSG_RAWD_HMS_18_20_ 0__DMY_23_ 3_12.wav	3.3744	4.3224	2	2	2	2	
34	Spectrogram 1	1	1507.572550749	1508.848440237	44.471	239.460	5892.DSG_RAWD_HMS_18_50_ 0__DMY_23_ 3_12.wav	1.2759	6.3752	9	3	2	2	
35	Spectrogram 1	1	1588.843115746	1590.009883107	44.471	263.406	5901.DSG_RAWD_HMS_20_20_ 0__DMY_23_ 3_12.wav	1.1668	0.8087	9	3	2	2	
36	Spectrogram 1	1	1647.794076264	1649.279815997	34.209	374.584	5907.DSG_RAWD_HMS_21_20_ 0__DMY_23_ 3_12.wav	1.4857	4.9437	9	2	2	2	
37	Spectrogram 1	1	1699.492635464	1700.726554904	30.788	301.035	5912.DSG_RAWD_HMS_22_10_ 0__DMY_23_ 3_12.wav	1.2339	2.3690	9	2	2	2	
38	Spectrogram 1	1	1735.305569104	1736.228910181	42.761	270.248	5915.DSG_RAWD_HMS_22_40_ 0__DMY_23_ 3_12.wav	0.9233	5.6180	19	3	2	2	
39	Spectrogram 1	1	1744.270337059	1745.596590606	46.182	316.429	5916.DSG_RAWD_HMS_22_50_ 0__DMY_23_ 3_12.wav	1.3263	3.7281	9	3	2	2	
40	Spectrogram 1	1	1748.777920318	1749.608927287	53.023	138.545	5916.DSG_RAWD_HMS_22_50_ 0__DMY_23_ 3_12.wav	0.8310	8.2357	1	3	2	2	
41	Spectrogram 1	1	1779.474715984	1781.010819776	49.602	319.850	5919.DSG_RAWD_HMS_23_20_ 0__DMY_23_ 3_12.wav	1.5361	6.3686	9	3	2	2	
42	Spectrogram 1	1	1829.200689151	1831.215251501	39.340	304.456	5924.DSG_RAWD_HMS_ 0_10_ 0__DMY_24_ 3_12.wav	2.0146	1.8213	17	3	2	2	
43	Spectrogram 1	1	2040.085164341	2041.688420211	29.077	333.533	5943.DSG_RAWD_HMS_ 3_20_ 0__DMY_24_ 3_12.wav	1.6033	6.4675	9	2	2	2	
44	Spectrogram 1	1	2056.109259847	2058.711402883	34.209	338.665	5946.DSG_RAWD_HMS_ 3_50_ 0__DMY_24_ 3_12.wav	2.6021	0.7824	17	3	2	2	
45	Spectrogram 1	1	2418.337812045	2419.244365103	51.313	336.954	5979.DSG_RAWD_HMS_ 9_20_ 0__DMY_24_ 3_12.wav	0.9066	3.9936	19	3	2	2	
46	Spectrogram 1	1	2453.055280932	2455.497937782	35.919	313.008	5982.DSG_RAWD_HMS_ 9_50_ 0__DMY_24_ 3_12.wav	2.4427	6.1471	17	3	2	2	
