Selection	View	Channel	Begin Time (s)	End Time (s)	Low Freq (Hz)	High Freq (Hz)	Begin File	Delta Time (s)	File Offset (s)	call variant	level	call cutoff @ end	calls overlap	Notes
1	Spectrogram 1	1	11.519187633	12.467135052	54.734	290.773	9252.DSG_RAWD_HMS_23_30_ 0__DMY_23_ 3_11.wav	0.9479	0.6646	19	3	2	2	
2	Spectrogram 1	1	14.354566074	15.065526638	53.023	259.985	9252.DSG_RAWD_HMS_23_30_ 0__DMY_23_ 3_11.wav	0.7110	3.4999	19	3	2	2	
3	Spectrogram 1	1	18.764183191	20.050683259	46.182	347.217	9252.DSG_RAWD_HMS_23_30_ 0__DMY_23_ 3_11.wav	1.2865	7.9096	19	3	2	2	
4	Spectrogram 1	1	28.192833706	29.530116672	41.050	335.244	9253.DSG_RAWD_HMS_23_40_ 0__DMY_23_ 3_11.wav	1.3373	6.4836	19	3	2	2	
5	Spectrogram 1	1	325.060092387	326.532796413	37.629	306.167	9281.DSG_RAWD_HMS_ 4_20_ 0__DMY_24_ 3_11.wav	1.4727	8.9186	9	2	2	2	
6	Spectrogram 1	1	535.197113307	537.863215423	32.498	338.665	9301.DSG_RAWD_HMS_ 7_40_ 0__DMY_24_ 3_11.wav	2.6661	1.4200	17	3	2	2	
7	Spectrogram 1	1	569.754729505	572.632427027	37.629	523.391	9304.DSG_RAWD_HMS_ 8_10_ 0__DMY_24_ 3_11.wav	2.8777	3.4137	19	1	2	2	
8	Spectrogram 1	1	653.910085424	655.391253266	39.340	306.167	9312.DSG_RAWD_HMS_ 9_30_ 0__DMY_24_ 3_11.wav	1.4812	0.7319	9	3	2	2	
9	Spectrogram 1	1	753.427313194	755.060829729	32.498	318.140	9322.DSG_RAWD_HMS_11_10_ 0__DMY_24_ 3_11.wav	1.6335	2.0146	9	3	2	2	
10	Spectrogram 1	1	803.346750618	804.946411888	30.788	302.746	9326.DSG_RAWD_HMS_11_50_ 0__DMY_24_ 3_11.wav	1.5997	8.5154	9	3	2	2	
11	Spectrogram 1	1	1003.490023336	1004.920408280	41.050	306.167	9345.DSG_RAWD_HMS_15_ 0_ 0__DMY_24_ 3_11.wav	1.4304	1.8777	9	3	2	2	
12	Spectrogram 1	1	1248.798638479	1250.220559608	29.077	256.564	9367.DSG_RAWD_HMS_18_40_ 0__DMY_24_ 3_11.wav	1.4219	7.5701	9	3	2	2	
13	Spectrogram 1	1	1250.271342505	1252.124918262	20.525	318.140	9367.DSG_RAWD_HMS_18_40_ 0__DMY_24_ 3_11.wav	1.8536	9.0428	17	3	2	2	
14	Spectrogram 1	1	1404.261445817	1404.532287936	49.602	196.699	9382.DSG_RAWD_HMS_21_10_ 0__DMY_24_ 3_11.wav	0.2708	9.7110	18	3	2	2	
15	Spectrogram 1	1	1404.769274791	1405.006261646	58.155	196.699	9382.DSG_RAWD_HMS_21_10_ 0__DMY_24_ 3_11.wav	0.2370	10.2188	18	3	2	2	
16	Spectrogram 1	1	1405.217857052	1405.522554437	47.892	188.147	9382.DSG_RAWD_HMS_21_10_ 0__DMY_24_ 3_11.wav	0.3047	10.6674	18	3	2	2	
17	Spectrogram 1	1	1417.329526288	1421.383694268	17.104	603.781	9384.DSG_RAWD_HMS_21_30_ 0__DMY_24_ 3_11.wav	4.0542	0.7985	17	1	2	2	
18	Spectrogram 1	1	1425.488628615	1427.079826069	17.104	283.931	9384.DSG_RAWD_HMS_21_30_ 0__DMY_24_ 3_11.wav	1.5912	8.9575	9	.3	2		
19	Spectrogram 1	1	1455.001873903	1458.895229374	27.367	608.912	9387.DSG_RAWD_HMS_22_ 0_ 0__DMY_24_ 3_11.wav	3.8934	5.9069	17	1	2	2	
20	Spectrogram 1	1	1475.077982554	1477.117762268	25.656	347.217	9389.DSG_RAWD_HMS_22_20_ 0__DMY_24_ 3_11.wav	2.0398	4.2737	17	3	2	2	
21	Spectrogram 1	1	1532.868746720	1533.825157956	20.525	278.800	9395.DSG_RAWD_HMS_23_20_ 0__DMY_24_ 3_11.wav	0.9564	7.7912	19	3	2	2	
22	Spectrogram 1	1	1551.184399095	1552.301622839	23.946	297.614	9397.DSG_RAWD_HMS_23_40_ 0__DMY_24_ 3_11.wav	1.1172	4.3976	19	3	2	2	
23	Spectrogram 1	1	1555.670209063	1555.898732102	59.865	218.935	9397.DSG_RAWD_HMS_23_40_ 0__DMY_24_ 3_11.wav	0.2285	8.8834	18	3	2	2	
24	Spectrogram 1	1	1556.220357119	1556.465807790	59.865	203.541	9397.DSG_RAWD_HMS_23_40_ 0__DMY_24_ 3_11.wav	0.2455	9.4335	18	3	2	2	
25	Spectrogram 1	1	1556.965172948	1557.236015068	66.707	208.672	9397.DSG_RAWD_HMS_23_40_ 0__DMY_24_ 3_11.wav	0.2708	10.1783	18	3	2	2	
26	Spectrogram 1	1	1563.423040919	1563.803912650	37.629	206.962	9398.DSG_RAWD_HMS_23_50_ 0__DMY_24_ 3_11.wav	0.3809	5.7816	18	3	2	2	
27	Spectrogram 1	1	1942.770173033	1944.564502076	66.707	354.059	9433.DSG_RAWD_HMS_ 5_40_ 0__DMY_25_ 3_11.wav	1.7943	5.2162	17	3	2	2	
28	Spectrogram 1	1	2020.417007321	2021.568086330	35.919	258.275	9440.DSG_RAWD_HMS_ 6_50_ 0__DMY_25_ 3_11.wav	1.1511	6.8805	19	3	2	2	
29	Spectrogram 1	1	2195.913491706	2196.379001599	71.838	208.672	9456.DSG_RAWD_HMS_ 9_30_ 0__DMY_25_ 3_11.wav	0.4655	8.7027	18	3	2	2	
30	Spectrogram 1	1	2308.532532416	2309.472016019	41.050	263.406	9468.DSG_RAWD_HMS_11_30_ 0__DMY_25_ 3_11.wav	0.9395	1.9206	19	3	2	2	
