Selection	View	Channel	Begin Time (s)	End Time (s)	Low Freq (Hz)	High Freq (Hz)	Begin File	Delta Time (s)	File Offset (s)	call variant	level	call cutoff @ end	calls overlap	Notes
1	Spectrogram 1	1	2.698857714	4.306327826	46.182	350.638	9001.DSG_RAWD_HMS_ 2_50_ 0__DMY_22_ 3_11.wav	1.6075	2.6989	19	3	2	2	
2	Spectrogram 1	1	6.201450484	6.531404875	87.232	225.776	9001.DSG_RAWD_HMS_ 2_50_ 0__DMY_22_ 3_11.wav	0.3300	6.2015	18	2	2	2	
3	Spectrogram 1	1	6.658310411	6.878280005	76.969	206.962	9001.DSG_RAWD_HMS_ 2_50_ 0__DMY_22_ 3_11.wav	0.2200	6.6583	18	2	2	2	
4	Spectrogram 1	1	9.001806202	10.169337125	46.182	292.483	9001.DSG_RAWD_HMS_ 2_50_ 0__DMY_22_ 3_11.wav	1.1675	9.0018	9	2	2	2	
5	Spectrogram 1	1	71.278333240	73.368044386	49.602	326.692	9007.DSG_RAWD_HMS_ 3_50_ 0__DMY_22_ 3_11.wav	2.0897	6.1505	17	3	2	2	
6	Spectrogram 1	1	102.395452794	102.700026078	75.259	230.908	9010.DSG_RAWD_HMS_ 4_20_ 0__DMY_22_ 3_11.wav	0.3046	4.7037	18	2	2	2	
7	Spectrogram 1	1	102.835391982	103.123044528	99.205	227.487	9010.DSG_RAWD_HMS_ 4_20_ 0__DMY_22_ 3_11.wav	0.2877	5.1436	18	2	2	2	
8	Spectrogram 1	1	103.326093385	103.613745931	76.969	225.776	9010.DSG_RAWD_HMS_ 4_20_ 0__DMY_22_ 3_11.wav	0.2877	5.6343	18	3	2	2	
9	Spectrogram 1	1	177.836310127	178.073200459	85.521	218.935	9017.DSG_RAWD_HMS_ 5_30_ 0__DMY_22_ 3_11.wav	0.2369	4.1620	18	2	2	2	
10	Spectrogram 1	1	178.614664076	178.834633670	75.259	225.776	9017.DSG_RAWD_HMS_ 5_30_ 0__DMY_22_ 3_11.wav	0.2200	4.9404	18	2	2	2	
11	Spectrogram 1	1	220.984055430	222.726891446	54.734	313.008	9021.DSG_RAWD_HMS_ 6_10_ 0__DMY_22_ 3_11.wav	1.7428	3.8911	17	3	2	2	
12	Spectrogram 1	1	240.561280615	242.938644307	56.444	345.506	9023.DSG_RAWD_HMS_ 6_30_ 0__DMY_22_ 3_11.wav	2.3774	1.7591	17	3	2	2	
13	Spectrogram 1	1	257.405817575	258.920223628	54.734	265.116	9024.DSG_RAWD_HMS_ 6_40_ 0__DMY_22_ 3_11.wav	1.5144	7.7490	19	3	2	2	
14	Spectrogram 1	1	264.309469393	266.543006811	61.575	311.298	9025.DSG_RAWD_HMS_ 6_50_ 0__DMY_22_ 3_11.wav	2.2335	3.7980	17	3	2	2	
15	Spectrogram 1	1	438.761718727	440.132298507	63.286	331.823	9041.DSG_RAWD_HMS_ 9_30_ 0__DMY_22_ 3_11.wav	1.3706	4.0332	19	3	2	2	
16	Spectrogram 1	1	559.609238250	564.939270726	51.313	342.086	9053.DSG_RAWD_HMS_11_30_ 0__DMY_22_ 3_11.wav	5.3300	5.4797	10	2	1	2	
17	Spectrogram 1	1	577.469030334	579.956378823	47.892	342.086	9055.DSG_RAWD_HMS_11_50_ 0__DMY_22_ 3_11.wav	2.4873	1.3588	17	3	2	2	
18	Spectrogram 1	1	656.730522909	658.583343722	46.182	352.348	9062.DSG_RAWD_HMS_13_ 0_ 0__DMY_22_ 3_11.wav	1.8528	4.3664	9	2	2	2	
19	Spectrogram 1	1	756.258001520	757.831630156	41.050	362.611	9072.DSG_RAWD_HMS_14_40_ 0__DMY_22_ 3_11.wav	1.5736	6.2021	9	2	2	2	
20	Spectrogram 1	1	904.652448341	905.921503693	53.023	338.665	9087.DSG_RAWD_HMS_17_10_ 0__DMY_22_ 3_11.wav	1.2691	2.6315	19	3	2	2	
21	Spectrogram 1	1	909.838637262	911.623775124	42.761	331.823	9087.DSG_RAWD_HMS_17_10_ 0__DMY_22_ 3_11.wav	1.7851	7.8177	19	3	2	2	
22	Spectrogram 1	1	926.175569972	927.715357131	46.182	289.062	9089.DSG_RAWD_HMS_17_30_ 0__DMY_22_ 3_11.wav	1.5398	2.4453	19	3	2	2	
23	Spectrogram 1	1	956.323995882	958.295261861	27.367	289.062	9092.DSG_RAWD_HMS_18_ 0_ 0__DMY_22_ 3_11.wav	1.9713	0.0298	10	2	1	2	
24	Spectrogram 1	1	1035.563569928	1035.791999891	85.521	198.410	9099.DSG_RAWD_HMS_19_10_ 0__DMY_22_ 3_11.wav	0.2284	3.0156	18	3	2	2	
25	Spectrogram 1	1	1038.000140530	1039.472244737	34.209	444.711	9099.DSG_RAWD_HMS_19_10_ 0__DMY_22_ 3_11.wav	1.4721	5.4521	19	3	2	2	
26	Spectrogram 1	1	1087.340833759	1089.032907561	42.761	347.217	9104.DSG_RAWD_HMS_20_ 0_ 0__DMY_22_ 3_11.wav	1.6921	0.5196	9	2	2	2	
27	Spectrogram 1	1	1117.121225426	1117.358115758	97.494	230.908	9106.DSG_RAWD_HMS_20_20_ 0__DMY_22_ 3_11.wav	0.2369	8.5907	18	3	2	2	
28	Spectrogram 1	1	1126.943680679	1128.229656769	53.023	338.665	9107.DSG_RAWD_HMS_20_30_ 0__DMY_22_ 3_11.wav	1.2860	7.5585	19	3	2	2	
29	Spectrogram 1	1	1181.013701171	1182.638092021	18.815	321.560	9113.DSG_RAWD_HMS_21_30_ 0__DMY_22_ 3_11.wav	1.6244	7.3553	17	3	2	2	
30	Spectrogram 1	1	1195.802369038	1196.039259371	85.521	213.803	9115.DSG_RAWD_HMS_21_50_ 0__DMY_22_ 3_11.wav	0.2369	0.4347	18	2	2	2	
31	Spectrogram 1	1	1196.242308227	1196.445357083	82.101	208.672	9115.DSG_RAWD_HMS_21_50_ 0__DMY_22_ 3_11.wav	0.2030	0.8746	18	2	2	2	
32	Spectrogram 1	1	1196.817613319	1197.071424390	78.680	222.356	9115.DSG_RAWD_HMS_21_50_ 0__DMY_22_ 3_11.wav	0.2538	1.4499	18	2	2	2	
33	Spectrogram 1	1	1197.485982471	1197.689031327	83.811	210.383	9115.DSG_RAWD_HMS_21_50_ 0__DMY_22_ 3_11.wav	0.2030	2.1183	18	2	2	2	
34	Spectrogram 1	1	1211.809335176	1212.139289567	73.548	212.093	9116.DSG_RAWD_HMS_22_ 0_ 0__DMY_22_ 3_11.wav	0.3300	5.5870	18	2	2	2	
35	Spectrogram 1	1	1236.217406737	1238.129450133	37.629	326.692	9118.DSG_RAWD_HMS_22_20_ 0__DMY_22_ 3_11.wav	1.9120	8.2858	17	3	2	2	
36	Spectrogram 1	1	1275.803334590	1276.175590826	99.205	220.645	9122.DSG_RAWD_HMS_23_ 0_ 0__DMY_22_ 3_11.wav	0.3723	4.4532	18	2	2	2	
37	Spectrogram 1	1	1276.463243372	1276.776277026	73.548	224.066	9122.DSG_RAWD_HMS_23_ 0_ 0__DMY_22_ 3_11.wav	0.3130	5.1130	18	2	2	2	
38	Spectrogram 1	1	1277.021627727	1277.334661380	85.521	212.093	9122.DSG_RAWD_HMS_23_ 0_ 0__DMY_22_ 3_11.wav	0.3130	5.6714	18	2	2	2	
39	Spectrogram 1	1	1277.596932820	1277.867664628	78.680	212.093	9122.DSG_RAWD_HMS_23_ 0_ 0__DMY_22_ 3_11.wav	0.2707	6.2467	18	2	2	2	
40	Spectrogram 1	1	1278.146856805	1278.426048983	85.521	218.935	9122.DSG_RAWD_HMS_23_ 0_ 0__DMY_22_ 3_11.wav	0.2792	6.7967	18	2	2	2	
41	Spectrogram 1	1	1578.926436337	1579.890918404	49.602	359.190	9150.DSG_RAWD_HMS_ 3_40_ 0__DMY_23_ 3_11.wav	0.9645	1.7467	19	3	2	2	
42	Spectrogram 1	1	1579.983982463	1581.929867335	56.444	355.769	9150.DSG_RAWD_HMS_ 3_40_ 0__DMY_23_ 3_11.wav	1.9459	2.8042	17	3	2	2	
43	Spectrogram 1	1	1585.897762420	1586.117732014	92.363	218.935	9150.DSG_RAWD_HMS_ 3_40_ 0__DMY_23_ 3_11.wav	0.2200	8.7180	18	3	2	2	
44	Spectrogram 1	1	1586.388463823	1586.498448620	85.521	196.699	9150.DSG_RAWD_HMS_ 3_40_ 0__DMY_23_ 3_11.wav	0.1100	9.2086	18	3	2	2	
45	Spectrogram 1	1	1660.627976064	1660.881787134	83.811	222.356	9157.DSG_RAWD_HMS_ 4_50_ 0__DMY_23_ 3_11.wav	0.2538	7.4657	18	2	2	2	
46	Spectrogram 1	1	1661.330186692	1661.617839238	83.811	218.935	9157.DSG_RAWD_HMS_ 4_50_ 0__DMY_23_ 3_11.wav	0.2877	8.1679	18	2	2	2	
47	Spectrogram 1	1	1666.262572105	1667.573929302	68.417	304.456	9158.DSG_RAWD_HMS_ 5_ 0_ 0__DMY_23_ 3_11.wav	1.3114	2.2456	19	3	2	2	
48	Spectrogram 1	1	1691.508237633	1691.846652394	87.232	234.329	9160.DSG_RAWD_HMS_ 5_20_ 0__DMY_23_ 3_11.wav	0.3384	5.5106	18	2	2	2	
49	Spectrogram 1	1	1692.371195272	1692.684228926	83.811	230.908	9160.DSG_RAWD_HMS_ 5_20_ 0__DMY_23_ 3_11.wav	0.3130	6.3736	18	2	2	2	
50	Spectrogram 1	1	1759.630927864	1760.849221002	59.865	306.167	9167.DSG_RAWD_HMS_ 6_30_ 0__DMY_23_ 3_11.wav	1.2183	8.5054	19	3	2	2	
51	Spectrogram 1	1	1760.984586906	1761.255318714	82.101	230.908	9167.DSG_RAWD_HMS_ 6_30_ 0__DMY_23_ 3_11.wav	0.2707	9.8591	18	2	2	2	
52	Spectrogram 1	1	1761.627574951	1761.830623807	80.390	222.356	9167.DSG_RAWD_HMS_ 6_30_ 0__DMY_23_ 3_11.wav	0.2030	10.5021	18	2	2	2	
53	Spectrogram 1	1	1815.926059426	1816.179870496	99.205	213.803	9172.DSG_RAWD_HMS_ 7_20_ 0__DMY_23_ 3_11.wav	0.2538	10.5274	18	2	2	2	
54	Spectrogram 1	1	1818.083443804	1818.278032292	11.973	461.816	9173.DSG_RAWD_HMS_ 7_30_ 0__DMY_23_ 3_11.wav	0.1946	1.8301	3	1	2	2	
55	Spectrogram 1	1	1823.362689495	1823.650342042	8.552	419.055	9173.DSG_RAWD_HMS_ 7_30_ 0__DMY_23_ 3_11.wav	0.2877	7.1093	3	1	2	2	
56	Spectrogram 1	1	1882.813533838	1885.343184172	44.471	378.005	9179.DSG_RAWD_HMS_ 8_30_ 0__DMY_23_ 3_11.wav	2.5297	1.4323	17	3	2	2	
57	Spectrogram 1	1	1973.153091372	1975.318945838	44.471	340.375	9187.DSG_RAWD_HMS_ 9_50_ 0__DMY_23_ 3_11.wav	2.1659	3.8493	19	3	2	2	
58	Spectrogram 1	1	1984.912967089	1986.368150559	44.471	318.140	9188.DSG_RAWD_HMS_10_ 0_ 0__DMY_23_ 3_11.wav	1.4552	4.7545	17	3	2	2	
59	Spectrogram 1	1	2028.805237045	2030.184277194	49.602	302.746	9192.DSG_RAWD_HMS_10_40_ 0__DMY_23_ 3_11.wav	1.3790	5.2282	17	3	2	2	
60	Spectrogram 1	1	2148.214382542	2153.806686458	37.629	362.611	9203.DSG_RAWD_HMS_12_30_ 0__DMY_23_ 3_11.wav	5.5923	5.2363	10	2	1	2	
61	Spectrogram 1	1	2168.874505407	2170.092798544	59.865	321.560	9205.DSG_RAWD_HMS_12_50_ 0__DMY_23_ 3_11.wav	1.2183	4.1871	19	3	2	2	
62	Spectrogram 1	1	2170.126640020	2170.397371828	75.259	224.066	9205.DSG_RAWD_HMS_12_50_ 0__DMY_23_ 3_11.wav	0.2707	5.4392	18	2	2	2	
63	Spectrogram 1	1	2173.020060753	2174.619070496	37.629	307.877	9205.DSG_RAWD_HMS_12_50_ 0__DMY_23_ 3_11.wav	1.5990	8.3326	9	3	2	2	
64	Spectrogram 1	1	2255.085277278	2256.405094844	29.077	307.877	9213.DSG_RAWD_HMS_14_10_ 0__DMY_23_ 3_11.wav	1.3198	3.5607	9	3	2	2	
65	Spectrogram 1	1	2285.356352700	2286.989203919	37.629	348.927	9216.DSG_RAWD_HMS_14_40_ 0__DMY_23_ 3_11.wav	1.6329	1.2679	9	1	2	2	
66	Spectrogram 1	1	2328.055650788	2329.265483556	35.919	138.545	9220.DSG_RAWD_HMS_15_20_ 0__DMY_23_ 3_11.wav	1.2098	0.5486	1	3	2	2	
67	Spectrogram 1	1	2403.547189994	2405.484614497	54.734	366.032	9227.DSG_RAWD_HMS_16_30_ 0__DMY_23_ 3_11.wav	1.9374	0.0576	17	3	1	2	
68	Spectrogram 1	1	2464.948044383	2466.623197447	34.209	295.904	9232.DSG_RAWD_HMS_17_20_ 0__DMY_23_ 3_11.wav	1.6752	7.1852	19	3	2	2	
69	Spectrogram 1	1	2548.942216083	2550.431241029	32.498	297.614	9240.DSG_RAWD_HMS_18_40_ 0__DMY_23_ 3_11.wav	1.4890	4.3423	9	3	2	2	
70	Spectrogram 1	1	2561.404282290	2563.375548269	46.182	292.483	9241.DSG_RAWD_HMS_18_50_ 0__DMY_23_ 3_11.wav	1.9713	5.9496	9	2	2	2	
71	Spectrogram 1	1	2569.551588033	2570.888326336	49.602	283.931	9242.DSG_RAWD_HMS_19_ 0_ 0__DMY_23_ 3_11.wav	1.3367	3.2423	19	3	2	2	
72	Spectrogram 1	1	2580.956128980	2582.470535032	44.471	283.931	9243.DSG_RAWD_HMS_19_10_ 0__DMY_23_ 3_11.wav	1.5144	3.7922	19	3	2	2	
73	Spectrogram 1	1	2595.567104859	2597.166114602	47.892	314.719	9244.DSG_RAWD_HMS_19_20_ 0__DMY_23_ 3_11.wav	1.5990	7.5486	17	3	2	2	
74	Spectrogram 1	1	2603.062959484	2604.247411146	30.788	350.638	9245.DSG_RAWD_HMS_19_30_ 0__DMY_23_ 3_11.wav	1.1845	4.1897	19	3	2		
75	Spectrogram 1	1	2604.272792253	2604.611207013	47.892	230.908	9245.DSG_RAWD_HMS_19_30_ 0__DMY_23_ 3_11.wav	0.3384	5.3996	18	2	2	2	
76	Spectrogram 1	1	2604.975002881	2605.271115796	51.313	224.066	9245.DSG_RAWD_HMS_19_30_ 0__DMY_23_ 3_11.wav	0.2961	6.1018	18	2	2	2	
77	Spectrogram 1	1	2610.423445989	2610.651875952	68.417	213.803	9246.DSG_RAWD_HMS_19_40_ 0__DMY_23_ 3_11.wav	0.2284	0.6956	18	3	2	2	
78	Spectrogram 1	1	2610.880305915	2611.151037723	47.892	210.383	9246.DSG_RAWD_HMS_19_40_ 0__DMY_23_ 3_11.wav	0.2707	1.1524	18	3	2	2	
79	Spectrogram 1	1	2644.780851304	2646.481385475	39.340	338.665	9249.DSG_RAWD_HMS_20_10_ 0__DMY_23_ 3_11.wav	1.7005	2.4891	9	2	2	2	
80	Spectrogram 1	1	2648.274983705	2649.577880532	46.182	340.375	9249.DSG_RAWD_HMS_20_10_ 0__DMY_23_ 3_11.wav	1.3029	5.9832	19	3	2	2	
