Selection	View	Channel	Begin Time (s)	End Time (s)	Low Freq (Hz)	High Freq (Hz)	Begin File	Delta Time (s)	File Offset (s)	call variant	level	call cutoff @ end	calls overlap	Notes
1	Spectrogram 1	1	4.247355164	5.654956490	30.788	313.008	8751.DSG_RAWD_HMS_19_40_ 0__DMY_28_ 5_11.wav	1.4076	4.2474	19	3	2	2	
2	Spectrogram 1	1	5.679477913	7.348958555	29.077	427.607	8751.DSG_RAWD_HMS_19_40_ 0__DMY_28_ 5_11.wav	1.6695	5.6795	19	3	2	2	
3	Spectrogram 1	1	11.391671525	14.877939925	30.788	379.715	8752.DSG_RAWD_HMS_19_50_ 0__DMY_28_ 5_11.wav	3.4863	0.5370	17	2	2	2	
4	Spectrogram 1	1	28.471035661	29.477634283	42.761	359.190	8753.DSG_RAWD_HMS_20_ 0_ 0__DMY_28_ 5_11.wav	1.0066	6.7618	19	3	2	2	
5	Spectrogram 1	1	59.061700524	61.484084201	35.919	374.584	8756.DSG_RAWD_HMS_20_30_ 0__DMY_28_ 5_11.wav	2.4224	4.7885	17	3	2	2	
6	Spectrogram 1	1	92.794902612	93.956992079	25.656	369.452	8759.DSG_RAWD_HMS_21_ 0_ 0__DMY_28_ 5_11.wav	1.1621	5.9577	19	3	2	2	
7	Spectrogram 1	1	104.497600398	105.651506136	30.788	364.321	8760.DSG_RAWD_HMS_21_10_ 0__DMY_28_ 5_11.wav	1.1539	6.8058	19	3	2	2	
8	Spectrogram 1	1	427.597243063	429.201253876	41.050	309.587	8792.DSG_RAWD_HMS_ 2_30_ 0__DMY_29_ 5_11.wav	1.6040	3.1807	17	2	2	2	
9	Spectrogram 1	1	502.989171742	504.143077480	42.761	323.271	8799.DSG_RAWD_HMS_ 3_40_ 0__DMY_29_ 5_11.wav	1.1539	2.5901	19	3	2		
10	Spectrogram 1	1	839.712086615	843.599357718	46.182	427.607	8833.DSG_RAWD_HMS_ 9_20_ 0__DMY_29_ 5_11.wav	3.8873	2.0049	17	3	2	2	
11	Spectrogram 1	1	952.894118838	953.794328988	66.707	379.715	8844.DSG_RAWD_HMS_11_10_ 0__DMY_29_ 5_11.wav	0.9002	6.6405	19	3	2	2	
12	Spectrogram 1	1	954.555415751	954.841846254	82.101	242.881	8844.DSG_RAWD_HMS_11_10_ 0__DMY_29_ 5_11.wav	0.2864	8.3018	18	2	2	2	
13	Spectrogram 1	1	1008.564197151	1011.477604546	53.023	371.163	8849.DSG_RAWD_HMS_12_ 0_ 0__DMY_29_ 5_11.wav	2.9134	8.0374	17	3	2	2	
14	Spectrogram 1	1	1028.793022385	1031.477285379	37.629	367.742	8851.DSG_RAWD_HMS_12_20_ 0__DMY_29_ 5_11.wav	2.6843	6.2855	17	3	2	2	
15	Spectrogram 1	1	1034.218834473	1036.387522562	41.050	345.506	8852.DSG_RAWD_HMS_12_30_ 0__DMY_29_ 5_11.wav	2.1687	0.0426	17	3	1	2	
16	Spectrogram 1	1	1085.470031391	1086.623937129	39.340	270.248	8856.DSG_RAWD_HMS_13_10_ 0__DMY_29_ 5_11.wav	1.1539	7.6039	19	3	2	2	
17	Spectrogram 1	1	1132.264393051	1134.809532658	39.340	480.630	8861.DSG_RAWD_HMS_14_ 0_ 0__DMY_29_ 5_11.wav	2.5451	0.1250	17	3	2	2	
18	Spectrogram 1	1	1159.900730348	1162.625911985	25.656	388.267	8863.DSG_RAWD_HMS_14_20_ 0__DMY_29_ 5_11.wav	2.7252	6.0521	17	3	2	2	
19	Spectrogram 1	1	1187.433013665	1188.333223815	37.629	408.792	8866.DSG_RAWD_HMS_14_50_ 0__DMY_29_ 5_11.wav	0.9002	1.0204	19	3	2	2	
20	Spectrogram 1	1	1188.455979745	1188.676940418	76.969	259.985	8866.DSG_RAWD_HMS_14_50_ 0__DMY_29_ 5_11.wav	0.2210	2.0434	18	2	2	2	
21	Spectrogram 1	1	1188.938819735	1189.143412951	85.521	261.695	8866.DSG_RAWD_HMS_14_50_ 0__DMY_29_ 5_11.wav	0.2046	2.5262	18	2	2	2	
22	Spectrogram 1	1	1225.910204154	1227.064109892	66.707	283.931	8869.DSG_RAWD_HMS_15_20_ 0__DMY_29_ 5_11.wav	1.1539	6.9337	19	3	2	2	
23	Spectrogram 1	1	1249.233727886	1250.027549564	51.313	277.089	8871.DSG_RAWD_HMS_15_40_ 0__DMY_29_ 5_11.wav	0.7938	8.5479	19	3	2	2	
24	Spectrogram 1	1	1262.425845392	1264.782759240	37.629	326.692	8874.DSG_RAWD_HMS_16_10_ 0__DMY_29_ 5_11.wav	2.3569	0.0307	17	2	1	2	
25	Spectrogram 1	1	1278.130336828	1279.145119180	58.155	331.823	8875.DSG_RAWD_HMS_16_20_ 0__DMY_29_ 5_11.wav	1.0148	4.8805	19	3	2	2	
26	Spectrogram 1	1	1329.794034865	1330.702428744	59.865	311.298	8881.DSG_RAWD_HMS_17_20_ 0__DMY_29_ 5_11.wav	0.9084	1.9997	19	3	2	2	
27	Spectrogram 1	1	1345.359450071	1346.587009366	35.919	408.792	8882.DSG_RAWD_HMS_17_30_ 0__DMY_29_ 5_11.wav	1.2276	6.7105	19	2	2	2	
28	Spectrogram 1	1	1366.800754235	1368.011946074	47.892	386.557	8885.DSG_RAWD_HMS_18_ 0_ 0__DMY_29_ 5_11.wav	1.2112	6.4425	19	3	2	2	
29	Spectrogram 1	1	1377.267706235	1378.077895370	68.417	352.348	8886.DSG_RAWD_HMS_18_10_ 0__DMY_29_ 5_11.wav	0.8102	6.0548	19	3	2	2	
30	Spectrogram 1	1	1495.743201533	1496.602493040	59.865	330.113	8897.DSG_RAWD_HMS_20_ 0_ 0__DMY_29_ 5_11.wav	0.8593	5.1292	19	3	2	2	
31	Spectrogram 1	1	1536.056133583	1537.177304407	68.417	360.900	8901.DSG_RAWD_HMS_20_40_ 0__DMY_29_ 5_11.wav	1.1212	2.0235	19	3	2	2	
32	Spectrogram 1	1	1567.767988721	1569.813920881	61.575	398.530	8904.DSG_RAWD_HMS_21_10_ 0__DMY_29_ 5_11.wav	2.0459	1.1715	17	3	2	2	
33	Spectrogram 1	1	1594.283188131	1595.158847095	32.498	321.560	8908.DSG_RAWD_HMS_21_50_ 0__DMY_29_ 5_11.wav	0.8757	5.9773	19	3	2	2	
34	Spectrogram 1	1	2050.556859301	2051.931725713	29.077	389.978	8951.DSG_RAWD_HMS_ 5_ 0_ 0__DMY_30_ 5_11.wav	1.3749	5.5419	19	2	2	2	
35	Spectrogram 1	1	2052.029930456	2054.951521580	53.023	350.638	8951.DSG_RAWD_HMS_ 5_ 0_ 0__DMY_30_ 5_11.wav	2.9216	7.0150	17	2	2	2	
36	Spectrogram 1	1	2360.479569037	2363.221118131	39.340	388.267	8981.DSG_RAWD_HMS_10_ 0_ 0__DMY_30_ 5_11.wav	2.7415	0.6799	17	2	2	2	
37	Spectrogram 1	1	2389.669372547	2390.831462014	54.734	348.927	8983.DSG_RAWD_HMS_10_20_ 0__DMY_30_ 5_11.wav	1.1621	8.1605	19	2	2	2	
38	Spectrogram 1	1	2550.166355699	2552.204104130	61.575	316.429	8998.DSG_RAWD_HMS_12_50_ 0__DMY_30_ 5_11.wav	2.0377	5.8378	17	3	2	2	
